,x,xdot
1e-06,6.04e-10,0.000607999
6e-06,3.74399e-09,0.000647996
3.1e-05,2.24437e-08,0.000847978
0.000156,1.90932e-07,0.00184781
0.000781,2.90763e-06,0.00684509
0.003906,6.32869e-05,0.0317846
0.019531,0.0015275,0.155308
0.09765599999999999,0.0369539,0.743366
0.22465900000000003,0.186692,1.59205
0.305398,0.33441,2.05629
0.374298,0.488063,2.39322
0.43237600000000004,0.633903,2.61822
0.482821,0.769641,2.75236
0.533266,0.9102950000000001,2.80955
0.573789,1.02388,2.78467
0.614313,1.13496,2.68408
0.649667,1.22727,2.52677
0.68502,1.31281,2.30043
0.720374,1.38911,2.00485
0.755728,1.4538,1.64455
0.786335,1.4987700000000002,1.2878399999999999
0.8169420000000001,1.53231,0.8994989999999999
0.84755,1.5536299999999998,0.491541
0.878157,1.56234,0.07760700000000001
0.9087649999999999,1.55847,-0.328088
0.939372,1.5424799999999999,-0.711915
0.96998,1.5152299999999999,-1.06189
1.0005899999999999,1.4779200000000001,-1.36853
1.0322200000000001,1.4303,-1.6329799999999999
1.0650899999999999,1.3729200000000001,-1.84738
1.0995700000000002,1.30631,-2.0056599999999998
1.13614,1.23098,-2.10264
1.1754799999999999,1.14741,-2.13355
1.2186299999999999,1.05597,-2.0933200000000003
1.26739,0.956526,-1.9744400000000002
1.3261,0.8466319999999999,-1.7582200000000001
1.3984,0.731186,-1.4274799999999999
1.47069,0.640945,-1.0669899999999999
1.54298,0.57692,-0.7060069999999999
1.61527,0.5384399999999999,-0.36254899999999995
1.6921,0.523636,-0.0290272
1.77783,0.535419,0.294687
1.8728599999999997,0.5777720000000001,0.583558
1.95482,0.633502,0.765293
2.03678,0.701292,0.8765430000000001
2.10354,0.76122,0.9097780000000001
2.1703,0.821542,0.887993
2.23706,0.878534,0.810026
2.2939599999999998,0.921694,0.7007369999999999
2.35086,0.9576020000000001,0.555956
2.4077599999999997,0.984406,0.381999
2.46466,1.00068,0.187451
2.52156,1.0055399999999999,-0.0175202
2.57845,0.998693,-0.222208
2.63535,0.98045,-0.416562
2.69225,0.951644,-0.592276
2.74982,0.9130209999999999,-0.745149
2.80989,0.8642120000000001,-0.8746889999999999
2.87345,0.8051470000000001,-0.978158
2.94158,0.735737,-1.05398
3.0156099999999997,0.6557189999999999,-1.10251
3.0973900000000003,0.564404,-1.1267
3.18969,0.460004,-1.13299
3.2980099999999997,0.3373,-1.13287
3.44266,0.172567,-1.15034
3.5973699999999997,-0.00968891,-1.2145
3.70855,-0.148763,-1.29112
3.8227,-0.30148600000000003,-1.3859299999999999
3.93685,-0.464975,-1.4748299999999999
4.02349,-0.594779,-1.5159799999999999
4.09439,-0.70249,-1.516
4.16529,-0.8086979999999999,-1.4713399999999999
4.22194,-0.890071,-1.3951799999999999
4.278580000000001,-0.965985,-1.27804
4.33523,-1.03406,-1.1184
4.38358,-1.08418,-0.9503379999999999
4.43193,-1.1255600000000001,-0.7574649999999999
4.48029,-1.15714,-0.5466409999999999
4.52864,-1.17828,-0.326805
4.57699,-1.18877,-0.10819400000000001
4.62535,-1.1889299999999998,0.0986873
4.6737,-1.17957,0.284142
4.72205,-1.16193,0.440216
4.77161,-1.13689,0.56385
4.82404,-1.10483,0.65123
4.8812,-1.0661100000000001,0.695209
4.94638,-1.02081,0.6844020000000001
5.01524,-0.9758389999999999,0.612337
5.08411,-0.937594,0.49151999999999996
5.15297,-0.9089280000000001,0.336542
5.221830000000001,-0.891704,0.161456
5.2907,-0.8868540000000001,-0.0207801
5.35956,-0.894458,-0.198348
5.42842,-0.9138149999999999,-0.36039099999999996
5.4972900000000005,-0.9435049999999999,-0.49686
5.567880000000001,-0.9824809999999999,-0.600605
5.64651,-1.0325600000000001,-0.6629149999999999
5.71265,-1.07676,-0.666038
5.77879,-1.11962,-0.622183
5.83367,-1.15196,-0.551617
5.88855,-1.17967,-0.45385200000000003
5.94342,-1.20139,-0.334721
5.9983,-1.21615,-0.20188699999999998
6.05318,-1.22346,-0.0642
6.10806,-1.22328,0.06917260000000001
6.16294,-1.2161,0.189694
6.21781,-1.20282,0.290299
6.27269,-1.18469,0.36598800000000004
6.3304599999999995,-1.16196,0.415839
6.39464,-1.13446,0.434996
6.46635,-1.10374,0.41488400000000003
6.54156,-1.0745799999999999,0.355079
6.60573,-1.05406,0.28133400000000003
6.669910000000001,-1.03873,0.194972
6.734089999999999,-1.02914,0.103708
6.79827,-1.0253700000000001,0.014702000000000002
6.86245,-1.0270700000000001,-0.06570880000000001
6.928660000000001,-1.03378,-0.134021
6.99898,-1.04515,-0.185293
7.077719999999999,-1.06103,-0.21243800000000002
7.161060000000001,-1.07866,-0.204521
7.23095,-1.0919,-0.170325
7.30085,-1.1019700000000001,-0.114846
7.37075,-1.10759,-0.0436719
7.44065,-1.1078700000000001,0.0363461
7.51054,-1.10247,0.11791199999999999
7.580439999999999,-1.09151,0.194168
7.650339999999999,-1.07558,0.259474
7.7202399999999995,-1.05559,0.309944
7.79213,-1.03196,0.34437199999999996
7.87142,-1.0038200000000002,0.361834
7.96223,-0.9709450000000001,0.35852399999999995
8.05879,-0.93735,0.334505
8.15535,-0.906741,0.29823299999999997
8.25191,-0.879863,0.258602
8.348469999999999,-0.856663,0.22319099999999997
8.44502,-0.836441,0.197652
8.54913,-0.816659,0.1852
8.66543,-0.794946,0.19184400000000001
8.784289999999999,-0.7706649999999999,0.220123
8.88775,-0.745949,0.259707
8.99121,-0.716561,0.309888
9.094660000000001,-0.681574,0.367444
9.19812,-0.640368,0.42974399999999996
9.30373,-0.591481,0.496554
9.41426,-0.532596,0.569527
9.532110000000001,-0.46068000000000003,0.6519560000000001
9.6612,-0.370238,0.751112
9.81204,-0.24710900000000002,0.8855639999999999
10.0095,-0.0514376,1.1050799999999998
10.1243,0.08395110000000001,1.25759
10.2473,0.24946,1.43382
10.3703,0.43636899999999995,1.5996299999999999
10.4553,0.5760460000000001,1.6832
10.5239,0.692852,1.7132599999999998
10.584000000000001,0.795667,1.69851
10.6442,0.8961450000000001,1.63381
10.6945,0.976017,1.53443
10.7448,1.04977,1.39022
10.7951,1.11513,1.20108
10.839,1.16359,1.00239
10.8829,1.20274,0.777949
10.9268,1.2316200000000002,0.535713
10.9707,1.24965,0.285573
11.0146,1.25673,0.0385091
11.0584,1.25324,-0.194465
11.1023,1.2400200000000001,-0.403363
11.1462,1.2183,-0.58011
11.1915,1.18864,-0.72287
11.2393,1.15145,-0.826416
11.2908,1.1071600000000001,-0.8837700000000001
11.3486,1.05569,-0.885135
11.4125,1.00091,-0.8194049999999999
11.4809,0.949109,-0.68714
11.5492,0.908011,-0.5093310000000001
11.6176,0.8801120000000001,-0.303736
11.6859,0.8667590000000001,-0.08616460000000001
11.7543,0.868287,0.129478
11.8226,0.8841319999999999,0.330753
11.890999999999998,0.9129139999999999,0.506208
11.9593,0.9525,0.645131
12.0356,1.00593,0.7450640000000001
12.1029,1.0574700000000001,0.776407
12.1615,1.1026,0.756375
12.2202,1.14525,0.691906
12.2714,1.17849,0.601475
12.3226,1.20638,0.483706
12.3738,1.22767,0.345028
12.425,1.2415,0.193591
12.4762,1.2474399999999999,0.038593300000000004
12.5274,1.24555,-0.11059200000000001
12.5786,1.2363600000000001,-0.24532600000000002
12.6298,1.22079,-0.358507
12.681,1.2001,-0.445111
12.7356,1.17404,-0.5051
12.7956,1.1427100000000001,-0.532246
12.864,1.10657,-0.517079
12.9359,1.0712899999999999,-0.45671000000000006
12.9992,1.04485,-0.375539
13.0624,1.02413,-0.27744
13.1257,1.0099200000000002,-0.171191
13.189,1.00248,-0.0649202
13.2522,1.00156,0.034145800000000004
13.3165,1.00663,0.12103299999999999
13.3839,1.01731,0.191662
13.4573,1.0333299999999999,0.23955
13.5389,1.05375,0.253637
13.610999999999999,1.07142,0.231607
13.6831,1.08643,0.18021800000000002
13.7461,1.0958299999999999,0.11561199999999999
13.8091,1.10073,0.0380449
13.8722,1.10048,-0.0464778
13.9352,1.09485,-0.131735
13.9982,1.08398,-0.211917
14.0612,1.06835,-0.282179
14.1262,1.04803,-0.340549
14.195,1.02298,-0.384481
14.2701,0.9930040000000001,-0.41093999999999997
14.3567,0.957008,-0.416063
14.4498,0.918982,-0.397388
14.5452,0.882692,-0.361329
14.6406,0.850273,-0.317812
14.735999999999999,0.8220129999999999,-0.275434
14.8314,0.797466,-0.24090999999999999
14.9315,0.77462,-0.21811
15.0472,0.749929,-0.212441
15.1667,0.723703,-0.230594
15.2861,0.693951,-0.270889
15.4056,0.6582640000000001,-0.32919499999999996
15.5251,0.614766,-0.400918
15.6445,0.562094,-0.48227200000000003
15.764000000000001,0.49924300000000005,-0.571171
15.8857,0.42382700000000006,-0.6695260000000001
16.0197,0.326234,-0.789506
16.1826,0.184199,-0.9589479999999999
16.3284,0.0316746,-1.13905
16.4455,-0.11120899999999999,-1.3035
16.5653,-0.277977,-1.48056
16.6851,-0.46532299999999993,-1.6408200000000002
16.7638,-0.597594,-1.71335
16.8303,-0.712447,-1.7363099999999998
16.8889,-0.8138529999999999,-1.7146299999999999
16.9475,-0.9125639999999999,-1.64271
16.997,-0.9913629999999999,-1.53659
17.0465,-1.0638100000000001,-1.38575
17.0959,-1.1277,-1.1905700000000001
17.1393,-1.17503,-0.986208
17.1827,-1.2129299999999998,-0.7568729999999999
17.2261,-1.24048,-0.510772
17.2695,-1.2571700000000001,-0.25795799999999997
17.3129,-1.2629299999999999,-0.00944309
17.3563,-1.25821,0.223845
17.3997,-1.24387,0.432108
17.4431,-1.22118,0.607513
17.4881,-1.19045,0.7491869999999999
17.5357,-1.1521700000000001,0.850885
17.5872,-1.10677,0.905466
17.6451,-1.05413,0.9028520000000001
17.7088,-0.998451,0.8321930000000001
17.7772,-0.9459690000000001,0.694425
17.8455,-0.904559,0.5113800000000001
17.9139,-0.8766870000000001,0.301091
17.9822,-0.863658,0.0795145
18.0506,-0.8657549999999999,-0.13936300000000001
18.1189,-0.88236,-0.343041
18.1873,-0.9120370000000001,-0.519999
18.2556,-0.952584,-0.659434
18.3327,-1.00773,-0.759383
18.3991,-1.0594,-0.788161
18.4572,-1.10473,-0.766121
18.5152,-1.14749,-0.6997180000000001
18.5661,-1.18088,-0.6073569999999999
18.617,-1.20884,-0.48760600000000004
18.6679,-1.23015,-0.346946
18.7188,-1.24394,-0.193577
18.7697,-1.24979,-0.036735500000000004
18.8206,-1.24778,0.11417100000000001
18.8715,-1.23842,0.250481
18.9223,-1.22265,0.365071
18.9732,-1.2017200000000001,0.452903
19.0275,-1.17535,0.514008
19.0871,-1.14368,0.542064
19.1551,-1.10701,0.5275340000000001
19.2268,-1.07113,0.46724099999999996
19.29,-1.04407,0.385376
19.3532,-1.0227899999999999,0.286101
19.4163,-1.0081,0.178315
19.4795,-1.00026,0.07025319999999999
19.5427,-0.9990709999999999,-0.030761900000000002
19.6068,-1.0039799999999999,-0.119576
19.674,-1.01458,-0.192212
19.7469,-1.03063,-0.242222
19.8285,-1.0513299999999999,-0.258656
19.91,-1.07165,-0.23317600000000002
19.9757,-1.08551,-0.18490499999999999
20.0414,-1.09551,-0.116524
20.1071,-1.1005200000000002,-0.0339988
20.1728,-1.09982,0.0557433
20.2386,-1.0931899999999999,0.145563
20.3043,-1.08084,0.22889099999999998
20.37,-1.0633700000000001,0.30040100000000003
20.4357,-1.04169,0.35645
20.5055,-1.01526,0.39708499999999997
20.5824,-0.983748,0.419308
20.6709,-0.9464450000000001,0.41896700000000003
20.7653,-0.907884,0.39518600000000004
20.8596,-0.8723420000000001,0.356595
20.954,-0.840766,0.312573
21.0483,-0.813277,0.271171
21.1427,-0.789321,0.238527
21.2446,-0.7662,0.21776399999999999
21.3619,-0.741021,0.215664
21.4819,-0.714051,0.23784
21.6019,-0.683067,0.281942
21.7219,-0.645691,0.343619
21.8418,-0.6000909999999999,0.4183
21.9618,-0.544937,0.502433
22.0818,-0.479217,0.594305
22.2063,-0.398881,0.698277
22.3457,-0.292636,0.828616
22.5256,-0.12623199999999998,1.02759
22.6506,0.0121709,1.1908
22.7649,0.157606,1.35588
22.8792,0.322275,1.5243200000000001
22.9935,0.505171,1.6684400000000001
23.0678,0.631419,1.7261400000000002
23.1316,0.74222,1.73627
23.1955,0.8521129999999999,1.6954200000000001
23.2472,0.9379719999999999,1.61595
23.299,1.01852,1.48927
23.3507,1.09123,1.31326
23.3949,1.1452200000000001,1.1254
23.4391,1.19023,0.9073370000000001
23.4832,1.22505,0.666129
23.5274,1.24888,0.411261
23.5716,1.26136,0.153878
23.6158,1.26262,-0.094274
23.66,1.2533299999999998,-0.322021
23.7042,1.2346,-0.519829
23.7483,1.20794,-0.6805829999999999
23.7945,1.1735200000000001,-0.8042520000000001
23.8436,1.1317700000000002,-0.8846510000000001
23.8976,1.0829799999999998,-0.9137799999999999
23.9593,1.02729,-0.8788870000000001
24.0253,0.9724379999999999,-0.775146
24.0912,0.926219,-0.61979
24.1571,0.891473,-0.42984300000000003
24.2231,0.8699600000000001,-0.220761
24.289,0.862484,-0.00616075
24.3549,0.8690030000000001,0.20192000000000002
24.4208,0.888725,0.392573
24.4868,0.920161,0.555642
24.5561,0.9635229999999999,0.68695
24.633000000000003,1.02007,0.7723939999999999
24.6969,1.0702,0.7878729999999999
24.7608,1.1196,0.749471
24.8135,1.15736,0.677739
24.8662,1.19046,0.572964
24.9189,1.21728,0.440742
24.9716,1.2365700000000002,0.288978
25.0243,1.24757,0.127314
25.076999999999998,1.25,-0.0337817
25.1298,1.24419,-0.184094
25.1825,1.23095,-0.314711
25.2352,1.21149,-0.41884399999999994
25.2879,1.18734,-0.492288
25.3448,1.15792,-0.535389
25.4096,1.12281,-0.540308
25.4796,1.08615,-0.49916099999999997
25.5497,1.05378,-0.420105
25.6197,1.02791,-0.315315
25.6897,1.00993,-0.197074
25.7598,1.0003600000000001,-0.07683569999999999
25.8298,0.998976,0.0352732
25.8998,1.00491,0.130709
25.9699,1.01673,0.202684
26.0443,1.03373,0.24810500000000002
26.1258,1.0546200000000001,0.257658
26.1966,1.07215,0.23206300000000002
26.2675,1.08683,0.178119
26.3384,1.09685,0.101523
26.3998,1.10071,0.0226707
26.4613,1.09953,-0.061684800000000005
26.5227,1.09314,-0.145705
26.5842,1.0817299999999999,-0.224027
26.6468,1.06548,-0.29335900000000004
26.7119,1.0444200000000001,-0.350889
26.7811,1.01854,-0.39352800000000004
26.8569,0.987649,-0.418149
26.9449,0.9505299999999999,-0.420652
27.0386,0.911963,-0.399253
27.1323,0.8762110000000001,-0.362137
27.226,0.8443069999999999,-0.318587
27.3197,0.816462,-0.27669499999999997
27.4134,0.792212,-0.24274
27.5138,0.769104,-0.21998
27.6305,0.743967,-0.21476399999999998
27.7503,0.717353,-0.233767
27.87,0.687092,-0.27510100000000004
27.9897,0.650749,-0.33458000000000004
28.1095,0.606429,-0.407616
28.2292,0.552746,-0.490482
28.3489,0.48866099999999996,-0.581194
28.471999999999998,0.410962,-0.682789
28.6087,0.309272,-0.808349
28.7795,0.15596500000000002,-0.992175
28.9141,0.011206200000000001,-1.16351
29.0299,-0.13300599999999999,-1.3288
29.1471,-0.29896999999999996,-1.50232
29.2643,-0.484443,-1.65535
29.3402,-0.612797,-1.7205099999999998
29.4055,-0.725846,-1.7377900000000002
29.4707,-0.8384370000000001,-1.704
29.523000000000003,-0.925831,-1.6304299999999998
29.5753,-1.00815,-1.5092299999999998
29.6276,-1.0828200000000001,-1.33768
29.671999999999997,-1.1382299999999999,-1.1536799999999998
29.7164,-1.18475,-0.938428
29.7608,-1.22115,-0.698702
29.8051,-1.24654,-0.443828
29.8495,-1.2604899999999999,-0.18493900000000002
29.8939,-1.2630700000000001,0.0660712
29.9383,-1.25491,0.297747
29.9826,-1.23708,0.500185
30.026999999999997,-1.21106,0.665879
30.0729,-1.1773799999999999,0.7936810000000001
30.1217,-1.13635,0.878805
30.1751,-1.08828,0.9136
30.2365,-1.0326899999999999,0.885389
30.302,-0.9775219999999999,0.788071
30.3687,-0.929832,0.635088
30.4354,-0.8936629999999999,0.445263
30.502,-0.870923,0.234729
30.5687,-0.862509,0.017696700000000003
30.6354,-0.8684290000000001,-0.1933
30.701999999999998,-0.8878959999999999,-0.386938
30.7687,-0.919399,-0.552689
30.838,-0.962527,-0.6847770000000001
30.9149,-1.01901,-0.771554
30.979,-1.06926,-0.788145
31.0431,-1.11886,-0.750552
31.0958,-1.15673,-0.679384
31.1486,-1.1899600000000001,-0.575026
31.2014,-1.21692,-0.443046
31.2541,-1.2363600000000001,-0.291344
31.3069,-1.24749,-0.12956700000000002
31.3596,-1.25004,0.0317848
31.4124,-1.24432,0.182455
31.4652,-1.23114,0.31348200000000004
31.5179,-1.21171,0.418029
31.5707,-1.18757,0.49184799999999995
31.6275,-1.15819,0.5352359999999999
31.6923,-1.12313,0.5405300000000001
31.7623,-1.08647,0.49978599999999995
31.8323,-1.05405,0.421063
31.9023,-1.02813,0.316511
31.9722,-1.01006,0.198399
32.0422,-1.0004,0.0781765
32.1122,-0.9989299999999999,-0.0340306
32.1822,-1.00478,-0.129671
32.2522,-1.01654,-0.20194700000000002
32.3266,-1.03346,-0.247741
32.408,-1.05435,-0.257829
32.479,-1.0719299999999998,-0.23261199999999999
32.55,-1.0866799999999999,-0.178902
32.6209,-1.0967799999999999,-0.102394
32.6824,-1.10069,-0.0236257
32.7438,-1.0995700000000002,0.0607148
32.8053,-1.09323,0.144784
32.8668,-1.08188,0.22321100000000002
32.9293,-1.06569,0.292665
32.9944,-1.04467,0.350348
33.0636,-1.01885,0.393175
33.1392,-0.9880129999999999,0.41802
33.2273,-0.9509129999999999,0.42079099999999997
33.3209,-0.9123459999999999,0.399619
33.4145,-0.876575,0.362646
33.5081,-0.844641,0.31914499999999996
33.6018,-0.816762,0.27721399999999996
33.6954,-0.792484,0.24314299999999997
33.7957,-0.769374,0.220203
33.9121,-0.7443,0.214687
34.0317,-0.717733,0.233328
34.1514,-0.687562,0.274327
34.2711,-0.65135,0.333524
34.3907,-0.607196,0.406333
34.5104,-0.553709,0.489012
34.6301,-0.48984799999999995,0.579547
34.753,-0.41247799999999996,0.680845
34.8893,-0.311341,0.805826
35.059,-0.159584,0.987858
35.1949,-0.0139346,1.16031
35.3109,0.130128,1.3256
35.4285,0.296197,1.49965
35.546,0.481917,1.65369
35.6222,0.610771,1.71983
35.6876,0.724067,1.7378900000000002
35.753,0.8369540000000001,1.7048599999999998
35.8054,0.924514,1.6319299999999999
35.8578,1.0070299999999999,1.51132
35.9101,1.08191,1.34026
35.9545,1.1374600000000001,1.15668
35.9989,1.18415,0.941737
36.0433,1.22072,0.702179
36.0877,1.2462799999999998,0.447313
36.1321,1.2603799999999998,0.18827
36.1765,1.26311,-0.06304
36.2209,1.2550700000000001,-0.295132
36.2653,1.2373399999999999,-0.498064
36.3097,1.21139,-0.664285
36.3556,1.1777799999999998,-0.7925260000000001
36.4044,1.13684,-0.8781479999999999
36.4577,1.08884,-0.91354
36.519,1.03326,-0.8860389999999999
36.5845,0.9780639999999999,-0.789404
36.6513,0.9302159999999999,-0.636675
36.718,0.8938950000000001,-0.446859
36.7848,0.871026,-0.236163
36.8515,0.8625139999999999,-0.0188649
36.9183,0.868373,0.192448
36.985,0.887818,0.386405
37.0518,0.919334,0.5524359999999999
37.121,0.962443,0.684592
37.198,1.01892,0.771482
37.2621,1.0691899999999999,0.7881670000000001
37.3262,1.1188,0.7506430000000001
37.379,1.15668,0.6795220000000001
37.4317,1.18992,0.575199
37.4845,1.21689,0.44323999999999997
37.5373,1.23634,0.291542
37.59,1.24748,0.12975699999999998
37.6428,1.25004,-0.031617200000000005
37.6955,1.24433,-0.182317
37.7483,1.23115,-0.313379
37.8011,1.21173,-0.41796000000000005
37.8538,1.18759,-0.49181099999999994
37.9107,1.15821,-0.535224
37.9754,1.12316,-0.5405479999999999
38.0454,1.0865,-0.499838
38.1154,1.05408,-0.42114399999999996
38.1854,1.02815,-0.316612
38.2554,1.01007,-0.19851
38.3254,1.00041,-0.0782888
38.3954,0.998926,0.0339265
38.4653,1.0047700000000002,0.129584
38.5353,1.01652,0.20188499999999998
38.6097,1.03344,0.24771100000000001
38.6911,1.0543200000000001,0.257843
38.7621,1.0719100000000001,0.232657
38.8331,1.08667,0.17896700000000001
38.904,1.09677,0.102466
38.9655,1.10069,0.0237054
39.027,1.0995700000000002,-0.060633900000000004
39.0884,1.09324,-0.144708
39.1499,1.0819,-0.22314299999999998
39.2124,1.0657,-0.292607
39.2775,1.04469,-0.35030300000000003
39.3467,1.01888,-0.39314499999999997
39.4224,0.988043,-0.418009
39.5104,0.950944,-0.42080200000000006
39.604,0.912377,-0.39965
39.6976,0.876605,-0.362688
39.7912,0.844668,-0.31919200000000003
39.8849,0.816787,-0.27725700000000003
39.9785,0.792506,-0.243177
40.0788,0.769397,-0.22022199999999997
40.1951,0.7443270000000001,-0.21468099999999998
40.3148,0.7177640000000001,-0.233292
40.4344,0.687601,-0.27426300000000003
40.5541,0.6514,-0.333436
40.6738,0.60726,-0.406227
40.7934,0.5537890000000001,-0.48889099999999996
40.9131,0.489946,-0.579411
41.036,0.412603,-0.6806840000000001
41.1723,0.311512,-0.8056180000000001
41.3419,0.159881,-0.987504
41.4779,0.014156899999999998,-1.16005
41.5939,-0.129893,-1.32534
41.7115,-0.295971,-1.4994399999999999
41.8291,-0.481712,-1.65355
41.9053,-0.610607,-1.71977
41.9707,-0.7239220000000001,-1.7379
42.0362,-0.836834,-1.7049299999999998
42.0885,-0.924407,-1.63205
42.1409,-1.00694,-1.51149
42.1933,-1.0818299999999998,-1.34047
42.2377,-1.1374,-1.15693
42.2821,-1.18411,-0.942005
42.3265,-1.22069,-0.702461
42.3709,-1.2462600000000001,-0.447596
42.4153,-1.26037,-0.18854100000000001
42.4597,-1.26312,0.0627941
42.5041,-1.25508,0.29491999999999996
42.5485,-1.23736,0.497892
42.5929,-1.21141,0.6641560000000001
42.6388,-1.17782,0.792432
42.6875,-1.13688,0.8780950000000001
42.7408,-1.0888799999999998,0.913535
42.8022,-1.03331,0.886091
42.8677,-0.978108,0.789511
42.9344,-0.9302469999999999,0.636804
43.0012,-0.893914,0.446988
43.0679,-0.871034,0.236279
43.1347,-0.8625149999999999,0.018958700000000002
43.2014,-0.8683690000000001,-0.19238
43.2682,-0.887812,-0.386363
43.3349,-0.9193290000000001,-0.552417
43.4042,-0.9624370000000001,-0.684578
43.4812,-1.01891,-0.7714770000000001
43.5453,-1.06918,-0.788169
43.6094,-1.11879,-0.75065
43.6621,-1.15668,-0.6795329999999999
43.7149,-1.18992,-0.575212
43.7677,-1.21689,-0.443255
43.8204,-1.23634,-0.291557
43.8732,-1.24748,-0.129771
43.926,-1.25004,0.031604200000000006
43.9787,-1.24433,0.182307
44.0315,-1.23115,0.313371
44.0843,-1.21173,0.417955
44.137,-1.18759,0.49180799999999997
44.1939,-1.15821,0.535223
44.2586,-1.12316,0.54055
44.3286,-1.0865,0.49984300000000004
44.3986,-1.05408,0.42115
44.4686,-1.02815,0.316619
44.5386,-1.01007,0.198519
44.6085,-1.00041,0.0782975
44.6785,-0.998926,-0.0339184
44.7485,-1.0047700000000002,-0.129578
44.8185,-1.01652,-0.20188
44.8929,-1.03344,-0.24770799999999998
44.9743,-1.0543200000000001,-0.257844
45.0453,-1.0719100000000001,-0.232661
45.1163,-1.08667,-0.178972
45.1872,-1.09677,-0.10247200000000001
45.2487,-1.10069,-0.0237116
45.3102,-1.0995700000000002,0.0606276
45.3716,-1.09324,0.144702
45.4331,-1.0819,0.223138
45.4956,-1.0657,0.292602
45.5607,-1.04469,0.3503
45.6299,-1.01888,0.39314299999999996
45.7055,-0.9880459999999999,0.418008
45.7935,-0.950947,0.420803
45.8872,-0.91238,0.399652
45.9808,-0.8766079999999999,0.362691
46.0744,-0.844671,0.319196
46.168,-0.816789,0.27726100000000004
46.2617,-0.792508,0.24318
46.361999999999995,-0.7693979999999999,0.22022399999999998
46.4783,-0.744329,0.21468099999999998
46.598,-0.717766,0.233289
46.7176,-0.687604,0.274258
46.8373,-0.651404,0.333429
46.9569,-0.6072649999999999,0.40621799999999997
47.0766,-0.553795,0.48888100000000007
47.1963,-0.489954,0.5794
47.3192,-0.412613,0.680671
47.4554,-0.311525,0.805602
47.6251,-0.159904,0.987476
47.7611,-0.014174100000000002,1.16003
47.8771,0.129875,1.32532
47.9947,0.295954,1.49942
48.1122,0.481696,1.6535400000000002
48.1885,0.610594,1.71977
48.2539,0.723911,1.7379
48.3193,0.836825,1.7049400000000001
48.3717,0.924399,1.63206
48.4241,1.0069299999999999,1.5115
48.4764,1.0818299999999998,1.34049
48.5208,1.1374,1.1569399999999999
48.5652,1.1841,0.942026
48.6096,1.22069,0.702483
48.653999999999996,1.2462600000000001,0.447618
48.6984,1.26037,0.18856199999999998
48.7428,1.26312,-0.06277519999999999
48.7873,1.25508,-0.294904
48.8317,1.23736,-0.497879
48.8761,1.2114200000000002,-0.664146
48.9219,1.17782,-0.792424
48.9707,1.13688,-0.8780899999999999
49.023999999999994,1.0888799999999998,-0.913535
49.0854,1.03331,-0.8860950000000001
49.1509,0.9781110000000001,-0.78952
49.2176,0.930249,-0.636814
49.2844,0.8939159999999999,-0.44699799999999995
49.3511,0.871035,-0.236288
49.4179,0.8625149999999999,-0.018966
49.4846,0.8683690000000001,0.192375
49.5514,0.887812,0.38636
49.6181,0.9193290000000001,0.552415
49.6874,0.9624360000000001,0.684577
49.7644,1.01891,0.771476
49.8285,1.06918,0.788169
49.8926,1.11879,0.7506510000000001
49.9453,1.15668,0.679534
49.9981,1.18991,0.575213
50.0509,1.21689,0.44325600000000004
50.1036,1.23634,0.291559
50.1564,1.24748,0.129772
50.2091,1.25004,-0.0316032
50.2619,1.24433,-0.182306
50.3147,1.23115,-0.31337
50.3674,1.21173,-0.417955
50.4202,1.18759,-0.49180799999999997
50.4771,1.15821,-0.535223
50.5418,1.12316,-0.54055
50.6118,1.0865,-0.49984300000000004
50.6818,1.05408,-0.42115
50.7518,1.02815,-0.31661999999999996
50.8217,1.01007,-0.19852
50.8917,1.00041,-0.0782982
50.9617,0.998926,0.033917800000000005
51.0317,1.0047700000000002,0.129577
51.1017,1.01652,0.20188
51.176,1.03344,0.24770799999999998
51.2575,1.0543200000000001,0.257844
51.3285,1.0719100000000001,0.232661
51.3994,1.08667,0.178973
51.4704,1.09677,0.10247200000000001
51.5319,1.10069,0.023712099999999996
51.5933,1.0995700000000002,-0.060627099999999996
51.6548,1.09324,-0.144701
51.7163,1.0819,-0.223137
51.7788,1.0657,-0.292602
51.8439,1.04469,-0.35029899999999997
51.913000000000004,1.01888,-0.39314299999999996
51.9887,0.9880459999999999,-0.418008
52.0767,0.950947,-0.420803
52.1704,0.91238,-0.399652
52.263999999999996,0.8766079999999999,-0.362692
52.3576,0.844671,-0.319196
52.4512,0.816789,-0.27726100000000004
52.5448,0.792508,-0.24318
52.6451,0.7693989999999999,-0.22022399999999998
52.7615,0.744329,-0.21468099999999998
52.8811,0.717766,-0.233289
53.0008,0.687604,-0.274258
53.1205,0.651404,-0.333429
53.2401,0.6072649999999999,-0.40621799999999997
53.3598,0.553795,-0.48888000000000004
53.4795,0.489954,-0.5794
53.6024,0.412613,-0.68067
53.7386,0.311526,-0.805601
53.9083,0.159906,-0.987474
54.0443,0.014175499999999999,-1.16003
54.1603,-0.129874,-1.32532
54.2779,-0.295952,-1.49942
54.3954,-0.481695,-1.6535400000000002
54.4717,-0.610593,-1.71977
54.5371,-0.72391,-1.7379
54.6025,-0.836824,-1.7049400000000001
54.6549,-0.9243979999999999,-1.63206
54.7073,-1.0069299999999999,-1.5115100000000001
54.7596,-1.0818299999999998,-1.34049
54.803999999999995,-1.1374,-1.15695
54.8484,-1.1841,-0.9420280000000001
54.8928,-1.22069,-0.702485
54.9372,-1.2462600000000001,-0.44761899999999993
54.9816,-1.26037,-0.188563
55.026,-1.26312,0.0627737
55.0704,-1.25508,0.294902
55.1148,-1.23736,0.497878
55.1592,-1.2114200000000002,0.664145
55.2051,-1.17782,0.792424
55.2539,-1.13688,0.8780899999999999
55.3072,-1.08889,0.913535
55.3685,-1.03331,0.8860950000000001
55.434,-0.9781110000000001,0.78952
55.5008,-0.93025,0.636814
55.5675,-0.8939159999999999,0.446999
55.6343,-0.871035,0.236289
55.7011,-0.8625149999999999,0.0189666
55.7678,-0.8683690000000001,-0.192374
55.8346,-0.887812,-0.386359
55.9013,-0.9193290000000001,-0.552415
55.9706,-0.9624360000000001,-0.684577
56.0475,-1.01891,-0.771476
56.1116,-1.06918,-0.788169
56.1757,-1.11879,-0.7506510000000001
56.2285,-1.15668,-0.679534
56.2813,-1.18991,-0.575213
56.333999999999996,-1.21689,-0.44325600000000004
56.3868,-1.23634,-0.291559
56.4396,-1.24748,-0.129772
56.4923,-1.25004,0.0316032
56.5451,-1.24433,0.182306
56.5979,-1.23115,0.31337
56.6506,-1.21173,0.417955
56.7034,-1.18759,0.49180799999999997
56.7602,-1.15821,0.535223
56.825,-1.12316,0.54055
56.895,-1.0865,0.49984300000000004
56.9649,-1.05408,0.42115
57.0349,-1.02815,0.31661999999999996
57.1049,-1.01007,0.19852
57.1749,-1.00041,0.0782982
57.2449,-0.998926,-0.033917800000000005
57.3149,-1.0047700000000002,-0.129577
57.3849,-1.01652,-0.20188
57.4592,-1.03344,-0.24770799999999998
57.5407,-1.0543200000000001,-0.257844
57.6117,-1.0719100000000001,-0.232661
57.6826,-1.08667,-0.178973
57.7536,-1.09677,-0.10247200000000001
57.8151,-1.10069,-0.023712099999999996
57.8765,-1.0995700000000002,0.060627099999999996
57.938,-1.09324,0.144701
57.9995,-1.0819,0.223137
58.062,-1.0657,0.292602
58.1271,-1.04469,0.35029899999999997
58.1962,-1.01888,0.39314299999999996
58.2719,-0.9880459999999999,0.418008
58.3599,-0.950947,0.420803
58.4535,-0.91238,0.399652
58.5472,-0.8766079999999999,0.362692
58.6408,-0.844671,0.319196
58.7344,-0.816789,0.27726100000000004
58.828,-0.792508,0.24318
58.9283,-0.7693989999999999,0.22022399999999998
59.0447,-0.744329,0.21468099999999998
59.1643,-0.717766,0.233289
59.284,-0.687604,0.274258
59.4037,-0.651404,0.333429
59.5233,-0.6072649999999999,0.40621799999999997
59.643,-0.553795,0.48888000000000004
59.7626,-0.489954,0.5794
59.8855,-0.412613,0.68067
60.0218,-0.311526,0.8056
60.1915,-0.159906,0.987474
60.3274,-0.0141756,1.16003
60.4435,0.129874,1.32532
60.56100000000001,0.295952,1.49942
60.6786,0.481695,1.6535400000000002
60.7549,0.610593,1.71977
60.8203,0.72391,1.7379
60.8857,0.836824,1.7049400000000001
60.9381,0.9243979999999999,1.63206
60.9904,1.0069299999999999,1.5115100000000001
61.0428,1.0818299999999998,1.34049
61.0872,1.1374,1.15695
61.1316,1.1841,0.9420280000000001
61.176,1.22069,0.702485
61.2204,1.2462600000000001,0.44761899999999993
61.2648,1.26037,0.188563
61.3092,1.26312,-0.0627736
61.3536,1.25508,-0.294902
61.398,1.23736,-0.497878
61.4424,1.2114200000000002,-0.664145
61.4883,1.17782,-0.792424
61.5371,1.13688,-0.8780899999999999
61.5904,1.08889,-0.913535
61.6517,1.03331,-0.8860950000000001
61.7172,0.9781110000000001,-0.78952
61.784,0.93025,-0.6368149999999999
61.8507,0.8939159999999999,-0.446999
61.9175,0.871035,-0.236289
61.9842,0.8625149999999999,-0.0189666
62.051,0.8683690000000001,0.192374
62.1177,0.887812,0.386359
62.1845,0.9193290000000001,0.552415
62.2538,0.9624360000000001,0.684577
62.3307,1.01891,0.771476
62.3948,1.06918,0.788169
62.4589,1.11879,0.7506510000000001
62.5117,1.15668,0.679534
62.5645,1.18991,0.575213
62.6172,1.21689,0.44325600000000004
62.67,1.23634,0.291559
62.7228,1.24748,0.129772
62.7755,1.25004,-0.0316031
62.8283,1.24433,-0.182306
62.881,1.23115,-0.31337
62.9338,1.21173,-0.417955
62.9866,1.18759,-0.49180799999999997
63.0434,1.15821,-0.535223
63.1081,1.12316,-0.54055
63.1781,1.0865,-0.49984300000000004
63.2481,1.05408,-0.42115
63.3181,1.02815,-0.31661999999999996
63.3881,1.01007,-0.19852
63.4581,1.00041,-0.0782982
63.5281,0.998926,0.033917800000000005
63.5981,1.0047700000000002,0.129577
63.6681,1.01652,0.20188
63.7424,1.03344,0.24770799999999998
63.8239,1.0543200000000001,0.257844
63.8948,1.0719100000000001,0.232661
63.9658,1.08667,0.178973
64.0368,1.09677,0.10247200000000001
64.0982,1.10069,0.023712099999999996
64.1597,1.0995700000000002,-0.060627099999999996
64.2212,1.09324,-0.144701
64.2826,1.0819,-0.223137
64.3452,1.0657,-0.292602
64.4103,1.04469,-0.35029899999999997
64.4794,1.01888,-0.39314299999999996
64.5551,0.9880459999999999,-0.418008
64.6431,0.950947,-0.420803
64.7367,0.91238,-0.399652
64.8303,0.8766079999999999,-0.362692
64.92399999999999,0.844671,-0.319196
65.0176,0.816789,-0.27726100000000004
65.1112,0.792508,-0.24318
65.2115,0.7693989999999999,-0.22022399999999998
65.3279,0.744329,-0.21468099999999998
65.4475,0.717766,-0.233289
65.5672,0.687604,-0.274258
65.6868,0.651404,-0.333429
65.8065,0.6072649999999999,-0.40621799999999997
65.9262,0.553795,-0.48888000000000004
66.0458,0.489954,-0.5794
66.1687,0.412613,-0.68067
66.305,0.311526,-0.8056
66.4746,0.159906,-0.987474
66.6106,0.0141756,-1.16003
66.7267,-0.129874,-1.32532
66.8442,-0.295952,-1.49942
66.9618,-0.481695,-1.6535400000000002
67.0381,-0.610593,-1.71977
67.1035,-0.72391,-1.7379
67.1689,-0.836824,-1.7049400000000001
67.2213,-0.9243979999999999,-1.63206
67.2736,-1.0069299999999999,-1.5115100000000001
67.32600000000001,-1.0818299999999998,-1.34049
67.3704,-1.1374,-1.15695
67.4148,-1.1841,-0.9420280000000001
67.4592,-1.22069,-0.702485
67.5036,-1.2462600000000001,-0.44761899999999993
67.548,-1.26037,-0.188563
67.5924,-1.26312,0.0627736
67.6368,-1.25508,0.294902
67.6812,-1.23736,0.497878
67.7256,-1.2114200000000002,0.664145
67.7715,-1.17782,0.792424
67.8203,-1.13688,0.8780899999999999
67.8735,-1.08889,0.913535
67.9349,-1.03331,0.8860950000000001
68.0004,-0.9781110000000001,0.78952
68.0672,-0.93025,0.6368149999999999
68.1339,-0.8939159999999999,0.446999
68.2007,-0.871035,0.236289
68.2674,-0.8625149999999999,0.0189666
68.3342,-0.8683690000000001,-0.192374
68.4009,-0.887812,-0.386359
68.4677,-0.9193290000000001,-0.552415
68.53699999999999,-0.9624360000000001,-0.684577
68.6139,-1.01891,-0.771476
68.678,-1.06918,-0.788169
68.7421,-1.11879,-0.7506510000000001
68.7949,-1.15668,-0.679534
68.8476,-1.18991,-0.575213
68.9004,-1.21689,-0.44325600000000004
68.9532,-1.23634,-0.291559
69.0059,-1.24748,-0.129772
69.0587,-1.25004,0.0316031
69.1115,-1.24433,0.182306
69.1642,-1.23115,0.31337
69.217,-1.21173,0.417955
69.2698,-1.18759,0.49180799999999997
69.3266,-1.15821,0.535223
69.3913,-1.12316,0.54055
69.4613,-1.0865,0.49984300000000004
69.5313,-1.05408,0.42115
69.6013,-1.02815,0.31661999999999996
69.6713,-1.01007,0.19852
69.7413,-1.00041,0.0782982
69.8113,-0.998926,-0.033917800000000005
69.8813,-1.0047700000000002,-0.129577
69.9513,-1.01652,-0.20188
70.0256,-1.03344,-0.24770799999999998
70.1071,-1.0543200000000001,-0.257844
70.178,-1.0719100000000001,-0.232661
70.249,-1.08667,-0.178973
70.32,-1.09677,-0.10247200000000001
70.3814,-1.10069,-0.023712099999999996
70.4429,-1.0995700000000002,0.060627099999999996
70.5044,-1.09324,0.144701
70.5658,-1.0819,0.223137
70.6284,-1.0657,0.292602
70.6935,-1.04469,0.35029899999999997
70.7626,-1.01888,0.39314299999999996
70.8383,-0.9880459999999999,0.418008
70.9263,-0.950947,0.420803
71.0199,-0.91238,0.399652
71.1135,-0.8766079999999999,0.362692
71.2072,-0.844671,0.319196
71.3008,-0.816789,0.27726100000000004
71.3944,-0.792508,0.24318
71.4947,-0.7693989999999999,0.22022399999999998
71.611,-0.744329,0.21468099999999998
71.7307,-0.717766,0.233289
71.8504,-0.687604,0.274258
71.97,-0.651404,0.333429
72.0897,-0.6072649999999999,0.40621799999999997
72.2093,-0.553795,0.48888000000000004
72.329,-0.489954,0.5794
72.4519,-0.412613,0.68067
72.5882,-0.311526,0.8056
72.7578,-0.159906,0.987474
72.8938,-0.0141756,1.16003
73.0098,0.129874,1.32532
73.1274,0.295952,1.49942
73.245,0.481695,1.6535400000000002
73.3213,0.610593,1.71977
73.3867,0.72391,1.7379
73.4521,0.836824,1.7049400000000001
73.5044,0.9243979999999999,1.63206
73.5568,1.0069299999999999,1.5115100000000001
73.6092,1.0818299999999998,1.34049
73.6536,1.1374,1.15695
73.69800000000001,1.1841,0.9420280000000001
73.7424,1.22069,0.702485
73.7868,1.2462600000000001,0.44761899999999993
73.8312,1.26037,0.188563
73.8756,1.26312,-0.0627736
73.92,1.25508,-0.294902
73.9644,1.23736,-0.497878
74.0088,1.2114200000000002,-0.664145
74.0547,1.17782,-0.792424
74.1034,1.13688,-0.8780899999999999
74.1567,1.08889,-0.913535
74.2181,1.03331,-0.8860950000000001
74.2836,0.9781110000000001,-0.78952
74.3503,0.93025,-0.6368149999999999
74.4171,0.8939159999999999,-0.446999
74.4839,0.871035,-0.236289
74.5506,0.8625149999999999,-0.0189666
74.6174,0.8683690000000001,0.192374
74.6841,0.887812,0.386359
74.7509,0.9193290000000001,0.552415
74.8201,0.9624360000000001,0.684577
74.8971,1.01891,0.771476
74.9612,1.06918,0.788169
75.0253,1.11879,0.7506510000000001
75.0781,1.15668,0.679534
75.1308,1.18991,0.575213
75.1836,1.21689,0.44325600000000004
75.2364,1.23634,0.291559
75.2891,1.24748,0.129772
75.3419,1.25004,-0.0316031
75.3947,1.24433,-0.182306
75.4474,1.23115,-0.31337
75.5002,1.21173,-0.417955
75.5529,1.18759,-0.49180799999999997
75.6098,1.15821,-0.535223
75.6745,1.12316,-0.54055
75.7445,1.0865,-0.49984300000000004
75.8145,1.05408,-0.42115
75.8845,1.02815,-0.31661999999999996
75.9545,1.01007,-0.19852
76.0245,1.00041,-0.0782982
76.0945,0.998926,0.033917800000000005
76.1645,1.0047700000000002,0.129577
76.2344,1.01652,0.20188
76.3088,1.03344,0.24770799999999998
76.3903,1.0543200000000001,0.257844
76.4612,1.0719100000000001,0.232661
76.5322,1.08667,0.178973
76.6032,1.09677,0.10247200000000001
76.6646,1.10069,0.023712099999999996
76.7261,1.0995700000000002,-0.060627099999999996
76.7875,1.09324,-0.144701
76.84899999999999,1.0819,-0.223137
76.9116,1.0657,-0.292602
76.9766,1.04469,-0.35029899999999997
77.0458,1.01888,-0.39314299999999996
77.1215,0.9880459999999999,-0.418008
77.2095,0.950947,-0.420803
77.3031,0.91238,-0.399652
77.3967,0.8766079999999999,-0.362692
77.4903,0.844671,-0.319196
77.584,0.816789,-0.27726100000000004
77.6776,0.792508,-0.24318
77.7779,0.7693989999999999,-0.22022399999999998
77.8942,0.744329,-0.21468099999999998
78.0139,0.717766,-0.233289
78.1335,0.687604,-0.274258
78.2532,0.651404,-0.333429
78.3729,0.6072649999999999,-0.40621799999999997
78.4925,0.553795,-0.48888000000000004
78.6122,0.489954,-0.5794
78.7351,0.412613,-0.68067
78.8714,0.311526,-0.8056
79.041,0.159906,-0.987474
79.17699999999999,0.0141756,-1.16003
79.293,-0.129874,-1.32532
79.4106,-0.295952,-1.49942
79.5282,-0.481695,-1.6535400000000002
79.6044,-0.610593,-1.71977
79.6698,-0.72391,-1.7379
79.7353,-0.836824,-1.7049400000000001
79.7876,-0.9243979999999999,-1.63206
79.84,-1.0069299999999999,-1.5115100000000001
79.8924,-1.0818299999999998,-1.34049
79.9368,-1.1374,-1.15695
79.9812,-1.1841,-0.9420280000000001
80.0256,-1.22069,-0.702485
80.07,-1.2462600000000001,-0.44761899999999993
80.1144,-1.26037,-0.188563
80.1588,-1.26312,0.0627736
80.2032,-1.25508,0.294902
80.2476,-1.23736,0.497878
80.292,-1.2114200000000002,0.664145
80.3379,-1.17782,0.792424
80.3866,-1.13688,0.8780899999999999
80.4399,-1.08889,0.913535
80.5013,-1.03331,0.8860950000000001
80.5668,-0.9781110000000001,0.78952
80.6335,-0.93025,0.6368149999999999
80.7003,-0.8939159999999999,0.446999
80.767,-0.871035,0.236289
80.8338,-0.8625149999999999,0.0189666
80.9005,-0.8683690000000001,-0.192374
80.9673,-0.887812,-0.386359
81.0341,-0.9193290000000001,-0.552415
81.1033,-0.9624360000000001,-0.684577
81.1803,-1.01891,-0.771476
81.2444,-1.06918,-0.788169
81.3085,-1.11879,-0.7506510000000001
81.3613,-1.15668,-0.679534
81.414,-1.18991,-0.575213
81.4668,-1.21689,-0.44325600000000004
81.5195,-1.23634,-0.291559
81.5723,-1.24748,-0.129772
81.6251,-1.25004,0.0316031
81.6778,-1.24433,0.182306
81.7306,-1.23115,0.31337
81.7834,-1.21173,0.417955
81.8361,-1.18759,0.49180799999999997
81.893,-1.15821,0.535223
81.9577,-1.12316,0.54055
82.0277,-1.0865,0.49984300000000004
82.0977,-1.05408,0.42115
82.1677,-1.02815,0.31661999999999996
82.2377,-1.01007,0.19852
82.3077,-1.00041,0.0782982
82.3776,-0.998926,-0.033917800000000005
82.4476,-1.0047700000000002,-0.129577
82.5176,-1.01652,-0.20188
82.59200000000001,-1.03344,-0.24770799999999998
82.6734,-1.0543200000000001,-0.257844
82.7444,-1.0719100000000001,-0.232661
82.8154,-1.08667,-0.178973
82.8863,-1.09677,-0.10247200000000001
82.9478,-1.10069,-0.023712099999999996
83.0093,-1.0995700000000002,0.060627099999999996
83.0707,-1.09324,0.144701
83.1322,-1.0819,0.223137
83.1947,-1.0657,0.292602
83.2598,-1.04469,0.35029899999999997
83.329,-1.01888,0.39314299999999996
83.4046,-0.9880459999999999,0.418008
83.4927,-0.950947,0.420803
83.5863,-0.91238,0.399652
83.6799,-0.8766079999999999,0.362692
83.7735,-0.844671,0.319196
83.8671,-0.816789,0.27726100000000004
83.9608,-0.792508,0.24318
84.0611,-0.7693989999999999,0.22022399999999998
84.1774,-0.744329,0.21468099999999998
84.2971,-0.717766,0.233289
84.4167,-0.687604,0.274258
84.5364,-0.651404,0.333429
84.6561,-0.6072649999999999,0.40621799999999997
84.7757,-0.553795,0.48888000000000004
84.8954,-0.489954,0.5794
85.0183,-0.412613,0.68067
85.1545,-0.311526,0.8056
85.3242,-0.159906,0.987474
85.4602,-0.0141756,1.16003
85.5762,0.129874,1.32532
85.6938,0.295952,1.49942
85.8114,0.481695,1.6535400000000002
85.8876,0.610593,1.71977
85.95299999999999,0.72391,1.7379
86.0184,0.836824,1.7049400000000001
86.0708,0.9243979999999999,1.63206
86.1232,1.0069299999999999,1.5115100000000001
86.1755,1.0818299999999998,1.34049
86.22,1.1374,1.15695
86.2644,1.1841,0.9420280000000001
86.3088,1.22069,0.702485
86.3532,1.2462600000000001,0.44761899999999993
86.3976,1.26037,0.188563
86.44200000000001,1.26312,-0.0627736
86.4864,1.25508,-0.294902
86.5308,1.23736,-0.497878
86.5752,1.2114200000000002,-0.664145
86.6211,1.17782,-0.792424
86.6698,1.13688,-0.8780899999999999
86.7231,1.08889,-0.913535
86.7845,1.03331,-0.8860950000000001
86.85,0.9781110000000001,-0.78952
86.9167,0.93025,-0.6368149999999999
86.9835,0.8939159999999999,-0.446999
87.0502,0.871035,-0.236289
87.117,0.8625149999999999,-0.0189666
87.1837,0.8683690000000001,0.192374
87.2505,0.887812,0.386359
87.3172,0.9193290000000001,0.552415
87.3865,0.9624360000000001,0.684577
87.4635,1.01891,0.771476
87.5276,1.06918,0.788169
87.5917,1.11879,0.7506510000000001
87.6444,1.15668,0.679534
87.6972,1.18991,0.575213
87.75,1.21689,0.44325600000000004
87.8027,1.23634,0.291559
87.8555,1.24748,0.129772
87.9083,1.25004,-0.0316031
87.961,1.24433,-0.182306
88.0138,1.23115,-0.31337
88.0665,1.21173,-0.417955
88.1193,1.18759,-0.49180799999999997
88.1762,1.15821,-0.535223
88.2409,1.12316,-0.54055
88.3109,1.0865,-0.49984300000000004
88.3809,1.05408,-0.42115
88.4509,1.02815,-0.31661999999999996
88.5209,1.01007,-0.19852
88.5908,1.00041,-0.0782982
88.6608,0.998926,0.033917800000000005
88.7308,1.0047700000000002,0.129577
88.8008,1.01652,0.20188
88.8752,1.03344,0.24770799999999998
88.9566,1.0543200000000001,0.257844
89.0276,1.0719100000000001,0.232661
89.0986,1.08667,0.178973
89.1695,1.09677,0.10247200000000001
89.23100000000001,1.10069,0.023712099999999996
89.2925,1.0995700000000002,-0.060627099999999996
89.3539,1.09324,-0.144701
89.4154,1.0819,-0.223137
89.4779,1.0657,-0.292602
89.54299999999999,1.04469,-0.35029899999999997
89.6122,1.01888,-0.39314299999999996
89.6878,0.9880459999999999,-0.418008
89.7758,0.950947,-0.420803
89.8695,0.91238,-0.399652
89.9631,0.8766079999999999,-0.362692
90.0567,0.844671,-0.319196
90.1503,0.816789,-0.27726100000000004
90.244,0.792508,-0.24318
90.3443,0.7693989999999999,-0.22022399999999998
90.4606,0.744329,-0.21468099999999998
90.5803,0.717766,-0.233289
90.6999,0.687604,-0.274258
90.8196,0.651404,-0.333429
90.9392,0.6072649999999999,-0.40621799999999997
91.0589,0.553795,-0.48888000000000004
91.1786,0.489954,-0.5794
91.3015,0.412613,-0.68067
91.4377,0.311526,-0.8056
91.6074,0.159906,-0.987474
91.7434,0.0141756,-1.16003
91.8594,-0.129874,-1.32532
91.977,-0.295952,-1.49942
92.0945,-0.481695,-1.6535400000000002
92.1708,-0.610593,-1.71977
92.2362,-0.72391,-1.7379
92.3016,-0.836824,-1.7049400000000001
92.354,-0.9243979999999999,-1.63206
92.4064,-1.0069299999999999,-1.5115100000000001
92.4587,-1.0818299999999998,-1.34049
92.5031,-1.1374,-1.15695
92.5475,-1.1841,-0.9420280000000001
92.5919,-1.22069,-0.702485
92.6363,-1.2462600000000001,-0.44761899999999993
92.6807,-1.26037,-0.188563
92.7251,-1.26312,0.0627736
92.7695,-1.25508,0.294902
92.8139,-1.23736,0.497878
92.8584,-1.2114200000000002,0.664145
92.9042,-1.17782,0.792424
92.95299999999999,-1.13688,0.8780899999999999
93.0063,-1.08889,0.913535
93.0677,-1.03331,0.8860950000000001
93.1331,-0.9781110000000001,0.78952
93.1999,-0.93025,0.6368149999999999
93.2667,-0.8939159999999999,0.446999
93.3334,-0.871035,0.236289
93.4002,-0.8625149999999999,0.0189666
93.4669,-0.8683690000000001,-0.192374
93.5337,-0.887812,-0.386359
93.6004,-0.9193290000000001,-0.552415
93.6697,-0.9624360000000001,-0.684577
93.7467,-1.01891,-0.771476
93.8108,-1.06918,-0.788169
93.8749,-1.11879,-0.7506510000000001
93.9276,-1.15668,-0.679534
93.9804,-1.18991,-0.575213
94.0332,-1.21689,-0.44325600000000004
94.0859,-1.23634,-0.291559
94.1387,-1.24748,-0.129772
94.1914,-1.25004,0.0316031
94.2442,-1.24433,0.182306
94.29700000000001,-1.23115,0.31337
94.3497,-1.21173,0.417955
94.4025,-1.18759,0.49180799999999997
94.4594,-1.15821,0.535223
94.5241,-1.12316,0.54055
94.5941,-1.0865,0.49984300000000004
94.6641,-1.05408,0.42115
94.734,-1.02815,0.31661999999999996
94.804,-1.01007,0.19852
94.874,-1.00041,0.0782982
94.944,-0.998926,-0.033917800000000005
95.014,-1.0047700000000002,-0.129577
95.084,-1.01652,-0.20188
95.1583,-1.03344,-0.24770799999999998
95.2398,-1.0543200000000001,-0.257844
95.3108,-1.0719100000000001,-0.232661
95.3817,-1.08667,-0.178973
95.4527,-1.09677,-0.10247200000000001
95.5142,-1.10069,-0.023712099999999996
95.5756,-1.0995700000000002,0.060627099999999996
95.6371,-1.09324,0.144701
95.6986,-1.0819,0.223137
95.7611,-1.0657,0.292602
95.8262,-1.04469,0.35029899999999997
95.8953,-1.01888,0.39314299999999996
95.971,-0.9880459999999999,0.418008
96.059,-0.950947,0.420803
96.1527,-0.91238,0.399652
96.2463,-0.8766079999999999,0.362692
96.3399,-0.844671,0.319196
96.4335,-0.816789,0.27726100000000004
96.5271,-0.792508,0.24318
96.6274,-0.7693989999999999,0.22022399999999998
96.7438,-0.744329,0.21468099999999998
96.8634,-0.717766,0.233289
96.9831,-0.687604,0.274258
97.1028,-0.651404,0.333429
97.2224,-0.6072649999999999,0.40621799999999997
97.3421,-0.553795,0.48888000000000004
97.4617,-0.489954,0.5794
97.5847,-0.412613,0.68067
97.7209,-0.311526,0.8056
97.8906,-0.159906,0.987474
98.0266,-0.0141756,1.16003
98.1426,0.129874,1.32532
98.2602,0.295952,1.49942
98.3777,0.481695,1.6535400000000002
98.454,0.610593,1.71977
98.5194,0.72391,1.7379
98.5848,0.836824,1.7049400000000001
98.6372,0.9243979999999999,1.63206
98.6896,1.0069299999999999,1.5115100000000001
98.7419,1.0818299999999998,1.34049
98.7863,1.1374,1.15695
98.8307,1.1841,0.9420280000000001
98.8751,1.22069,0.702485
98.9195,1.2462600000000001,0.44761899999999993
98.9639,1.26037,0.188563
99.0083,1.26312,-0.0627736
99.0527,1.25508,-0.294902
99.0971,1.23736,-0.497878
99.1415,1.2114200000000002,-0.664145
99.1874,1.17782,-0.792424
99.2362,1.13688,-0.8780899999999999
99.2895,1.08889,-0.913535
99.3508,1.03331,-0.8860950000000001
99.4163,0.9781110000000001,-0.78952
99.4831,0.93025,-0.6368149999999999
99.5498,0.8939159999999999,-0.446999
99.6166,0.871035,-0.236289
99.6834,0.8625149999999999,-0.0189666
99.7501,0.8683690000000001,0.192374
99.8169,0.887812,0.386359
99.8836,0.9193290000000001,0.552415
99.9529,0.9624360000000001,0.684577
100.0,0.996238,0.745995
