,x,xdot
1e-06,6.04e-10,0.000608
6e-06,3.744e-09,0.000647999
3.1e-05,2.24439e-08,0.0008479960000000001
0.000156,1.9094200000000002e-07,0.00184796
0.000781,2.9082799999999996e-06,0.00684742
0.003906,6.335399999999999e-05,0.0318352
0.019531,0.00153549,0.156528
0.09765599999999999,0.0379199,0.772712
0.21304499999999998,0.178257,1.65248
0.314241,0.38256,2.3744099999999997
0.391793,0.586144,2.86197
0.447589,0.75403,3.1428700000000003
0.49449099999999996,0.905541,3.3037400000000003
0.535688,1.04318,3.3634
0.5768840000000001,1.1812799999999999,3.32225
0.611008,1.29273,3.19488
0.645131,1.39822,2.9706799999999998
0.679255,1.49429,2.64255
0.708064,1.5654299999999999,2.28405
0.736873,1.62522,1.8555099999999998
0.765683,1.67176,1.36627
0.794492,1.7034900000000002,0.8304290000000001
0.8233010000000001,1.71933,0.266018
0.85211,1.7187400000000002,-0.306375
0.88092,1.7018,-0.8654440000000001
0.9097290000000001,1.6692,-1.3911200000000001
0.9385379999999999,1.62214,-1.8663
0.967348,1.56227,-2.27815
0.996157,1.49156,-2.6186599999999998
1.0249700000000002,1.41211,-2.8846700000000003
1.05378,1.32606,-3.07726
1.08365,1.23205,-3.20421
1.11515,1.12998,-3.2661599999999997
1.14872,1.0201799999999999,-3.2627200000000003
1.18497,0.903001,-3.1937599999999997
1.22469,0.7786310000000001,-3.05895
1.26916,0.646939,-2.8564
1.32059,0.5070020000000001,-2.57967
1.3840700000000001,0.35498,-2.20626
1.47777,0.17486,-1.63818
1.5714700000000001,0.047606800000000005,-1.08143
1.66845,-0.030350400000000003,-0.5313680000000001
1.78845,-0.0555038,0.10283099999999999
1.9387,0.0143774,0.810001
2.08894,0.18224,1.40398
2.17886,0.321925,1.69327
2.25695,0.462188,1.889
2.32405,0.592996,1.99921
2.39115,0.72883,2.03499
2.4443200000000003,0.8362450000000001,1.99442
2.49748,0.939577,1.87945
2.54354,1.02253,1.7119900000000001
2.5895900000000003,1.0962399999999999,1.4780799999999998
2.63564,1.15767,1.17933
2.67627,1.19939,0.8677040000000001
2.7168900000000002,1.22769,0.520289
2.75752,1.2413399999999999,0.149267
2.79815,1.23969,-0.231048
2.8387700000000002,1.22265,-0.605691
2.8794,1.19074,-0.9606709999999999
2.92002,1.1450200000000001,-1.28441
2.96065,1.08692,-1.56875
3.00127,1.01815,-1.8093700000000001
3.04271,0.938874,-2.00914
3.08588,0.8484809999999999,-2.17108
3.13141,0.746599,-2.2972099999999998
3.18008,0.632372,-2.39112
3.2330099999999997,0.503899,-2.4584900000000003
3.2920800000000003,0.357136,-2.5074400000000003
3.3609699999999996,0.182907,-2.5496
3.4491099999999997,-0.044138699999999996,-2.6034900000000003
3.5508699999999997,-0.312601,-2.67231
3.63726,-0.545308,-2.7072
3.6967800000000004,-0.706116,-2.6873099999999996
3.7481800000000005,-0.8427030000000001,-2.6175
3.79958,-0.9740030000000001,-2.47836
3.8420199999999998,-1.07558,-2.29828
3.88445,-1.16811,-2.0512
3.92689,-1.24868,-1.7344700000000002
3.9633199999999995,-1.30609,-1.4096600000000001
3.99975,-1.35087,-1.04284
4.03618,-1.38168,-0.644672
4.0726,-1.39763,-0.229095
4.109030000000001,-1.39836,0.187855
4.14546,-1.3841299999999999,0.589643
4.18189,-1.3557700000000001,0.9608969999999999
4.218319999999999,-1.31464,1.2888600000000001
4.25475,-1.26251,1.56434
4.291180000000001,-1.20137,1.7821200000000001
4.32761,-1.1333799999999998,1.94078
4.36554,-1.05759,2.0451
4.40552,-0.974678,2.09298
4.44813,-0.88551,2.08228
4.49416,-0.791088,2.0106900000000003
4.54473,-0.69262,1.8747599999999998
4.60159,-0.591685,1.6679700000000002
4.66789,-0.49053199999999997,1.37582
4.75197,-0.392269,0.953881
4.86372,-0.31950500000000004,0.341244
4.95995,-0.313134,-0.211242
5.05619,-0.360388,-0.770655
5.152419999999999,-0.461107,-1.31853
5.24866,-0.612785,-1.8223599999999998
5.33209,-0.780339,-2.17624
5.3901900000000005,-0.911962,-2.3405
5.439430000000001,-1.02905,-2.40097
5.48867,-1.14687,-2.36706
5.52861,-1.23947,-2.25668
5.56855,-1.32602,-2.06372
5.60367,-1.39448,-1.82333
5.6388,-1.45336,-1.51902
5.67392,-1.50053,-1.15778
5.70905,-1.53417,-0.751424
5.73996,-1.5515299999999999,-0.369187
5.77088,-1.5569,0.0226393
5.8017900000000004,-1.55018,0.410288
5.8327,-1.5317100000000001,0.780257
5.8636099999999995,-1.50225,1.12037
5.8945300000000005,-1.46286,1.42061
5.92544,-1.4149,1.67372
5.95723,-1.35827,1.8802900000000002
5.99015,-1.29366,2.03514
6.02454,-1.22179,2.13414
6.06084,-1.14341,2.1737
6.09963,-1.05934,2.15033
6.14173,-0.97049,2.05986
6.18845,-0.87785,1.89583
6.242290000000001,-0.782288,1.64474
6.31096,-0.682235,1.25976
6.38962,-0.60224,0.768181
6.46828,-0.5619609999999999,0.254423
6.54694,-0.562183,-0.258256
6.6256,-0.602051,-0.750371
6.70425,-0.679128,-1.20026
6.78291,-0.789003,-1.5785
6.8566199999999995,-0.9153969999999999,-1.83096
6.91304,-1.02191,-1.9293
6.9616,-1.11595,-1.92933
7.010160000000001,-1.2078,-1.8374700000000002
7.0506899999999995,-1.27941,-1.6840099999999998
7.09122,-1.34336,-1.4593399999999999
7.131760000000001,-1.39681,-1.1673799999999999
7.1668,-1.43258,-0.868008
7.20184,-1.45725,-0.5351090000000001
7.23688,-1.46984,-0.181018
7.27192,-1.46985,0.18018299999999998
7.30697,-1.4573,0.533866
7.34201,-1.43268,0.8661620000000001
7.37705,-1.3969799999999999,1.16514
7.412089999999999,-1.35152,1.42169
7.4471300000000005,-1.2979100000000001,1.62992
7.482639999999999,-1.23706,1.78899
7.51957,-1.16879,1.89937
7.558439999999999,-1.0936299999999999,1.9584599999999999
7.5998600000000005,-1.0122,1.9637200000000001
7.644660000000001,-0.9251790000000001,1.9125900000000002
7.69407,-0.8332069999999999,1.8016299999999998
7.75028,-0.7367199999999999,1.6242299999999998
7.81842,-0.634763,1.36158
7.90948,-0.528418,0.969442
8.000539999999999,-0.458542,0.5656909999999999
8.091610000000001,-0.42501300000000003,0.174163
8.18267,-0.42598800000000003,-0.189993
8.27548,-0.45933199999999996,-0.520749
8.377089999999999,-0.528122,-0.820903
8.48527,-0.630106,-1.04574
8.56361,-0.7157819999999999,-1.12904
8.63228,-0.79389,-1.1342299999999998
8.70096,-0.8699049999999999,-1.0668
8.75922,-0.9288870000000001,-0.948659
8.81747,-0.979355,-0.774888
8.87573,-1.01819,-0.550454
8.926919999999999,-1.04056,-0.31917
8.97812,-1.05049,-0.0659574
9.02931,-1.04713,0.197797
9.0805,-1.03026,0.46014099999999997
9.1317,-1.00024,0.7099449999999999
9.182889999999999,-0.957945,0.9381219999999999
9.23408,-0.9046639999999999,1.13848
9.285810000000001,-0.841203,1.30964
9.33944,-0.766953,1.45393
9.39579,-0.681543,1.57246
9.455810000000001,-0.584155,1.66793
9.5209,-0.47295699999999996,1.74537
9.59336,-0.34396,1.8129099999999998
9.67785,-0.187783,1.8839599999999999
9.78669,0.0225944,1.98511
9.8885,0.230251,2.09602
9.990310000000001,0.44930299999999995,2.20308
10.0666,0.619536,2.25015
10.1278,0.7571180000000001,2.24119
10.1814,0.875818,2.17992
10.2349,0.989524,2.05225
10.2799,1.07823,1.88412
10.3248,1.15801,1.6553200000000001
10.3698,1.22615,1.36599
10.4087,1.27365,1.0715299999999999
10.4475,1.30903,0.744082
10.4864,1.33122,0.394731
10.5253,1.33961,0.0370067
10.5642,1.33418,-0.314374
10.6031,1.31544,-0.6449779999999999
10.6419,1.28446,-0.9420629999999999
10.6808,1.24276,-1.19566
10.7197,1.19215,-1.3992200000000001
10.7586,1.13466,-1.54964
10.7989,1.06998,-1.6495900000000001
10.8413,0.998814,-1.69638
10.8865,0.92212,-1.68668
10.9354,0.8410559999999999,-1.61656
10.9896,0.757023,-1.48006
11.0515,0.671733,-1.26528
11.1286,0.586508,-0.9357690000000001
11.2209,0.520651,-0.48397399999999996
11.3005,0.498645,-0.06568739999999999
11.3802,0.510458,0.36284299999999997
11.4598,0.556339,0.787146
11.5395,0.635273,1.18931
11.6191,0.744541,1.54357
11.6988,0.878901,1.8118299999999998
11.7595,0.992858,1.9267
11.8104,1.0916,1.94167
11.8612,1.18886,1.8662299999999998
11.9028,1.2639,1.72921
11.9444,1.33178,1.52157
11.985999999999999,1.38957,1.24586
12.0215,1.4289,0.9629719999999999
12.0571,1.45754,0.645437
12.0926,1.4744700000000002,0.304956
12.1281,1.47909,-0.0447204
12.1636,1.47135,-0.388948
12.1991,1.4517,-0.7135050000000001
12.2346,1.42107,-1.00583
12.2701,1.38078,-1.25597
12.3056,1.33246,-1.45717
12.3411,1.2779200000000002,-1.6059700000000001
12.378,1.21668,-1.7046299999999999
12.4169,1.14935,-1.74947
12.4584,1.07677,-1.7362400000000002
12.5036,0.999813,-1.65962
12.5542,0.919335,-1.5107899999999999
12.6145,0.8352450000000001,-1.26758
12.6854,0.75738,-0.919602
12.7564,0.705716,-0.5330550000000001
12.8273,0.682136,-0.130967
12.8982,0.687068,0.268165
12.9691,0.719703,0.647409
13.04,0.777999,0.988613
13.1109,0.858518,1.2700799999999999
13.1828,0.957449,1.4671399999999999
13.2455,1.05231,1.54223
13.2977,1.13265,1.52016
13.3499,1.2096,1.41137
13.3931,1.26728,1.25346
13.4362,1.31685,1.03608
13.4793,1.35588,0.766047
13.517000000000001,1.37975,0.49583699999999997
13.5547,1.393,0.204478
13.5924,1.39505,-0.09601950000000001
13.6301,1.38581,-0.39295599999999997
13.6678,1.36563,-0.674064
13.7055,1.33532,-0.928559
13.7432,1.29606,-1.14795
13.7809,1.24929,-1.3265
13.8195,1.19521,-1.46417
13.8598,1.1341700000000001,-1.55845
13.9023,1.06677,-1.60617
13.9477,0.993661,-1.60427
13.9971,0.9155129999999999,-1.54934
14.0524,0.8328479999999999,-1.43614
14.1173,0.745359,-1.25253
14.1976,0.655508,-0.978449
14.2797,0.5876279999999999,-0.673441
14.3618,0.545037,-0.36528
14.4438,0.527324,-0.0694375
14.5259,0.532984,0.202525
14.6109,0.560919,0.448305
14.7016,0.6116159999999999,0.658674
14.8012,0.68555,0.810581
14.8859,0.756839,0.860033
14.9589,0.819078,0.8346299999999999
15.0318,0.877006,0.7415
15.0939,0.9191530000000001,0.609297
15.1559,0.9516870000000001,0.432616
15.218,0.9720799999999999,0.219573
15.28,0.9784200000000001,-0.018215000000000002
15.3421,0.9695940000000001,-0.266892
15.4041,0.9453729999999999,-0.512245
15.4661,0.9063629999999999,-0.7417279999999999
15.5282,0.853858,-0.9461129999999999
15.5902,0.789592,-1.12037
15.6523,0.71548,-1.26368
15.7143,0.633374,-1.37878
15.7808,0.538387,-1.4767
15.8531,0.42836899999999994,-1.56271
15.9343,0.298072,-1.64655
16.0308,0.134392,-1.74606
16.1595,-0.100007,-1.8999099999999998
16.2578,-0.293083,-2.03218
16.355999999999998,-0.498837,-2.1517
16.4282,-0.656317,-2.20154
16.488,-0.787999,-2.1937
16.5408,-0.9024209999999999,-2.1316200000000003
16.5936,-1.01186,-2.00247
16.6382,-1.0975700000000002,-1.8322200000000002
16.6827,-1.17435,-1.60179
16.7273,-1.2395200000000002,-1.3121399999999999
16.766,-1.28473,-1.01785
16.8047,-1.3179,-0.6921470000000001
16.8434,-1.33804,-0.346317
16.8821,-1.3446200000000001,0.00610424
16.9208,-1.3376700000000001,0.35060399999999997
16.9595,-1.31776,0.6731189999999999
16.9982,-1.28601,0.9613729999999999
17.0369,-1.2439200000000001,1.2059
17.0756,-1.1933200000000002,1.40057
17.1143,-1.1362,1.54264
17.1548,-1.07174,1.63526
17.1974,-1.00095,1.67448
17.243,-0.924839,1.65671
17.2925,-0.8446030000000001,1.5775700000000001
17.3474,-0.761656,1.4301700000000002
17.4111,-0.677632,1.19974
17.4912,-0.595332,0.8463299999999999
17.5779,-0.5404479999999999,0.41380600000000006
17.6645,-0.524386,-0.0459305
17.7405,-0.543425,-0.455171
17.8164,-0.593317,-0.855814
17.8924,-0.6727770000000001,-1.2303
17.9683,-0.778933,-1.55387
18.0484,-0.9140799999999999,-1.8009700000000002
18.1073,-1.02316,-1.8904599999999998
18.1571,-1.1174899999999999,-1.8854
18.2069,-1.20943,-1.7923200000000001
18.2481,-1.2804200000000001,-1.64231
18.2893,-1.3438299999999999,-1.42488
18.3305,-1.39696,-1.14393
18.366,-1.4326,-0.8580770000000001
18.4015,-1.45751,-0.541432
18.4369,-1.47081,-0.20596
18.4724,-1.47207,0.134699
18.5079,-1.46135,0.46638599999999997
18.5434,-1.4392200000000002,0.775673
18.5789,-1.40669,1.0509899999999999
18.6144,-1.3651200000000001,1.28345
18.6499,-1.31615,1.46728
18.686,-1.26061,1.6016299999999999
18.7237,-1.19856,1.6855
18.7635,-1.1307,1.7150299999999998
18.8062,-1.05785,1.68575
18.852999999999998,-0.9809,1.5916
18.9062,-0.900559,1.42144
18.9715,-0.816404,1.14459
19.0453,-0.745308,0.773686
19.1097,-0.706702,0.42329799999999995
19.174,-0.690994,0.0645555
19.2384,-0.698283,-0.289141
19.3028,-0.7278359999999999,-0.625134
19.3671,-0.778088,-0.929889
19.433,-0.848303,-1.1929
19.503,-0.9394110000000001,-1.3959
19.5755,-1.0449700000000002,-1.4943
19.6294,-1.1253799999999998,-1.47577
19.6769,-1.1936799999999999,-1.38576
19.7244,-1.25599,-1.2237
19.7658,-1.30269,-1.02576
19.8072,-1.3402100000000001,-0.780511
19.8485,-1.36675,-0.49727
19.8899,-1.381,-0.188719
19.9313,-1.38222,0.130104
19.9727,-1.3703100000000001,0.44327700000000003
20.014,-1.3458299999999999,0.735636
20.0554,-1.3099100000000001,0.994282
20.0968,-1.26416,1.20966
20.1381,-1.2105,1.3760700000000001
20.1795,-1.151,1.49158
20.2217,-1.08647,1.5583200000000001
20.2664,-1.01617,1.5771899999999999
20.3147,-0.940585,1.54539
20.368,-0.8602780000000001,1.4588
20.4292,-0.775414,1.30939
20.5061,-0.68365,1.07151
20.5951,-0.601946,0.759829
20.6841,-0.548609,0.43853500000000006
20.7732,-0.52351,0.128426
20.8622,-0.5249659999999999,-0.15576500000000001
20.9513,-0.550126,-0.402099
21.0436,-0.597109,-0.605426
21.1448,-0.6665,-0.751434
21.2325,-0.735057,-0.799238
21.3081,-0.794908,-0.773125
21.3837,-0.8502799999999999,-0.680474
21.4481,-0.8901389999999999,-0.54975
21.5125,-0.9201590000000001,-0.37596999999999997
21.5769,-0.937815,-0.167483
21.6413,-0.941234,0.06406619999999999
21.7057,-0.9293610000000001,0.305077
21.7701,-0.902032,0.541913
21.8345,-0.859907,0.76289
21.8989,-0.804294,0.959807
21.9633,-0.736893,1.12868
22.0277,-0.6595260000000001,1.26962
22.0939,-0.571377,1.38905
22.1648,-0.46903,1.49522
22.2428,-0.34834699999999996,1.59659
22.3324,-0.20036500000000002,1.7074799999999999
22.4438,-0.00192616,1.8561900000000002
22.5454,0.194299,2.00885
22.647,0.40634699999999996,2.1629099999999997
22.7327,0.596115,2.26094
22.7955,0.739332,2.2853
22.8499,0.862907,2.25201
22.9042,0.9828690000000001,2.1493599999999997
22.9491,1.07618,2.00066
22.994,1.1613799999999999,1.7871400000000002
23.0388,1.23551,1.50708
23.0771,1.28782,1.21854
23.1154,1.3283200000000002,0.891468
23.1537,1.3557299999999999,0.536346
23.191999999999997,1.36921,0.166608
23.2303,1.36849,-0.202533
23.2685,1.35391,-0.5555859999999999
23.3068,1.32634,-0.878339
23.3451,1.28718,-1.15915
23.3834,1.23822,-1.38982
23.4217,1.18146,-1.56582
23.4604,1.11826,-1.68725
23.5009,1.04835,-1.75542
23.5439,0.972507,-1.76741
23.5901,0.8917639999999999,-1.71967
23.6406,0.807373,-1.6072600000000001
23.6976,0.720855,-1.42146
23.7653,0.633835,-1.14076
23.8503,0.554092,-0.7271890000000001
23.9352,0.511373,-0.27358699999999997
24.0202,0.508113,0.198375
24.1052,0.545089,0.670334
24.1902,0.621454,1.12144
24.2751,0.734262,1.52199
24.3601,0.8774270000000001,1.82683
24.4212,0.993347,1.9515799999999999
24.4719,1.09317,1.97225
24.5226,1.1917799999999998,1.90085
24.564,1.2678399999999999,1.7659200000000002
24.6053,1.33684,1.5589
24.6467,1.39582,1.28204
24.6819,1.43608,0.997201
24.7171,1.46565,0.67635
24.7524,1.4834399999999999,0.331187
24.7876,1.48886,-0.0244435
24.8228,1.48177,-0.375704
24.858,1.46261,-0.70809
24.8933,1.43226,-1.0087
24.9285,1.39204,-1.26725
24.9637,1.34356,-1.47664
24.9989,1.28863,-1.63314
25.0354,1.22707,-1.7386599999999999
25.0737,1.1593200000000001,-1.79036
25.1145,1.0861399999999999,-1.7841900000000002
25.1588,1.0084,-1.71522
25.2081,0.9269860000000001,-1.57564
25.266,0.8421420000000001,-1.34752
25.3356,0.759726,-1.0095100000000001
25.4053,0.702435,-0.630571
25.475,0.6722859999999999,-0.233594
25.5446,0.669891,0.16350699999999999
25.6143,0.694705,0.5450020000000001
25.6839,0.745088,0.8947069999999999
25.7536,0.818186,1.19369
25.8243,0.911082,1.42119
25.8985,1.02203,1.54667
25.953000000000003,1.1066799999999999,1.5448
26.0008,1.179,1.4671100000000001
26.0486,1.2458,1.3138
26.09,1.29633,1.12086
26.1313,1.3378,0.8766959999999999
26.1727,1.36825,0.5900350000000001
26.214000000000002,1.38618,0.273384
26.2554,1.39066,-0.057914
26.2919,1.38321,-0.349145
26.3284,1.36533,-0.627488
26.3649,1.33769,-0.8828229999999999
26.4014,1.3012700000000001,-1.10693
26.4386,1.2564799999999998,-1.297
26.4768,1.2038,-1.4489100000000001
26.5166,1.14382,-1.5587600000000001
26.5584,1.07714,-1.62324
26.6029,1.0044,-1.63947
26.6509,0.9262520000000001,-1.60458
26.704,0.8432700000000001,-1.51476
26.7647,0.755662,-1.36271
26.8407,0.660959,-1.12435
26.9327,0.572248,-0.7994359999999999
27.0248,0.514034,-0.466168
27.1168,0.48601400000000006,-0.146285
27.2089,0.486237,0.145438
27.3009,0.511566,0.397367
27.3988,0.561383,0.60933
27.5034,0.6335729999999999,0.7560060000000001
27.5908,0.70223,0.802235
27.6674,0.763099,0.777215
27.744,0.8195600000000001,0.686747
27.8098,0.860768,0.556921
27.8757,0.891949,0.383299
27.9415,0.910467,0.17401
28.0074,0.9143379999999999,-0.0594029
28.0732,0.9024120000000001,-0.303338
28.1391,0.874455,-0.544097
28.2049,0.8310780000000001,-0.76995
28.2708,0.7735529999999999,-0.972741
28.3367,0.703549,-1.14866
28.4025,0.622845,-1.29809
28.4705,0.529974,-1.42868
28.5437,0.42096999999999996,-1.54965
28.6248,0.290275,-1.67156
28.7194,0.12550899999999998,-1.8128799999999998
28.837,-0.09878880000000001,-2.00447
28.9335,-0.300153,-2.17232
29.0299,-0.517162,-2.3218400000000003
29.0975,-0.6766979999999999,-2.38459
29.1542,-0.811999,-2.3847400000000003
29.2108,-0.945399,-2.31356
29.256,-1.0475299999999999,-2.19029
29.3013,-1.14254,-1.99774
29.340999999999998,-1.2175799999999999,-1.7671
29.3808,-1.28231,-1.47945
29.4206,-1.33455,-1.14008
29.4603,-1.3724299999999998,-0.759342
29.4952,-1.39275,-0.40263000000000004
29.5301,-1.40045,-0.0377577
29.5651,-1.39545,0.32204
29.6,-1.3781700000000001,0.663732
29.6349,-1.34945,0.975615
29.6698,-1.3105,1.24822
29.7047,-1.26282,1.4748700000000001
29.7407,-1.20634,1.65642
29.778000000000002,-1.1419,1.7880599999999998
29.8171,-1.0703,1.86612
29.8585,-0.992449,1.88737
29.9028,-0.909343,1.84855
29.9512,-0.82216,1.7454599999999998
30.0052,-0.732336,1.5710899999999999
30.068,-0.641594,1.31007
30.1502,-0.550231,0.904999
30.239,-0.491191,0.41876499999999994
30.3278,-0.476574,-0.09182539999999999
30.4166,-0.5076149999999999,-0.6062850000000001
30.4938,-0.571311,-1.03998
30.570999999999998,-0.6673640000000001,-1.44038
30.6482,-0.792127,-1.7776
30.7177,-0.92369,-1.99102
30.7718,-1.03403,-2.0705
30.819000000000003,-1.13166,-2.05912
30.8661,-1.2267,-1.95878
30.9056,-1.30116,-1.79925
30.9451,-1.3679299999999999,-1.56914
30.9846,-1.42426,-1.27187
31.0188,-1.46261,-0.967714
31.0529,-1.48996,-0.62958
31.0871,-1.50536,-0.269665
31.1212,-1.50829,0.09792689999999998
31.1554,-1.49875,0.45836899999999997
31.1895,-1.4772299999999998,0.797407
31.2237,-1.44468,1.10257
31.2578,-1.4024299999999998,1.3640700000000001
31.2919,-1.35209,1.57534
31.3261,-1.29544,1.7330900000000002
31.3618,-1.23153,1.84047
31.3993,-1.16123,1.89293
31.4394,-1.08535,1.88647
31.4828,-1.00478,1.81647
31.531,-0.9204120000000001,1.6758099999999998
31.5869,-0.8327559999999999,1.44912
31.6561,-0.7441,1.10402
31.7284,-0.678724,0.6982430000000001
31.8008,-0.643563,0.27234200000000003
31.8731,-0.639328,-0.153865
31.9454,-0.665423,-0.563457
32.0178,-0.720028,-0.9390200000000001
32.0901,-0.799955,-1.25967
32.1633,-0.901645,-1.5012
32.2288,-1.0043799999999998,-1.6191200000000001
32.2824,-1.09184,-1.62794
32.3361,-1.17734,-1.54431
32.3797,-1.24184,-1.40288
32.4233,-1.29872,-1.1955
32.4669,-1.34521,-0.927214
32.5044,-1.37504,-0.6551130000000001
32.542,-1.39408,-0.355297
32.5796,-1.40153,-0.0397832
32.6171,-1.39704,0.27813899999999997
32.6547,-1.38077,0.5850989999999999
32.6923,-1.35337,0.8688440000000001
32.7299,-1.3159100000000001,1.1192600000000001
32.7674,-1.26979,1.32904
32.805,-1.21662,1.49394
32.8439,-1.15598,1.61605
32.8846,-1.08837,1.6925
32.9279,-1.01439,1.72058
32.9744,-0.934684,1.69776
33.0254,-0.8498459999999999,1.62105
33.0829,-0.760275,1.4853299999999998
33.1516,-0.6652279999999999,1.27722
33.2401,-0.5656180000000001,0.968568
33.3286,-0.494174,0.645321
33.4171,-0.45115500000000003,0.329181
33.5057,-0.43527200000000005,0.034091199999999995
33.5972,-0.444913,-0.238425
33.696,-0.48110600000000003,-0.48487700000000006
33.8081,-0.547754,-0.68972
33.9047,-0.6197550000000001,-0.788285
33.9878,-0.686401,-0.8047449999999999
34.0708,-0.751517,-0.7505149999999999
34.1408,-0.8007479999999999,-0.64752
34.2108,-0.840974,-0.49384799999999995
34.2808,-0.8688370000000001,-0.295656
34.3508,-0.881567,-0.06354560000000001
34.4121,-0.878769,0.156556
34.4734,-0.8622780000000001,0.381537
34.5347,-0.8321049999999999,0.6015189999999999
34.596,-0.788816,0.808398
34.6573,-0.733395,0.9967530000000001
34.7206,-0.664695,1.1694200000000001
34.7867,-0.582095,1.32665
34.8567,-0.48398800000000003,1.47193
34.9325,-0.366952,1.61257
35.0175,-0.223617,1.7615900000000002
35.118,-0.0375143,1.9423400000000002
35.2193,0.169027,2.13781
35.3206,0.39562800000000004,2.3336
35.4039,0.5956199999999999,2.46076
35.4643,0.745851,2.5031
35.5163,0.875862,2.48244
35.5684,1.00296,2.38793
35.6111,1.10208,2.24182
35.6538,1.1934799999999999,2.0253099999999997
35.6965,1.27405,1.73508
35.7328,1.33165,1.4328299999999998
35.7691,1.37745,1.08564
35.8053,1.4099899999999999,0.703647
35.8416,1.42824,0.30046100000000003
35.8779,1.43172,-0.10796700000000001
35.9141,1.42055,-0.5048600000000001
35.9504,1.39543,-0.874289
35.9867,1.35762,-1.20268
36.023,1.3088,-1.4799
36.0592,1.25096,-1.69976
36.0955,1.18622,-1.8599400000000001
36.1328,1.11475,-1.96355
36.172,1.03662,-2.01011
36.2138,0.9526469999999999,-1.99692
36.259,0.863869,-1.9206400000000001
36.3089,0.771543,-1.77633
36.3653,0.677239,-1.55465
36.433,0.5827399999999999,-1.2318799999999999
36.523,0.49349899999999997,-0.741101
36.6131,0.45036800000000005,-0.21259299999999998
36.7031,0.45563100000000006,0.33021799999999996
36.7932,0.509682,0.867302
36.8721,0.5959260000000001,1.31345
36.951,0.715619,1.7099099999999998
37.0351,0.873833,2.0314
37.0917,0.992892,2.15448
37.1399,1.09755,2.1766400000000004
37.1881,1.2011,2.1055099999999998
37.2278,1.28224,1.96714
37.2675,1.35637,1.7524099999999998
37.3072,1.42046,1.4625
37.3411,1.46502,1.16137
37.375,1.49866,0.819314
37.4088,1.5201799999999999,0.448057
37.4427,1.52883,0.0618381
37.4766,1.52437,-0.32372
37.5104,1.50709,-0.693004
37.5443,1.4777799999999999,-1.03179
37.5782,1.43769,-1.3284
37.611999999999995,1.38839,-1.57443
37.6459,1.33169,-1.7650599999999999
37.6803,1.26849,-1.9004900000000002
37.7162,1.19858,-1.9810599999999998
37.7542,1.12259,-2.00346
37.7951,1.04134,-1.9638099999999998
37.8398,0.955725,-1.857
37.8901,0.866608,-1.6740599999999999
37.9504,0.773964,-1.3917700000000002
38.0245,0.6856439999999999,-0.984562
38.0985,0.628941,-0.5429039999999999
38.1726,0.605456,-0.0911365
38.2467,0.615229,0.352184
38.3208,0.6570060000000001,0.770054
38.3948,0.728215,1.14324
38.4689,0.824673,1.4470299999999998
38.5498,0.9513459999999999,1.66136
38.6066,1.04766,1.7125400000000002
38.6556,1.131,1.6753900000000002
38.7046,1.2104700000000002,1.55378
38.7462,1.2717,1.3815
38.7878,1.32447,1.14754
38.8293,1.3663399999999999,0.85845
38.8659,1.39252,0.567209
38.9025,1.40757,0.252548
38.9391,1.41087,-0.07310830000000001
38.9757,1.40225,-0.396492
39.0123,1.3820299999999999,-0.704669
39.0489,1.35099,-0.986157
39.0855,1.31028,-1.23181
39.1221,1.26134,-1.43534
39.1594,1.20468,-1.59601
39.1981,1.14045,-1.7124700000000002
39.2388,1.0691899999999999,-1.78198
39.2821,0.9915010000000001,-1.80213
39.3287,0.9079879999999999,-1.7707
39.38,0.8192159999999999,-1.68503
39.4379,0.725527,-1.54037
39.5072,0.626097,-1.32388
39.6002,0.518044,-0.995555
39.6932,0.44121800000000005,-0.657141
39.7862,0.395424,-0.331022
39.8792,0.378841,-0.030738099999999997
39.9776,0.389923,0.24869000000000002
40.086999999999996,0.43159200000000003,0.502379
40.2044,0.502744,0.693915
40.2995,0.573114,0.775315
40.3945,0.647641,0.7797310000000001
40.4717,0.705978,0.7206359999999999
40.549,0.757499,0.6033350000000001
40.6263,0.797778,0.43053
40.6931,0.820433,0.242573
40.7599,0.8295809999999999,0.027715499999999997
40.8266,0.823775,-0.203301
40.8934,0.802321,-0.438959
40.9602,0.7652720000000001,-0.668671
41.027,0.7133149999999999,-0.884316
41.0938,0.647564,-1.08123
41.1622,0.567347,-1.2624
41.2341,0.470354,-1.43351
41.3114,0.352865,-1.6023
41.3975,0.207182,-1.78252
41.4979,0.0174312,-1.99742
41.5959,-0.189031,-2.21821
41.6939,-0.417162,-2.43447
41.7716,-0.611969,-2.56921
41.8299,-0.763508,-2.61835
41.8803,-0.895186,-2.60135
41.9306,-1.02417,-2.50787
41.972,-1.12515,-2.35995
42.0134,-1.21853,-2.13888
42.0548,-1.30116,-1.8409200000000001
42.0899,-1.36053,-1.52938
42.1251,-1.4081,-1.17021
42.1602,-1.44235,-0.773552
42.1954,-1.4621899999999999,-0.353128
42.2305,-1.46708,0.074782
42.2657,-1.45705,0.492888
42.3008,-1.43275,0.8845860000000001
42.336000000000006,-1.39535,1.23553
42.3711,-1.34651,1.5348
42.4063,-1.28816,1.7755
42.4414,-1.22243,1.9547299999999999
42.4772,-1.1501,2.07484
42.5147,-1.07084,2.1370400000000003
42.5546,-0.985359,2.13896
42.5976,-0.894602,2.0777200000000002
42.6446,-0.799705,1.94934
42.6973,-0.702078,1.7468099999999998
42.7587,-0.603474,1.4544700000000002
42.8383,-0.504793,1.01756
42.93,-0.436428,0.467684
43.0217,-0.41968999999999995,-0.104564
43.1134,-0.455658,-0.678455
43.1938,-0.529889,-1.16521
43.2741,-0.641887,-1.6139299999999999
43.3554,-0.789143,-1.99205
43.4179,-0.9205690000000001,-2.19487
43.4691,-1.03521,-2.27656
43.5141,-1.13791,-2.26705
43.5592,-1.2381799999999998,-2.1661599999999996
43.5972,-1.3176,-2.00217
43.6352,-1.38937,-1.76308
43.6732,-1.45065,-1.45135
43.706,-1.49315,-1.12979
43.7388,-1.52442,-0.7693909999999999
43.7717,-1.54338,-0.38243699999999997
43.8045,-1.5494,0.0165178
43.8373,-1.54234,0.411829
43.8702,-1.52257,0.7881279999999999
43.903,-1.49094,1.13164
43.9358,-1.44874,1.43124
43.9687,-1.39752,1.6791200000000002
44.0015,-1.33909,1.87095
44.0352,-1.2735299999999998,2.00855
44.0705,-1.20107,2.09024
44.1078,-1.12238,2.11272
44.1479,-1.0382799999999999,2.0723700000000003
44.1917,-0.9496479999999999,1.9645299999999999
44.2409,-0.8573790000000001,1.7812599999999998
44.2989,-0.7618189999999999,1.50338
44.3728,-0.665732,1.08826
44.4467,-0.601827,0.637423
44.5206,-0.571779,0.17546099999999998
44.5945,-0.5757220000000001,-0.279713
44.6684,-0.6125729999999999,-0.712439
44.7423,-0.680057,-1.10544
44.8163,-0.77445,-1.43631
44.9008,-0.9079709999999999,-1.69937
44.9591,-1.0099200000000002,-1.7806799999999998
45.00899999999999,-1.0988,-1.76745
45.0589,-1.18485,-1.6661299999999999
45.1008,-1.2516100000000001,-1.50809
45.1427,-1.31033,-1.28345
45.1846,-1.35832,-0.99725
45.2211,-1.38951,-0.705814
45.2576,-1.4095,-0.38555100000000003
45.2941,-1.41746,-0.0488199
45.3306,-1.41303,0.290692
45.3671,-1.3963700000000001,0.6191840000000001
45.4036,-1.36811,0.923984
45.4401,-1.32933,1.1946
45.4766,-1.28141,1.4234200000000001
45.5131,-1.2259799999999998,1.6059999999999999
45.5508,-1.16267,1.7445700000000002
45.5903,-1.0919,1.8366900000000002
45.6319,-1.01425,1.88005
45.6766,-0.930277,1.87273
45.7252,-0.840543,1.8129099999999998
45.7792,-0.745482,1.6979
45.8415,-0.645073,1.52173
45.9191,-0.5367149999999999,1.26406
46.0123,-0.43429799999999996,0.9338639999999999
46.1054,-0.362632,0.607284
46.1986,-0.32054499999999997,0.300733
46.2979,-0.305595,0.00648065
46.4081,-0.320667,-0.271004
46.5354,-0.371758,-0.517284
46.6457,-0.43713900000000006,-0.655854
46.7426,-0.503921,-0.711645
46.8395,-0.572807,-0.698152
46.9223,-0.628083,-0.627587
47.0051,-0.675225,-0.501945
47.0879,-0.709792,-0.32489
47.1707,-0.727849,-0.105048
47.2535,-0.726368,0.144523
47.3363,-0.703519,0.408398
47.4191,-0.658742,0.6718850000000001
47.5019,-0.5925560000000001,0.924118
47.5848,-0.5061439999999999,1.16006
47.6676,-0.400848,1.38083
47.7535,-0.272658,1.60037
47.8493,-0.107723,1.84443
47.9575,0.10726199999999998,2.1307
48.0498,0.315292,2.37871
48.141999999999996,0.545288,2.59891
48.20399999999999,0.709696,2.6977700000000002
48.2562,0.851556,2.7229400000000004
48.3085,0.9927790000000001,2.66907
48.3501,1.10181,2.55233
48.3918,1.20439,2.35776
48.4283,1.28629,2.11746
48.4648,1.3582,1.81095
48.5013,1.4177600000000001,1.44234
48.5378,1.46288,1.02131
48.5696,1.48908,0.623583
48.6014,1.5023600000000001,0.21001199999999998
48.6332,1.50242,-0.205289
48.665,1.4894399999999999,-0.6078720000000001
48.6968,1.46405,-0.984173
48.7286,1.42727,-1.32259
48.7604,1.38045,-1.61427
48.7922,1.32518,-1.85349
48.8251,1.26078,-2.04343
48.8594,1.1882,-2.17855
48.8954,1.10824,-2.25546
48.9336,1.0217200000000002,-2.27141
48.9745,0.929535,-2.22376
49.0191,0.832731,-2.10913
49.0686,0.7325649999999999,-1.9219099999999998
49.1256,0.630618,-1.65042
49.1955,0.528508,-1.2619799999999999
49.2815,0.442326,-0.7352310000000001
49.3676,0.402775,-0.181573
49.4536,0.411314,0.38010900000000003
49.5396,0.467938,0.9334950000000001
49.6256,0.571084,1.45731
49.7117,0.716825,1.9162
49.7815,0.8612790000000001,2.2006
49.8355,0.984017,2.33429
49.8821,1.09402,2.36707
49.9288,1.20339,2.30418
49.9674,1.28987,2.16906
50.0059,1.3695899999999999,1.9529
50.0445,1.4394,1.65546
50.0772,1.48868,1.34311
50.11,1.52694,0.9842719999999999
50.1428,1.55282,0.590464
50.1756,1.56542,0.17616500000000002
50.2083,1.56433,-0.242304
50.2411,1.54967,-0.648208
50.2739,1.52214,-1.0259
50.3067,1.48288,-1.3621299999999998
50.3394,1.43341,-1.6469999999999998
50.3722,1.37554,-1.8743599999999998
50.405,1.3112,-2.04176
50.4389,1.23984,-2.1528099999999997
50.4747,1.1618,-2.2053599999999998
50.5127,1.07781,-2.1962599999999997
50.5539,0.988677,-2.12186
50.5994,0.89531,-1.9768599999999998
50.6512,0.7985220000000001,-1.75092
50.7146,0.697811,-1.4140000000000001
50.7956,0.602677,-0.929278
50.8766,0.548026,-0.419121
50.9575,0.5347970000000001,0.0904739
51.0385,0.56213,0.579893
51.1194,0.627617,1.02948
51.2004,0.727062,1.41385
51.2864,0.8624209999999999,1.71029
51.3462,0.9685290000000001,1.8185900000000002
51.3973,1.0620100000000001,1.82791
51.4484,1.1537,1.74688
51.4909,1.22519,1.60379
51.5334,1.28909,1.39028
51.576,1.34246,1.1099299999999999
51.6126,1.37801,0.821321
51.6493,1.40231,0.49924700000000005
51.68600000000001,1.4143700000000001,0.155856
51.7227,1.4136600000000001,-0.194939
51.7594,1.40016,-0.538695
51.7961,1.37439,-0.861773
51.8328,1.33733,-1.15254
51.8694,1.29033,-1.4022299999999999
51.9061,1.23501,-1.6053899999999999
51.9434,1.17218,-1.76175
51.9821,1.10161,-1.8720299999999999
52.0229,1.02376,-1.9343099999999998
52.0664,0.939134,-1.94697
52.1135,0.8482430000000001,-1.90875
52.1653,0.751487,-1.8181900000000002
52.2239,0.648972,-1.6723400000000002
52.2936,0.539667,-1.46249
52.3907,0.41306000000000004,-1.14124
52.4905,0.315759,-0.811002
52.5903,0.25048200000000004,-0.501923
52.6946,0.213522,-0.21366100000000002
52.81100000000001,0.20501,0.058093399999999996
52.9487,0.230884,0.303396
53.0881,0.28522600000000004,0.460293
53.203,0.341965,0.515083
53.318000000000005,0.400917,0.498217
53.433,0.453697,0.40766199999999997
53.5335,0.48818100000000003,0.26976700000000003
53.63399999999999,0.506273,0.08271060000000001
53.7345,0.503472,-0.144128
53.835,0.476362,-0.398994
53.9372,0.42155,-0.675341
54.0438,0.33377399999999996,-0.973189
54.1574,0.204744,-1.29939
54.2803,0.0227578,-1.66694
54.378,-0.15492899999999998,-1.97245
54.4757,-0.362635,-2.27768
54.5733,-0.598631,-2.5412
54.6331,-0.75398,-2.64553
54.6841,-0.889913,-2.6729
54.7351,-1.0252700000000001,-2.61911
54.7763,-1.13081,-2.50052
54.8174,-1.22989,-2.30344
54.8535,-1.30895,-2.0604299999999998
54.8897,-1.37805,-1.75187
54.9258,-1.43486,-1.3826
54.961999999999996,-1.47738,-0.962824
54.9936,-1.50159,-0.566551
55.0252,-1.51302,-0.15607200000000002
55.0567,-1.51145,0.254531
55.0883,-1.49709,0.650991
55.1199,-1.47062,1.02005
55.1515,-1.43306,1.35047
55.1831,-1.3858,1.6337899999999999
55.2151,-1.32959,1.86747
55.2481,-1.2647899999999999,2.04935
55.2824,-1.19208,2.17577
55.3185,-1.11219,2.24349
55.3568,-1.02596,2.2496400000000003
55.398,-0.934301,2.1913
55.443000000000005,-0.838291,2.06455
55.4933,-0.739218,1.86265
55.5518,-0.638614,1.57077
55.6265,-0.537046,1.13933
55.7162,-0.459987,0.573294
55.8059,-0.434892,-0.0154004
55.8955,-0.462766,-0.604675
55.9852,-0.54271,-1.1725
56.0749,-0.671467,-1.6864599999999998
56.1646,-0.841949,-2.09127
56.2221,-0.967361,-2.25368
56.2704,-1.07782,-2.30536
56.3187,-1.18849,-2.25936
56.3581,-1.27535,-2.1377900000000003
56.3975,-1.3558299999999999,-1.9342599999999999
56.4369,-1.42664,-1.64792
56.4701,-1.47655,-1.3458299999999999
56.5034,-1.5156100000000001,-0.9962639999999999
56.5366,-1.5424,-0.6104729999999999
56.5698,-1.55595,-0.20277799999999999
56.6031,-1.55582,0.210533
56.6363,-1.54208,0.612639
56.6696,-1.51538,0.9877049999999999
56.7028,-1.47685,1.32225
56.7361,-1.42802,1.60612
56.7693,-1.37069,1.83293
56.8026,-1.30681,2.00008
56.8368,-1.23621,2.11065
56.8729,-1.159,2.16341
56.9113,-1.07585,2.15525
56.9529,-0.987576,2.0825299999999998
56.9988,-0.895048,1.93992
57.0511,-0.799026,1.7169299999999998
57.1157,-0.698711,1.3822
57.1972,-0.605216,0.906291
57.2691,-0.5558270000000001,0.465423
57.341,-0.538254,0.0243136
57.413000000000004,-0.552004,-0.403265
57.4864,-0.59682,-0.812127
57.5619,-0.6726449999999999,-1.18697
57.6421,-0.781447,-1.50833
57.7122,-0.894202,-1.6945
57.7689,-0.992603,-1.75837
57.8189,-1.0802100000000001,-1.7350700000000001
57.8689,-1.16457,-1.62671
57.9113,-1.23034,-1.4636
57.9537,-1.2878100000000001,-1.23561
57.9961,-1.3343200000000002,-0.9480930000000001
58.0333,-1.3642100000000001,-0.6555340000000001
58.0704,-1.38269,-0.33555300000000005
58.1076,-1.38896,-0.000568642
58.1447,-1.3827200000000002,0.33581300000000003
58.1819,-1.36416,0.660028
58.218999999999994,-1.33397,0.959784
58.2562,-1.2932700000000001,1.22508
58.2933,-1.24345,1.44887
58.3305,-1.18616,1.62725
58.3691,-1.12049,1.7636599999999998
58.4096,-1.04708,1.8549400000000003
58.4525,-0.966458,1.8992
58.4984,-0.879123,1.89526
58.5484,-0.785474,1.8422599999999998
58.604,-0.685717,1.7389700000000001
58.6679,-0.579486,1.58213
58.7463,-0.464002,1.35964
58.8507,-0.33822199999999997,1.04974
58.9552,-0.244283,0.753622
59.0596,-0.179775,0.48786999999999997
59.1733,-0.138713,0.242274
59.3039,-0.122137,0.023172400000000003
59.4512,-0.13176500000000002,-0.138514
59.6009,-0.158856,-0.20736999999999997
59.7506,-0.189032,-0.179952
59.9002,-0.208069,-0.0593669
60.0499,-0.202504,0.147255
60.1996,-0.160225,0.429284
60.3595,-0.0626922,0.801407
60.4774,0.0499503,1.11566
60.5817,0.181901,1.4164700000000001
60.6861,0.34584000000000004,1.72555
60.7904,0.5412,2.0110799999999998
60.8652,0.697812,2.16585
60.9248,0.8291799999999999,2.2308
60.9767,0.945066,2.22431
61.0286,1.05869,2.1408
61.0716,1.148,2.0021
61.1146,1.22987,1.7941099999999999
61.1576,1.30128,1.51576
61.1942,1.35165,1.22678
61.2308,1.39067,0.8975290000000001
61.2675,1.4170399999999999,0.5387689999999999
61.3041,1.42995,0.16414600000000001
61.3407,1.42907,-0.21095100000000003
61.3774,1.41468,-0.5708439999999999
61.413999999999994,1.3876,-0.9010729999999999
61.4506,1.34917,-1.1896799999999998
61.4873,1.30106,-1.42805
61.5239,1.24521,-1.61125
61.5605,1.1837,-1.73784
61.5991,1.11513,-1.8116299999999999
61.6399,1.04059,-1.8282900000000002
61.6838,0.9610879999999999,-1.7838200000000002
61.7319,0.877768,-1.67285
61.7861,0.7919069999999999,-1.4858
61.8511,0.704372,-1.1978600000000001
61.9303,0.625506,-0.78532
62.0095,0.581009,-0.33419299999999996
62.0887,0.572991,0.132659
62.1678,0.601932,0.596174
62.247,0.66679,1.03607
62.3262,0.764702,1.4257799999999998
62.4054,0.890287,1.7276
62.4693,1.0058,1.87254
62.521,1.10382,1.9022599999999998
62.5727,1.20097,1.8359900000000002
62.6144,1.27495,1.7045700000000001
62.656000000000006,1.34194,1.5006899999999999
62.6977,1.39897,1.22701
62.733000000000004,1.43753,0.946002
62.7684,1.4655,0.629713
62.8038,1.4818200000000001,0.289908
62.8392,1.4859,-0.0596132
62.8746,1.47766,-0.40417
62.91,1.4575200000000001,-0.729511
62.9453,1.42641,-1.02305
62.9807,1.38562,-1.27484
63.0161,1.33677,-1.4781
63.0515,1.28164,-1.62937
63.0882,1.21975,-1.7309700000000001
63.1269,1.15167,-1.77952
63.1682,1.07817,-1.77105
63.2131,1.00006,-1.7007299999999999
63.2632,0.9181389999999999,-1.56085
63.3222,0.832421,-1.33315
63.3932,0.749358,-0.999007
63.4641,0.6914939999999999,-0.627436
63.5351,0.660636,-0.241288
63.6061,0.65717,0.141792
63.6771,0.68033,0.5065649999999999
63.748000000000005,0.728279,0.8376299999999999
63.818999999999996,0.798016,1.1173
63.8928,0.8889549999999999,1.33066
63.9686,0.994705,1.43834
64.0247,1.07538,1.4273799999999999
64.0741,1.14422,1.34463
64.1236,1.20719,1.18992
64.1666,1.25444,0.998193
64.2096,1.2923799999999999,0.758625
64.2526,1.31915,0.480311
64.2957,1.33333,0.175814
64.3387,1.33412,-0.13986300000000002
64.3817,1.3213700000000002,-0.450783
64.4247,1.29562,-0.741788
64.4677,1.2580200000000001,-1.00006
64.5108,1.21018,-1.21623
64.5538,1.15405,-1.38487
64.5968,1.0917299999999999,-1.5044
64.6406,1.0240200000000002,-1.57739
64.687,0.949996,-1.60579
64.737,0.869993,-1.5881100000000001
64.7919,0.784433,-1.52242
64.8539,0.693455,-1.4053799999999999
64.9279,0.595881,-1.22775
65.0276,0.486753,-0.9576379999999999
65.1273,0.404972,-0.683863
65.2271,0.34976,-0.42744899999999997
65.3268,0.318727,-0.200493
65.4349,0.308521,0.00391023
65.5569,0.320133,0.175574
65.6861,0.350637,0.283113
65.8154,0.389836,0.30951
65.9447,0.427091,0.25309299999999996
66.074,0.45183999999999996,0.117112
66.2033,0.454359,-0.08859299999999999
66.3326,0.426598,-0.34842199999999995
66.4619,0.36267,-0.645508
66.5943,0.25550300000000004,-0.976442
66.7413,0.08333810000000001,-1.3723100000000001
66.8469,-0.0776834,-1.67792
66.9425,-0.251616,-1.96462
67.038,-0.45268500000000006,-2.24074
67.1173,-0.638242,-2.42747
67.1765,-0.784634,-2.51068
67.2274,-0.9129709999999999,-2.51999
67.2783,-1.03985,-2.44984
67.3199,-1.13934,-2.3193599999999996
67.3615,-1.23187,-2.11381
67.4031,-1.3142,-1.82917
67.4382,-1.37331,-1.52906
67.4734,-1.42101,-1.18003
67.5085,-1.45573,-0.792
67.5436,-1.47633,-0.37855300000000003
67.5787,-1.48221,0.0440797
67.6138,-1.4733399999999999,0.458527
67.6489,-1.4503,0.8479770000000001
67.6841,-1.41425,1.19776
67.7192,-1.3667799999999999,1.49658
67.7543,-1.30982,1.73711
67.7894,-1.2455,1.91609
67.825,-1.17503,2.0350599999999996
67.8623,-1.09784,2.0960400000000003
67.9019,-1.0146,2.0964099999999997
67.9446,-0.9262610000000001,2.03286
67.9914,-0.8339639999999999,1.90074
68.0441,-0.7390680000000001,1.6916900000000001
68.1063,-0.643018,1.38575
68.1891,-0.547405,0.9159729999999999
68.2718,-0.49250200000000005,0.406621
68.3546,-0.48054300000000005,-0.11867899999999999
68.4373,-0.512081,-0.6416930000000001
68.5201,-0.586152,-1.14293
68.6028,-0.69989,-1.5947200000000001
68.6856,-0.8475379999999999,-1.95353
68.7457,-0.9704,-2.11947
68.7955,-1.07778,-2.17162
68.8454,-1.1854,-2.1259799999999998
68.8858,-1.26904,-2.00631
68.9261,-1.3462399999999999,-1.8069099999999998
68.9617,-1.4064299999999998,-1.56457
68.9973,-1.45695,-1.2641200000000001
69.0329,-1.49585,-0.9140360000000001
69.0685,-1.52159,-0.527061
69.1041,-1.5331299999999999,-0.11936500000000001
69.1397,-1.53006,0.29083200000000003
69.1753,-1.51261,0.685026
69.2109,-1.48167,1.04627
69.2465,-1.43868,1.36069
69.2821,-1.38547,1.6185100000000001
69.3177,-1.32418,1.81437
69.3533,-1.25704,1.9470900000000002
69.3896,-1.1849399999999999,2.01973
69.4279,-1.1070200000000001,2.03355
69.4692,-1.02388,1.98515
69.5145,-0.9363670000000001,1.86946
69.5657,-0.8452649999999999,1.67725
69.6276,-0.750218,1.38331
69.7042,-0.660139,0.9631200000000001
69.7807,-0.6035510000000001,0.513003
69.8572,-0.581745,0.057599000000000004
69.9338,-0.594395,-0.38456
70.0103,-0.639837,-0.7964060000000001
70.0868,-0.715029,-1.15831
70.1634,-0.815217,-1.44474
70.2346,-0.9247700000000001,-1.61437
70.2916,-1.01852,-1.66127
70.3416,-1.10104,-1.62355
70.3916,-1.17964,-1.50324
70.4343,-1.24031,-1.33281
70.4769,-1.29241,-1.10172
70.5195,-1.3334700000000002,-0.816513
70.5571,-1.35886,-0.528948
70.5947,-1.37297,-0.2186
70.6324,-1.37517,0.102156
70.67,-1.36532,0.42017899999999997
70.7076,-1.34376,0.722742
70.7452,-1.3113,0.99866
70.7828,-1.2691,1.23915
70.8204,-1.21862,1.43834
70.8588,-1.16012,1.5963200000000002
70.8988,-1.0938299999999999,1.7115
70.9409,-1.02024,1.7815299999999998
70.9856,-0.9398719999999999,1.8046099999999998
71.0338,-0.8532370000000001,1.77938
71.0868,-0.760737,1.70443
71.1466,-0.662489,1.5772
71.2172,-0.557541,1.39035
71.3139,-0.43668599999999996,1.1055700000000002
71.4155,-0.33978400000000003,0.8045439999999999
71.5171,-0.27257,0.523609
71.6212,-0.23163899999999998,0.268912
71.736,-0.214677,0.0353907
71.8688,-0.224221,-0.166328
72.0081,-0.257274,-0.293317
72.1475,-0.30175,-0.329802
72.2868,-0.344894,-0.274246
72.4261,-0.37402399999999997,-0.129631
72.5655,-0.377319,0.0943874
72.7048,-0.344763,0.38205900000000004
72.8441,-0.268687,0.71663
73.0161,-0.10638099999999999,1.17943
73.1249,0.0391077,1.4988299999999999
73.2233,0.201403,1.80207
73.3216,0.39364299999999997,2.10335
73.42,0.61387,2.36095
73.4816,0.762633,2.46437
73.53399999999999,0.892876,2.4910099999999997
73.5864,1.02252,2.43779
73.6288,1.1235899999999999,2.3214
73.6712,1.21815,2.12914
73.7084,1.2932700000000001,1.89327
73.7457,1.3584399999999999,1.5953899999999999
73.7829,1.41144,1.24098
73.8202,1.45033,0.840618
73.8528,1.4716799999999999,0.46399700000000005
73.8855,1.48051,0.0763965
73.9181,1.47669,-0.30850500000000003
73.9508,1.46054,-0.677075
73.9834,1.4328,-1.0168700000000002
74.0161,1.39458,-1.3175700000000001
74.0487,1.34728,-1.5716299999999999
74.0821,1.29121,-1.7784799999999998
74.1166,1.22696,-1.93428
74.1526,1.15526,-2.0352200000000003
74.1906,1.07692,-2.07793
74.2312,0.9928319999999999,-2.05923
74.2751,0.9040239999999999,-1.97537
74.3236,0.8116939999999999,-1.82073
74.37899999999999,0.717248,-1.58428
74.4465,0.621712,-1.23511
74.5334,0.5361199999999999,-0.726403
74.6203,0.496411,-0.1841
74.6968,0.500872,0.300742
74.7732,0.542187,0.777642
74.8496,0.61912,1.22939
74.9261,0.7288720000000001,1.63132
75.0056,0.8722540000000001,1.95632
75.064,0.991344,2.10115
75.1131,1.0957700000000001,2.13755
75.1622,1.19969,2.0777
75.2023,1.28061,1.9475099999999999
75.2424,1.35477,1.73963
75.2825,1.4190399999999999,1.45502
75.3165,1.4636200000000001,1.15862
75.3505,1.49738,0.820457
75.3845,1.51908,0.452176
75.4185,1.52795,0.06799880000000001
75.4525,1.5237100000000001,-0.316423
75.4865,1.50661,-0.685395
75.5206,1.47743,-1.0245799999999998
75.5546,1.43739,-1.32216
75.5886,1.38806,-1.5696299999999999
75.6226,1.33125,-1.76204
75.657,1.26803,-1.89925
75.693,1.1980600000000001,-1.9822400000000002
75.7311,1.12192,-2.0078400000000003
75.7719,1.04041,-1.9724
75.8166,0.9543709999999999,-1.87115
75.8668,0.864617,-1.69592
75.9265,0.771161,-1.4262299999999999
76.0008,0.679505,-1.0315299999999998
76.0751,0.618608,-0.603492
76.1495,0.5899979999999999,-0.166279
76.2238,0.5936680000000001,0.262246
76.2982,0.6283880000000001,0.666451
76.3725,0.6917399999999999,1.0294299999999998
76.4468,0.7799050000000001,1.32999
76.5307,0.902058,1.55951
76.59100000000001,0.9984850000000001,1.6268799999999999
76.6426,1.0822100000000001,1.6039
76.6942,1.1626,1.49644
76.7377,1.22443,1.3367799999999999
76.7812,1.27795,1.1151200000000001
76.8246,1.32059,0.8374870000000001
76.8627,1.34725,0.556746
76.9008,1.36271,0.251715
76.939,1.36628,-0.0653617
76.9771,1.35775,-0.381326
77.0152,1.3374,-0.683301
77.0533,1.30599,-0.9598459999999999
77.0914,1.26468,-1.2018799999999998
77.1295,1.21491,-1.4032
77.1682,1.1573,-1.56293
77.2085,1.0919,-1.6804599999999998
77.2507,1.01916,-1.75353
77.2956,0.9396,-1.78035
77.3441,0.853723,-1.75958
77.3972,0.761922,-1.6899099999999998
77.457,0.664315,-1.56904
77.5273,0.560014,-1.39049
77.6219,0.441089,-1.12219
77.7249,0.34082199999999996,-0.827031
77.8278,0.27007,-0.551771
77.9325,0.225557,-0.30530100000000004
78.0475,0.203828,-0.081173
78.1799,0.20654,0.10978299999999999
78.3208,0.23147600000000002,0.229411
78.4618,0.267013,0.259939
78.6027,0.30054000000000003,0.20114500000000002
78.7436,0.319684,0.0568966
78.8846,0.312985,-0.163665
79.0255,0.27059,-0.447313
79.1755,0.177349,-0.8042279999999999
79.3146,0.0399427,-1.17805
79.4213,-0.102276,-1.49001
79.5307,-0.283482,-1.8232599999999999
79.6401,-0.500659,-2.13945
79.7158,-0.66938,-2.31074
79.7749,-0.808546,-2.3871900000000004
79.8261,-0.9310510000000001,-2.39027
79.8772,-1.05178,-2.3145599999999997
79.9193,-1.14667,-2.18036
79.9615,-1.2343899999999999,-1.97333
80.0036,-1.3118,-1.6907900000000002
80.0392,-1.36701,-1.3948
80.0749,-1.4108100000000001,-1.0536
80.1106,-1.44179,-0.6775100000000001
80.1463,-1.45892,-0.280229
80.182,-1.4617200000000001,0.12232799999999999
80.2177,-1.45032,0.513487
80.2534,-1.4254,0.877442
80.2891,-1.38818,1.20071
80.3247,-1.3403100000000001,1.47317
80.3604,-1.28372,1.68858
80.3961,-1.2205,1.8445200000000002
80.4328,-1.15075,1.94387
80.4715,-1.0745799999999999,1.9856599999999998
80.5128,-0.992823,1.9667299999999999
80.5575,-0.906501,1.88303
80.607,-0.816837,1.72839
80.6638,-0.7252069999999999,1.49031
80.7347,-0.632021,1.12989
80.8114,-0.5619350000000001,0.6906359999999999
80.8881,-0.5267149999999999,0.22455300000000003
80.9649,-0.527699,-0.250379
81.0416,-0.5649649999999999,-0.718482
81.1183,-0.637333,-1.1618899999999999
81.1951,-0.742017,-1.5558299999999998
81.2718,-0.8739100000000001,-1.8638599999999999
81.3325,-0.992078,-2.01361
81.3828,-1.09466,-2.05151
81.433,-1.19678,-1.99285
81.4738,-1.27565,-1.8648099999999999
81.5146,-1.34776,-1.6605
81.5553,-1.41,-1.38134
81.5899,-1.45284,-1.09168
81.6244,-1.48496,-0.76212
81.65899999999999,-1.50516,-0.404308
81.6935,-1.51272,-0.032322000000000004
81.72800000000001,-1.5074100000000001,0.338479
81.7626,-1.48953,0.692825
81.7971,-1.4599,1.01689
81.8317,-1.4197600000000001,1.2994
81.8662,-1.3707,1.53235
81.9007,-1.31453,1.71124
81.936,-1.2519,1.83673
81.9728,-1.18271,1.90851
82.0119,-1.10761,1.9231900000000002
82.054,-1.02739,1.87678
82.1003,-0.9429040000000001,1.76378
82.1529,-0.8548549999999999,1.5739
82.2178,-0.762138,1.27621
82.2947,-0.6794020000000001,0.867707
82.3716,-0.629344,0.43139099999999997
82.4485,-0.613113,-0.00827986
82.5255,-0.630212,-0.432149
82.6024,-0.678729,-0.821976
82.6793,-0.755266,-1.15668
82.7562,-0.854592,-1.40946
82.8252,-0.9569,-1.53919
82.8814,-1.04434,-1.55808
82.9376,-1.13031,-1.4850700000000001
82.9831,-1.1951200000000002,-1.35293
83.0286,-1.25241,-1.15491
83.0741,-1.29926,-0.895655
83.1132,-1.32922,-0.631674
83.1523,-1.34827,-0.339537
83.1913,-1.35554,-0.03112
83.2304,-1.35066,0.28039200000000003
83.2695,-1.33376,0.581716
83.3086,-1.30549,0.860707
83.3477,-1.26691,1.1074
83.3867,-1.21945,1.31469
83.4258,-1.1647299999999998,1.47858
83.4663,-1.10227,1.60145
83.5087,-1.0325,1.68103
83.5536,-0.955952,1.71528
83.602,-0.87313,1.7026400000000002
83.6549,-0.784479,1.6416099999999998
83.7142,-0.6902050000000001,1.52979
83.7837,-0.589649,1.3609799999999999
83.8754,-0.47636999999999996,1.10697
83.978,-0.377804,0.814918
84.0806,-0.30853,0.539258
84.1832,-0.266074,0.293954
84.294,-0.246245,0.0720295
84.4196,-0.249896,-0.118998
84.5556,-0.275779,-0.247694
84.6916,-0.313399,-0.291103
84.8276,-0.351018,-0.24771300000000002
84.9636,-0.376952,-0.12015
85.0996,-0.380257,0.08312230000000001
85.2356,-0.351537,0.34821399999999997
85.3733,-0.282254,0.664226
85.5376,-0.138987,1.08876
85.6498,0.000922283,1.40689
85.7513,0.158998,1.7117
85.8527,0.348389,2.02074
85.9542,0.5679420000000001,2.29713
86.0198,0.723117,2.42306
86.0746,0.857391,2.46867
86.1229,0.9762629999999999,2.44374
86.1711,1.09209,2.33986
86.2116,1.1838899999999999,2.1808099999999997
86.2522,1.2678,1.94997
86.2927,1.3408799999999998,1.6464299999999998
86.3274,1.3928200000000002,1.33159
86.3622,1.4330399999999999,0.9744299999999999
86.397,1.4602600000000001,0.5861
86.4318,1.4736200000000002,0.180722
86.4666,1.47282,-0.22576999999999997
86.5014,1.4580899999999999,-0.61711
86.5362,1.43023,-0.9782290000000001
86.571,1.39052,-1.2965799999999998
86.6058,1.3406200000000001,-1.56301
86.6406,1.28243,-1.77216
86.6753,1.218,-1.92228
86.7117,1.14616,-2.01764
86.7501,1.06779,-2.0547400000000002
86.7911,0.9837870000000001,-2.03031
86.8356,0.895201,-1.9404700000000001
86.885,0.803261,-1.7791700000000001
86.9415,0.709384,-1.53419
87.0116,0.614287,-1.16869
87.1001,0.5334899999999999,-0.6491899999999999
87.1764,0.501942,-0.174993
87.2528,0.506941,0.305843
87.3291,0.548433,0.778615
87.4055,0.625173,1.2259799999999998
87.4818,0.7343390000000001,1.62317
87.561,0.87631,1.94238
87.6195,0.994656,2.0840799999999997
87.6687,1.0983100000000001,2.11788
87.7179,1.2013200000000002,2.05574
87.758,1.28148,1.92412
87.7982,1.35481,1.71543
87.8383,1.41822,1.43088
87.8724,1.4621,1.13507
87.9065,1.49516,0.798277
87.9406,1.51621,0.43218999999999996
87.9747,1.52447,0.051007800000000006
88.0088,1.51969,-0.32971100000000003
88.0429,1.50216,-0.6944279999999999
88.07700000000001,1.4726700000000001,-1.02901
88.1111,1.43246,-1.32185
88.1452,1.38309,-1.56466
88.1793,1.32637,-1.7526700000000002
88.2139,1.26319,-1.88615
88.2501,1.1933,-1.96547
88.2885,1.11732,-1.9874
88.3297,1.03605,-1.9481700000000002
88.3748,0.9503299999999999,-1.8428200000000001
88.4256,0.860958,-1.66261
88.4867,0.767714,-1.38455
88.5618,0.678469,-0.9844809999999999
88.6368,0.620642,-0.5525909999999999
88.7119,0.5956600000000001,-0.11311700000000001
88.787,0.603386,0.315742
88.8621,0.642408,0.717648
88.9372,0.710046,1.07451
89.0123,0.802095,1.36345
89.0945,0.923383,1.56676
89.1531,1.01711,1.6153899999999999
89.2038,1.0984,1.57806
89.2545,1.17573,1.4585
89.2976,1.23515,1.28972
89.3407,1.286,1.06129
89.3837,1.3258299999999998,0.779932
89.4217,1.35018,0.496755
89.4598,1.36332,0.19178399999999998
89.4978,1.3646399999999999,-0.12269000000000001
89.5358,1.3540299999999998,-0.43369300000000005
89.5738,1.33187,-0.728739
89.6118,1.2989700000000002,-0.996933
89.6498,1.25653,-1.2298
89.6878,1.206,-1.42175
89.7268,1.14743,-1.57345
89.7674,1.08114,-1.68277
89.8102,1.0076399999999999,-1.7473599999999998
89.8557,0.927467,-1.76547
89.905,0.841103,-1.7357099999999999
89.9592,0.748933,-1.6566
90.0206,0.650994,-1.5252299999999999
90.094,0.545966,-1.33293
90.2017,0.41906400000000005,-1.02268
90.3093,0.32564299999999996,-0.7160880000000001
90.4169,0.26393,-0.43620299999999995
90.5246,0.230348,-0.194825
90.6439,0.220502,0.0200978
90.7813,0.236078,0.19281500000000001
90.9203,0.270046,0.28136500000000003
91.0592,0.310133,0.28066399999999997
91.1982,0.343926,0.191211
91.3371,0.35941,0.018587700000000002
91.4761,0.345771,-0.225598
91.615,0.294111,-0.526069
91.7671,0.185944,-0.904049
91.8925,0.05125369999999999,-1.24898
91.9991,-0.09852430000000001,-1.56428
92.1076,-0.28627199999999997,-1.8973799999999998
92.2161,-0.509551,-2.21081
92.2889,-0.6767029999999999,-2.37292
92.3467,-0.816333,-2.44411
92.397,-0.9393870000000001,-2.44232
92.4472,-1.06044,-2.3613
92.4887,-1.1558,-2.2219599999999997
92.5302,-1.24386,-2.00925
92.5717,-1.3215299999999999,-1.72058
92.60700000000001,-1.3769999999999998,-1.41839
92.6422,-1.42099,-1.07057
92.6775,-1.4520600000000001,-0.687575
92.7127,-1.4692100000000001,-0.283202
92.74799999999999,-1.47197,0.12651300000000001
92.7832,-1.46043,0.52478
92.8185,-1.43529,0.8956780000000001
92.8537,-1.3977600000000001,1.2256200000000002
92.889,-1.34948,1.5043799999999998
92.9242,-1.2923799999999999,1.72564
92.9595,-1.22853,1.8869099999999999
92.9957,-1.15804,1.99112
93.0339,-1.08102,2.03748
93.0745,-0.998265,2.02293
93.1185,-0.9107790000000001,1.9437
93.1671,-0.81976,1.7941599999999998
93.2225,-0.726599,1.56332
93.29,-0.63226,1.22041
93.3759,-0.548392,0.724965
93.4617,-0.508728,0.195542
93.5374,-0.511897,-0.27932399999999996
93.613,-0.550805,-0.7469140000000001
93.6887,-0.6242939999999999,-1.19042
93.7643,-0.729707,-1.58622
93.8423,-0.866718,-1.9071799999999999
93.9024,-0.9862629999999999,-2.06033
93.9523,-1.09051,-2.10185
94.0022,-1.19448,-2.0465
94.0427,-1.2750700000000001,-1.92025
94.0832,-1.3489799999999998,-1.7164700000000002
94.1237,-1.41308,-1.43605
94.15799999999999,-1.45743,-1.14401
94.1923,-1.49104,-0.8104359999999999
94.2265,-1.5126600000000001,-0.44690100000000005
94.2608,-1.5215,-0.0675487
94.2951,-1.51729,0.312046
94.3294,-1.5002799999999998,0.6762699999999999
94.3637,-1.47126,1.01086
94.398,-1.43145,1.30407
94.4322,-1.38242,1.54746
94.4665,-1.32597,1.73612
94.5012,-1.26319,1.86995
94.5375,-1.19373,1.9498099999999998
94.5759,-1.11819,1.97252
94.6172,-1.03736,1.93429
94.6624,-0.9520870000000001,1.83012
94.7133,-0.8631620000000001,1.65124
94.7745,-0.770323,1.3744399999999999
94.8495,-0.681821,0.9772879999999999
94.9246,-0.624484,0.548347
94.9996,-0.599737,0.111795
95.0746,-0.607444,-0.314153
95.1496,-0.646197,-0.7131270000000001
95.2246,-0.713314,-1.06704
95.2996,-0.804597,-1.35313
95.3816,-0.924674,-1.55365
95.4404,-1.01787,-1.60114
95.4912,-1.0986200000000002,-1.56294
95.5421,-1.17536,-1.44279
95.5853,-1.23425,-1.27389
95.6284,-1.28454,-1.0458
95.6716,-1.32382,-0.765333
95.7098,-1.34771,-0.483288
95.7479,-1.3604100000000001,-0.17990799999999998
95.786,-1.36132,0.13254000000000002
95.8241,-1.35035,0.441144
95.8623,-1.32788,0.7335189999999999
95.9004,-1.2947600000000001,0.998892
95.9385,-1.25216,1.22892
95.9767,-1.20156,1.41814
96.0159,-1.1429,1.56748
96.0567,-1.07654,1.6745400000000001
96.0997,-1.00301,1.73701
96.1455,-0.922839,1.7531
96.1951,-0.836508,1.7214599999999998
96.2498,-0.744391,1.64054
96.3119,-0.646491,1.50731
96.3864,-0.541317,1.31247
96.4957,-0.41484899999999997,0.9995860000000001
96.605,-0.322569,0.692187
96.7143,-0.262474,0.41334499999999996
96.8236,-0.23073000000000002,0.174823
96.9443,-0.22284600000000002,-0.0342555
97.0819,-0.239681,-0.196747
97.2194,-0.273068,-0.274413
97.3569,-0.31116,-0.26502800000000004
97.4944,-0.342008,-0.169593
97.6319,-0.354123,0.00595031
97.7695,-0.33721999999999996,0.250134
97.90700000000001,-0.28284699999999996,0.5484859999999999
98.0613,-0.169107,0.933213
98.1824,-0.0362126,1.2672
98.2879,0.11389200000000001,1.57976
98.3949,0.300302,1.90707
98.5018,0.52099,2.21236
98.5734,0.685288,2.3677599999999996
98.6308,0.823517,2.43447
98.6808,0.9454540000000001,2.4287400000000003
98.7309,1.0652,2.34397
98.7723,1.15963,2.20159
98.8137,1.24666,1.98633
98.8552,1.32321,1.69597
98.8904,1.37781,1.39262
98.9257,1.4209,1.04449
98.961,1.45108,0.6621640000000001
98.9962,1.46737,0.259492
99.0315,1.46933,-0.147542
99.0668,1.4571100000000001,-0.542295
99.102,1.43141,-0.909068
99.1373,1.39347,-1.23454
99.1726,1.34494,-1.50876
99.2078,1.2877399999999999,-1.7256599999999997
99.2431,1.22393,-1.8829200000000001
99.2795,1.15335,-1.9838099999999999
99.3179,1.07627,-2.02684
99.3588,0.9935069999999999,-2.00887
99.4031,0.906099,-1.9260400000000002
99.4521,0.815253,-1.7724799999999998
99.5081,0.7223609999999999,-1.53653
99.57700000000001,0.628208,-1.18412
99.6638,0.546927,-0.682124
99.7395,0.512814,-0.21621100000000001
99.8152,0.5143800000000001,0.257693
99.891,0.5516770000000001,0.72495
99.9667,0.6235930000000001,1.16879
100.0,0.6655800000000001,1.35091
