,x,xdot
1e-06,6.03999e-10,0.000607999
6e-06,3.74398e-09,0.000647993
3.1e-05,2.2443299999999998e-08,0.000847955
0.000156,1.90919e-07,0.00184762
0.000781,2.9068099999999997e-06,0.00684219
0.003906,6.32031e-05,0.0317215
0.019531,0.0015175999999999998,0.1538
0.0933693,0.03281969999999999,0.680603
0.189134,0.126251,1.25041
0.274737,0.25151,1.66108
0.345898,0.379779,1.93314
0.408688,0.507206,2.11611
0.47147799999999995,0.644196,2.23565
0.521274,0.756741,2.27578
0.5710689999999999,0.8698799999999999,2.2579599999999997
0.6139,0.965309,2.18947
0.65673,1.05666,2.06691
0.699561,1.1415600000000001,1.88788
0.7369479999999999,1.20849,1.68606
0.774335,1.26714,1.44507
0.811722,1.31613,1.17089
0.849109,1.35438,0.8720549999999999
0.886496,1.38117,0.559286
0.923883,1.39618,0.244604
0.9612700000000001,1.39959,-0.0596876
0.998657,1.39199,-0.342113
1.03678,1.37396,-0.59758
1.07676,1.34543,-0.822049
1.11952,1.3061,-1.00742
1.1666100000000001,1.2551700000000001,-1.14435
1.21961,1.1921899999999999,-1.21879
1.27591,1.12325,-1.21774
1.3357,1.0522799999999999,-1.1457
1.3955,0.987265,-1.02231
1.45529,0.93065,-0.867711
1.51508,0.8837870000000001,-0.698549
1.5762399999999999,0.846424,-0.5238649999999999
1.6413799999999998,0.818131,-0.347206
1.71269,0.7996810000000001,-0.174573
1.7950700000000002,0.792331,-0.010788899999999999
1.8808799999999999,0.797083,0.11336900000000001
1.96669,0.810372,0.188154
2.0400400000000003,0.825326,0.21393800000000002
2.11338,0.8409610000000001,0.207275
2.18673,0.855036,0.172209
2.26008,0.865656,0.11400199999999999
2.3334200000000003,0.871344,0.0388044
2.40677,0.871094,-0.0468209
2.48012,0.8643780000000001,-0.136466
2.5556099999999997,0.8506319999999999,-0.226951
2.6356,0.8288700000000001,-0.315515
2.72245,0.797743,-0.398904
2.81988,0.755043,-0.474387
2.9245400000000004,0.70204,-0.535323
3.0363,0.639433,-0.582487
3.15958,0.5651079999999999,-0.622045
3.30175,0.473689,-0.664427
3.47174,0.355682,-0.727514
3.6172,0.244682,-0.8025939999999999
3.76265,0.12101600000000001,-0.902048
3.9081,-0.0189084,-1.02565
4.03774,-0.159866,-1.15031
4.171119999999999,-0.321934,-1.27799
4.2821,-0.468815,-1.36352
4.36227,-0.579711,-1.39832
4.43214,-0.6776439999999999,-1.39951
4.50201,-0.7744479999999999,-1.36465
4.55969,-0.851548,-1.30341
4.617380000000001,-0.924191,-1.20984
4.67506,-0.9904879999999999,-1.0834700000000002
4.72567,-1.04197,-0.9474020000000001
4.77628,-1.08605,-0.7915909999999999
4.8269,-1.12186,-0.621613
4.87751,-1.14886,-0.44457299999999994
4.92812,-1.16688,-0.268494
4.9787300000000005,-1.17619,-0.101542
5.03036,-1.17739,0.0515885
5.08474,-1.17077,0.187091
5.14395,-1.15619,0.298769
5.21056,-1.13342,0.37637800000000005
5.2792699999999995,-1.1063,0.404621
5.34797,-1.0788799999999998,0.386556
5.41668,-1.05403,0.331658
5.48538,-1.03391,0.250756
5.55409,-1.0199200000000002,0.15468099999999999
5.62279,-1.0127700000000002,0.053413999999999996
5.6915,-1.0125,-0.044375300000000006
5.7602,-1.01862,-0.131519
5.83357,-1.03115,-0.20654499999999998
5.918419999999999,-1.05136,-0.26411100000000004
5.9930699999999995,-1.07206,-0.286062
6.06772,-1.0934,-0.281122
6.1325400000000005,-1.1109200000000001,-0.256875
6.19735,-1.12636,-0.217144
6.262169999999999,-1.1388200000000002,-0.165907
6.32699,-1.14772,-0.1078
6.3918099999999995,-1.15276,-0.047668199999999994
6.45662,-1.15395,0.00990423
6.5229800000000004,-1.15152,0.06213919999999999
6.59352,-1.1454799999999998,0.106831
6.67175,-1.13568,0.140948
6.76045,-1.1222,0.15954100000000002
6.85265,-1.10738,0.158957
6.93297,-1.09507,0.146087
7.0133,-1.0841,0.1263
7.09362,-1.07485,0.103996
7.176010000000001,-1.06718,0.0825721
7.26463,-1.0607,0.0648508
7.36817,-1.05463,0.0544446
7.465739999999999,-1.0493299999999999,0.056063999999999996
7.56331,-1.04335,0.0680604
7.66087,-1.03578,0.08827549999999999
7.758439999999999,-1.02596,0.11375999999999999
7.85601,-1.0135100000000001,0.141426
7.9535800000000005,-0.998376,0.168595
8.05115,-0.9806940000000001,0.193359
8.14992,-0.960498,0.214968
8.25582,-0.936683,0.234148
8.37088,-0.908731,0.251185
8.49494,-0.8765700000000001,0.26702600000000004
8.62358,-0.841191,0.283196
8.75222,-0.803619,0.30149499999999996
8.88086,-0.7634529999999999,0.323754
9.00949,-0.720102,0.35118499999999997
9.13813,-0.672847,0.384562
9.26677,-0.620884,0.42447700000000005
9.39541,-0.563331,0.471596
9.53148,-0.495274,0.530328
9.68592,-0.407408,0.610051
9.84315,-0.304005,0.708484
10.0004,-0.183532,0.8276870000000001
10.1576,-0.042544599999999995,0.96945
10.3148,0.122314,1.12985
10.4392,0.270963,1.2590000000000001
10.5636,0.434775,1.36922
10.645999999999999,0.549723,1.41582
10.7177,0.651856,1.42747
10.7894,0.753558,1.40221
10.8476,0.8337200000000001,1.34847
10.9058,0.9097930000000001,1.26118
10.964,0.979773,1.13906
11.0143,1.03393,1.00631
11.0647,1.08084,0.8518610000000001
11.1151,1.11952,0.680912
11.1655,1.14931,0.5004029999999999
11.2159,1.16993,0.318432
11.2663,1.1815200000000001,0.14348699999999998
11.3167,1.18465,-0.0164101
11.3695,1.1798600000000001,-0.160415
11.4263,1.1671200000000002,-0.282219
11.4908,1.14568,-0.37448899999999996
11.5583,1.11863,-0.41858900000000004
11.627,1.08975,-0.41351400000000005
11.6958,1.06271,-0.367037
11.7564,1.04239,-0.300558
11.817,1.02661,-0.218338
11.8776,1.0161,-0.12782000000000002
11.9393,1.01111,-0.0340393
12.0034,1.01194,0.0585019
12.0712,1.01892,0.144868
12.1456,1.03264,0.21981799999999999
12.23,1.05372,0.27412800000000004
12.3029,1.07453,0.29243600000000003
12.3758,1.09571,0.284545
12.4399,1.11321,0.25792800000000005
12.5041,1.1285,0.216085
12.5683,1.1407100000000001,0.16309
12.6325,1.1493,0.103625
12.6967,1.15398,0.0425419
12.7609,1.1548200000000002,-0.0156077
12.8271,1.15199,-0.068446
12.8977,1.1455,-0.11342999999999999
12.9762,1.13513,-0.147425
13.0646,1.12117,-0.16510999999999998
13.1565,1.10594,-0.163379
13.2363,1.0933899999999999,-0.149551
13.3162,1.0822399999999999,-0.128928
13.395999999999999,1.07287,-0.105931
13.4781,1.0651,-0.0838908
13.5665,1.05854,-0.065676
13.6701,1.0524,-0.054953499999999995
13.7672,1.04708,-0.0565356
13.8644,1.0410700000000002,-0.068639
13.9615,1.03347,-0.08906739999999999
14.0587,1.02359,-0.11483900000000001
14.1559,1.01108,-0.142836
14.253,0.995856,-0.170354
14.3502,0.97806,-0.19546
14.4488,0.957673,-0.21743800000000002
14.5546,0.933602,-0.23695300000000002
14.6696,0.905309,-0.254278
14.7939,0.8726959999999999,-0.270362
14.9229,0.8367610000000001,-0.286758
15.052,0.798596,-0.30530300000000005
15.181,0.757793,-0.327891
15.3101,0.7137439999999999,-0.35578699999999996
15.4391,0.665708,-0.389803
15.5681,0.612854,-0.43057
15.6972,0.554266,-0.478793
15.8349,0.484257,-0.539606
15.9924,0.392892,-0.6231399999999999
16.1499,0.286993,-0.724705
16.3075,0.163455,-0.847569
16.465,0.018775200000000002,-0.992992
16.6027,-0.12766,-1.13469
16.7437,-0.297928,-1.2798200000000002
16.8604,-0.453379,-1.3787200000000002
16.9412,-0.566673,-1.41988
17.0115,-0.6668930000000001,-1.4262700000000001
17.0818,-0.76632,-1.39586
17.1394,-0.8451879999999999,-1.3378
17.1969,-0.919766,-1.24652
17.2545,-0.988102,-1.12114
17.3048,-1.0411,-0.9854799999999999
17.355,-1.08674,-0.828882
17.4052,-1.1241,-0.656766
17.4554,-1.15257,-0.476195
17.5057,-1.17193,-0.29528499999999996
17.5559,-1.1823700000000001,-0.122424
17.6066,-1.1844700000000001,0.036145
17.6599,-1.17866,0.177656
17.7174,-1.16485,0.296069
17.7831,-1.1422299999999999,0.38350500000000004
17.851,-1.11466,0.42071099999999995
17.9188,-1.0862399999999999,0.40977299999999994
17.9866,-1.05995,0.35981399999999997
18.0545,-1.03807,0.281558
18.1223,-1.02215,0.18591300000000002
18.1901,-1.01301,0.08303669999999999
18.2579,-1.01084,-0.018157299999999998
18.3258,-1.0152700000000001,-0.110221
18.397000000000002,-1.0261,-0.190646
18.4788,-1.0445799999999998,-0.256182
18.5636,-1.06799,-0.289645
18.6322,-1.08802,-0.290353
18.7009,-1.10733,-0.269073
18.7695,-1.12452,-0.229042
18.8381,-1.13844,-0.174895
18.9067,-1.14832,-0.112206
18.9753,-1.15378,-0.046892699999999995
19.0439,-1.1548200000000002,0.015431
19.1125,-1.15184,0.0700516
19.1834,-1.14521,0.114802
19.2624,-1.1347,0.148355
19.3509,-1.12067,0.165356
19.4429,-1.10542,0.163018
19.5227,-1.0929200000000001,0.14884
19.6025,-1.08184,0.128048
19.6823,-1.07254,0.105048
19.7646,-1.06483,0.0831002
19.8533,-1.0583,0.0650979
19.9579,-1.0521399999999999,0.054774500000000004
20.0545,-1.04684,0.0568495
20.1511,-1.04083,0.069258
20.2477,-1.0332,0.08979830000000001
20.3443,-1.02331,0.115524
20.4409,-1.01081,0.143377
20.5375,-0.9956309999999999,0.17071
20.6341,-0.9779120000000001,0.195639
20.7327,-0.957508,0.21759
20.8386,-0.933409,0.23708800000000002
20.9537,-0.905084,0.2544
21.078000000000003,-0.872442,0.27048099999999997
21.2071,-0.8364889999999999,0.286885
21.3361,-0.798303,0.305456
21.4652,-0.757476,0.328081
21.5942,-0.7133970000000001,0.356021
21.7233,-0.665324,0.39008899999999996
21.8523,-0.612425,0.43091199999999996
21.9814,-0.553786,0.479199
22.1192,-0.483666,0.540132
22.2767,-0.392216,0.6237729999999999
22.4342,-0.28621599999999997,0.7254649999999999
22.5917,-0.162557,0.8484719999999999
22.7492,-0.0177351,0.994027
22.8867,0.12850899999999998,1.1354799999999998
23.0273,0.298556,1.2803
23.1438,0.453672,1.37886
23.2246,0.5669420000000001,1.41993
23.2948,0.66713,1.42624
23.3651,0.766521,1.3957600000000001
23.4227,0.845368,1.3376299999999999
23.4803,0.9199219999999999,1.2462799999999998
23.5378,0.988233,1.12085
23.5881,1.04121,0.985146
23.6383,1.08683,0.828515
23.6885,1.1241700000000001,0.656381
23.7387,1.15262,0.47581
23.7889,1.1719600000000001,0.294917
23.8392,1.18238,0.12209
23.8899,1.1844700000000001,-0.036449
23.9432,1.17864,-0.17792
24.0007,1.16482,-0.296279
24.0664,1.14218,-0.383621
24.1343,1.1146,-0.42073299999999997
24.2021,1.08619,-0.409711
24.2699,1.0599,-0.359685
24.3378,1.03803,-0.281381
24.4056,1.0221200000000001,-0.18570799999999998
24.4734,1.013,-0.0828222
24.5413,1.01084,0.018363900000000002
24.6091,1.01528,0.11040499999999999
24.6804,1.02613,0.190804
24.7622,1.04463,0.256302
24.846999999999998,1.06805,0.289681
24.9156,1.08808,0.29032399999999997
24.9842,1.10738,0.268993
25.0528,1.12455,0.22893000000000002
25.1214,1.13846,0.174767
25.19,1.1483299999999999,0.112079
25.2586,1.15378,0.046779
25.3272,1.1548200000000002,-0.015523400000000001
25.3958,1.15183,-0.0701192
25.4667,1.1452,-0.114856
25.5457,1.13468,-0.148391
25.6342,1.12065,-0.165365
25.7262,1.1054,-0.163004
25.805999999999997,1.0929,-0.148811
25.8858,1.0818299999999998,-0.12801300000000002
25.9656,1.07253,-0.10501300000000001
26.0479,1.06481,-0.0830687
26.1367,1.05829,-0.065075
26.2413,1.05213,-0.0547677
26.3379,1.04683,-0.0568624
26.4345,1.04082,-0.0692832
26.531,1.03319,-0.08982810000000001
26.6276,1.0233,-0.115552
26.7242,1.0108,-0.143399
26.8208,0.9956209999999999,-0.170725
26.9173,0.9779059999999999,-0.19564700000000002
27.0159,0.957501,-0.21759699999999998
27.1218,0.9334,-0.237094
27.2369,0.9050739999999999,-0.254406
27.3612,0.8724299999999999,-0.270486
27.4903,0.836476,-0.286891
27.6193,0.7982899999999999,-0.305463
27.7484,0.7574609999999999,-0.32809
27.8774,0.713381,-0.356032
28.0065,0.6653060000000001,-0.390102
28.1355,0.612406,-0.43092700000000006
28.2646,0.553764,-0.47921800000000003
28.4024,0.48363900000000004,-0.5401560000000001
28.5599,0.392185,-0.6238020000000001
28.7174,0.286181,-0.725499
28.8749,0.16251600000000002,-0.848513
29.0325,0.017687599999999998,-0.994074
29.1699,-0.128548,-1.13552
29.3105,-0.298585,-1.2803200000000001
29.427,-0.45368500000000006,-1.37887
29.5077,-0.566954,-1.41994
29.578000000000003,-0.667141,-1.42624
29.6483,-0.76653,-1.39575
29.7059,-0.845377,-1.33762
29.7634,-0.9199299999999999,-1.24627
29.820999999999998,-0.988239,-1.12084
29.8712,-1.04122,-0.985131
29.9215,-1.08684,-0.828498
29.9717,-1.1241700000000001,-0.656363
30.0219,-1.15262,-0.475792
30.0721,-1.1719600000000001,-0.2949
30.1224,-1.18238,-0.122075
30.1731,-1.1844700000000001,0.036463
30.2263,-1.17864,0.17793299999999998
30.2839,-1.16482,0.29628899999999997
30.3496,-1.14218,0.383627
30.4175,-1.1146,0.420734
30.4853,-1.08619,0.409709
30.5531,-1.0599,0.35967899999999997
30.621,-1.03803,0.281373
30.6888,-1.0221200000000001,0.185698
30.7566,-1.013,0.0828122
30.8245,-1.01084,-0.0183735
30.8923,-1.01528,-0.11041400000000001
30.9636,-1.02613,-0.19081099999999998
31.0454,-1.04464,-0.256308
31.1302,-1.06805,-0.289682
31.1988,-1.08808,-0.290323
31.2674,-1.10738,-0.268989
31.336,-1.12455,-0.228924
31.4046,-1.13847,-0.174761
31.4732,-1.14834,-0.112073
31.5418,-1.15378,-0.046773800000000004
31.6104,-1.1548200000000002,0.015527700000000002
31.679000000000002,-1.15183,0.07012230000000001
31.7499,-1.1452,0.11485899999999999
31.8289,-1.13468,0.148393
31.9174,-1.12065,0.165366
32.0094,-1.1054,0.163003
32.0892,-1.0929,0.14881
32.169000000000004,-1.08182,0.12801099999999999
32.2488,-1.07253,0.105011
32.3311,-1.06481,0.0830673
32.4199,-1.05829,0.0650739
32.5245,-1.05213,0.0547673
32.6211,-1.04683,0.056863
32.7177,-1.04082,0.0692844
32.8142,-1.03319,0.08982949999999999
32.9108,-1.0233,0.11555399999999999
33.0074,-1.0108,0.1434
33.1039,-0.9956209999999999,0.170726
33.2005,-0.9779049999999999,0.195648
33.2991,-0.957501,0.21759699999999998
33.405,-0.9334,0.23709499999999997
33.5201,-0.9050739999999999,0.254406
33.6444,-0.8724290000000001,0.270487
33.7735,-0.836476,0.286891
33.9025,-0.798289,0.305463
34.0316,-0.7574609999999999,0.32809
34.1606,-0.71338,0.356033
34.2897,-0.665305,0.390102
34.4187,-0.612405,0.430928
34.5478,-0.553763,0.47921899999999995
34.6856,-0.483637,0.540157
34.8431,-0.39218400000000003,0.623803
35.0006,-0.286179,0.7255010000000001
35.1581,-0.16251400000000002,0.8485149999999999
35.3156,-0.0176854,0.994077
35.4531,0.12855,1.13552
35.5937,0.298586,1.2803200000000001
35.7101,0.453686,1.37887
35.7909,0.566955,1.41994
35.8612,0.667142,1.42624
35.9315,0.7665310000000001,1.39575
35.9891,0.845377,1.33762
36.0466,0.9199299999999999,1.24627
36.1042,0.988239,1.12083
36.1544,1.04122,0.98513
36.2047,1.08684,0.8284969999999999
36.2549,1.12418,0.656363
36.3051,1.15262,0.475792
36.3553,1.1719600000000001,0.2949
36.4055,1.18238,0.122074
36.4563,1.1844700000000001,-0.036463699999999995
36.5095,1.17864,-0.17793299999999998
36.5671,1.16482,-0.29629
36.6328,1.14218,-0.383627
36.7006,1.1146,-0.420734
36.7685,1.08619,-0.409709
36.8363,1.0599,-0.359678
36.9041,1.03803,-0.281373
36.972,1.0221200000000001,-0.185698
37.0398,1.013,-0.0828118
37.1076,1.01084,0.018373900000000002
37.1755,1.01528,0.11041400000000001
37.2467,1.02613,0.19081199999999998
37.3286,1.04464,0.256308
37.4134,1.06805,0.28968299999999997
37.482,1.08808,0.29032199999999997
37.5506,1.10738,0.268989
37.6192,1.12455,0.228924
37.6878,1.13847,0.174761
37.7564,1.14834,0.112072
37.825,1.15378,0.0467735
37.8936,1.1548200000000002,-0.015527899999999999
37.9622,1.15183,-0.0701225
38.0331,1.1452,-0.11485899999999999
38.1121,1.13468,-0.148393
38.2006,1.12065,-0.165366
38.2926,1.1054,-0.163003
38.3724,1.0929,-0.14881
38.4522,1.08182,-0.12801099999999999
38.532,1.07253,-0.105011
38.6143,1.06481,-0.08306720000000001
38.7031,1.05829,-0.0650739
38.8077,1.05213,-0.0547673
38.9043,1.04683,-0.056863
39.0008,1.04082,-0.0692844
39.0974,1.03319,-0.08982949999999999
39.194,1.0233,-0.11555399999999999
39.2906,1.0108,-0.1434
39.3871,0.9956209999999999,-0.170726
39.4837,0.9779049999999999,-0.195648
39.5823,0.957501,-0.21759699999999998
39.6882,0.9334,-0.23709499999999997
39.8033,0.9050739999999999,-0.254406
39.9276,0.8724290000000001,-0.270487
40.0567,0.836476,-0.286891
40.1857,0.798289,-0.305463
40.3148,0.7574609999999999,-0.32809
40.4438,0.71338,-0.356033
40.5729,0.665305,-0.390102
40.7019,0.612405,-0.430928
40.830999999999996,0.553763,-0.47921899999999995
40.9688,0.483637,-0.540157
41.1263,0.39218400000000003,-0.623803
41.2838,0.286179,-0.7255010000000001
41.4413,0.16251400000000002,-0.8485149999999999
41.5988,0.017685299999999998,-0.994077
41.7363,-0.12855,-1.13552
41.8769,-0.298586,-1.2803200000000001
41.9933,-0.453686,-1.37887
42.0741,-0.566955,-1.41994
42.1444,-0.667142,-1.42624
42.2147,-0.7665310000000001,-1.39575
42.2722,-0.845377,-1.33762
42.3298,-0.9199299999999999,-1.24627
42.3874,-0.988239,-1.12083
42.4376,-1.04122,-0.98513
42.4878,-1.08684,-0.8284969999999999
42.5381,-1.12418,-0.656363
42.5883,-1.15262,-0.475792
42.6385,-1.1719600000000001,-0.2949
42.6887,-1.18238,-0.122074
42.7395,-1.1844700000000001,0.036463699999999995
42.7927,-1.17864,0.17793299999999998
42.8502,-1.16482,0.29629
42.916000000000004,-1.14218,0.383627
42.9838,-1.1146,0.420734
43.0517,-1.08619,0.409708
43.1195,-1.0599,0.359678
43.1873,-1.03803,0.281373
43.2552,-1.0221200000000001,0.185698
43.323,-1.013,0.0828118
43.3908,-1.01084,-0.018374
43.4587,-1.01528,-0.11041400000000001
43.5299,-1.02613,-0.19081199999999998
43.6118,-1.04464,-0.256308
43.6966,-1.06805,-0.28968299999999997
43.7652,-1.08808,-0.29032199999999997
43.8338,-1.10738,-0.268989
43.9024,-1.12455,-0.228924
43.971000000000004,-1.13847,-0.174761
44.0396,-1.14834,-0.112072
44.1082,-1.15378,-0.0467735
44.1768,-1.1548200000000002,0.015527899999999999
44.2454,-1.15183,0.0701225
44.3163,-1.1452,0.11485899999999999
44.3953,-1.13468,0.148393
44.4837,-1.12065,0.165366
44.5758,-1.1054,0.163003
44.6556,-1.0929,0.14881
44.7354,-1.08182,0.12801099999999999
44.8152,-1.07253,0.105011
44.8974,-1.06481,0.08306720000000001
44.9862,-1.05829,0.0650739
45.0909,-1.05213,0.0547673
45.1875,-1.04683,0.056863
45.284,-1.04082,0.0692844
45.3806,-1.03319,0.08982960000000001
45.4772,-1.0233,0.11555399999999999
45.5737,-1.0108,0.1434
45.6703,-0.9956209999999999,0.170726
45.7669,-0.9779049999999999,0.195648
45.8655,-0.957501,0.21759699999999998
45.9713,-0.9334,0.23709499999999997
46.0865,-0.9050739999999999,0.254406
46.2108,-0.8724290000000001,0.270487
46.3399,-0.836476,0.286891
46.4689,-0.798289,0.305463
46.598,-0.7574609999999999,0.32809
46.727,-0.71338,0.356033
46.8561,-0.665305,0.390102
46.9851,-0.612405,0.430928
47.1142,-0.553763,0.47921899999999995
47.251999999999995,-0.483637,0.540157
47.4095,-0.39218400000000003,0.623803
47.567,-0.286179,0.7255010000000001
47.7245,-0.16251400000000002,0.8485149999999999
47.882,-0.017685299999999998,0.994077
48.0194,0.12855,1.13552
48.1601,0.298586,1.2803200000000001
48.2765,0.453686,1.37887
48.3573,0.566955,1.41994
48.4276,0.667142,1.42624
48.4978,0.7665310000000001,1.39575
48.5554,0.845377,1.33762
48.613,0.9199299999999999,1.24627
48.6706,0.988239,1.12083
48.7208,1.04122,0.98513
48.771,1.08684,0.8284969999999999
48.8212,1.12418,0.656363
48.8715,1.15262,0.475792
48.9217,1.1719600000000001,0.2949
48.9719,1.18238,0.122074
49.0227,1.1844700000000001,-0.036463699999999995
49.0759,1.17864,-0.17793299999999998
49.1334,1.16482,-0.29629
49.1992,1.14218,-0.383627
49.266999999999996,1.1146,-0.420734
49.3349,1.08619,-0.409708
49.4027,1.0599,-0.359678
49.4705,1.03803,-0.281373
49.5384,1.0221200000000001,-0.185698
49.6062,1.013,-0.0828118
49.674,1.01084,0.018374
49.7419,1.01528,0.11041400000000001
49.8131,1.02613,0.19081199999999998
49.8949,1.04464,0.256308
49.9798,1.06805,0.28968299999999997
50.0484,1.08808,0.29032199999999997
50.117,1.10738,0.268989
50.1856,1.12455,0.228924
50.2542,1.13847,0.174761
50.3228,1.14834,0.112072
50.3914,1.15378,0.0467735
50.46,1.1548200000000002,-0.015527899999999999
50.5286,1.15183,-0.0701225
50.5994,1.1452,-0.11485899999999999
50.6784,1.13468,-0.148393
50.7669,1.12065,-0.165366
50.858999999999995,1.1054,-0.163003
50.9388,1.0929,-0.14881
51.0186,1.08182,-0.12801099999999999
51.0984,1.07253,-0.105011
51.1806,1.06481,-0.08306720000000001
51.2694,1.05829,-0.0650739
51.3741,1.05213,-0.0547673
51.4706,1.04683,-0.056863
51.5672,1.04082,-0.0692844
51.6638,1.03319,-0.08982960000000001
51.7604,1.0233,-0.11555399999999999
51.8569,1.0108,-0.1434
51.9535,0.9956209999999999,-0.170726
52.0501,0.9779049999999999,-0.195648
52.1487,0.957501,-0.21759699999999998
52.2545,0.9334,-0.23709499999999997
52.3697,0.9050739999999999,-0.254406
52.494,0.8724290000000001,-0.270487
52.623000000000005,0.836476,-0.286891
52.7521,0.798289,-0.305463
52.8811,0.7574609999999999,-0.32809
53.0102,0.71338,-0.356033
53.1392,0.665305,-0.390102
53.2683,0.612405,-0.430928
53.3973,0.553763,-0.47921899999999995
53.5352,0.483637,-0.540157
53.6927,0.39218400000000003,-0.623803
53.8502,0.286179,-0.7255010000000001
54.0077,0.16251400000000002,-0.8485149999999999
54.1652,0.017685299999999998,-0.994077
54.3026,-0.12855,-1.13552
54.4433,-0.298586,-1.2803200000000001
54.5597,-0.453686,-1.37887
54.6405,-0.566955,-1.41994
54.7108,-0.667142,-1.42624
54.781000000000006,-0.7665310000000001,-1.39575
54.8386,-0.845377,-1.33762
54.8962,-0.9199299999999999,-1.24627
54.9538,-0.988239,-1.12083
55.004,-1.04122,-0.98513
55.0542,-1.08684,-0.8284969999999999
55.1044,-1.12418,-0.656363
55.1547,-1.15262,-0.475792
55.2049,-1.1719600000000001,-0.2949
55.2551,-1.18238,-0.122074
55.3059,-1.1844700000000001,0.036463699999999995
55.3591,-1.17864,0.17793299999999998
55.4166,-1.16482,0.29629
55.4824,-1.14218,0.383627
55.5502,-1.1146,0.420734
55.618,-1.08619,0.409708
55.6859,-1.0599,0.359678
55.7537,-1.03803,0.281373
55.8215,-1.0221200000000001,0.185698
55.8894,-1.013,0.0828118
55.9572,-1.01084,-0.018374
56.025,-1.01528,-0.11041400000000001
56.0963,-1.02613,-0.19081199999999998
56.1781,-1.04464,-0.256308
56.263000000000005,-1.06805,-0.28968299999999997
56.3316,-1.08808,-0.29032199999999997
56.4002,-1.10738,-0.268989
56.4688,-1.12455,-0.228924
56.5374,-1.13847,-0.174761
56.606,-1.14834,-0.112072
56.6746,-1.15378,-0.0467735
56.7432,-1.1548200000000002,0.015527899999999999
56.8118,-1.15183,0.0701225
56.8826,-1.1452,0.11485899999999999
56.9616,-1.13468,0.148393
57.0501,-1.12065,0.165366
57.1421,-1.1054,0.163003
57.2219,-1.0929,0.14881
57.3017,-1.08182,0.12801099999999999
57.3815,-1.07253,0.105011
57.4638,-1.06481,0.08306720000000001
57.5526,-1.05829,0.0650739
57.6573,-1.05213,0.0547673
57.7538,-1.04683,0.056863
57.8504,-1.04082,0.0692844
57.946999999999996,-1.03319,0.08982960000000001
58.0435,-1.0233,0.11555399999999999
58.1401,-1.0108,0.1434
58.2367,-0.9956209999999999,0.170726
58.3333,-0.9779049999999999,0.195648
58.4319,-0.957501,0.21759699999999998
58.5377,-0.9334,0.23709499999999997
58.6529,-0.9050739999999999,0.254406
58.7772,-0.8724290000000001,0.270487
58.9062,-0.836476,0.286891
59.0353,-0.798289,0.305463
59.1643,-0.7574609999999999,0.32809
59.2934,-0.71338,0.356033
59.4224,-0.665305,0.390102
59.5515,-0.612405,0.430928
59.6805,-0.553763,0.47921899999999995
59.8183,-0.483637,0.540157
59.9759,-0.39218400000000003,0.623803
60.1334,-0.286179,0.7255010000000001
60.2909,-0.16251400000000002,0.8485149999999999
60.4484,-0.017685299999999998,0.994077
60.5858,0.12855,1.13552
60.7265,0.298586,1.2803200000000001
60.8429,0.453686,1.37887
60.9237,0.566955,1.41994
60.9939,0.667142,1.42624
61.0642,0.7665310000000001,1.39575
61.1218,0.845377,1.33762
61.1794,0.9199299999999999,1.24627
61.2369,0.988239,1.12083
61.2872,1.04122,0.98513
61.3374,1.08684,0.8284969999999999
61.3876,1.12418,0.656363
61.4378,1.15262,0.475792
61.4881,1.1719600000000001,0.2949
61.5383,1.18238,0.122074
61.589,1.1844700000000001,-0.036463699999999995
61.6423,1.17864,-0.17793299999999998
61.6998,1.16482,-0.29629
61.7656,1.14218,-0.383627
61.8334,1.1146,-0.420734
61.9012,1.08619,-0.409708
61.9691,1.0599,-0.359678
62.0369,1.03803,-0.281373
62.1047,1.0221200000000001,-0.185698
62.1726,1.013,-0.0828118
62.2404,1.01084,0.018374
62.3082,1.01528,0.11041400000000001
62.3795,1.02613,0.19081199999999998
62.4613,1.04464,0.256308
62.5461,1.06805,0.28968299999999997
62.6147,1.08808,0.29032199999999997
62.6833,1.10738,0.268989
62.7519,1.12455,0.228924
62.8205,1.13847,0.174761
62.8891,1.14834,0.112072
62.9577,1.15378,0.0467735
63.0263,1.1548200000000002,-0.015527899999999999
63.0949,1.15183,-0.0701225
63.1658,1.1452,-0.11485899999999999
63.2448,1.13468,-0.148393
63.3333,1.12065,-0.165366
63.4253,1.1054,-0.163003
63.5051,1.0929,-0.14881
63.5849,1.08182,-0.12801099999999999
63.6647,1.07253,-0.105011
63.747,1.06481,-0.08306720000000001
63.8358,1.05829,-0.0650739
63.9404,1.05213,-0.0547673
64.03699999999999,1.04683,-0.056863
64.1336,1.04082,-0.0692844
64.2302,1.03319,-0.08982960000000001
64.3267,1.0233,-0.11555399999999999
64.4233,1.0108,-0.1434
64.5199,0.9956209999999999,-0.170726
64.6164,0.9779049999999999,-0.195648
64.7151,0.957501,-0.21759699999999998
64.8209,0.9334,-0.23709499999999997
64.936,0.9050739999999999,-0.254406
65.0604,0.8724290000000001,-0.270487
65.1894,0.836476,-0.286891
65.3185,0.798289,-0.305463
65.4475,0.7574609999999999,-0.32809
65.5766,0.71338,-0.356033
65.7056,0.665305,-0.390102
65.8347,0.612405,-0.430928
65.9637,0.553763,-0.47921899999999995
66.1015,0.483637,-0.540157
66.259,0.39218400000000003,-0.623803
66.4165,0.286179,-0.7255010000000001
66.5741,0.16251400000000002,-0.8485149999999999
66.7316,0.017685299999999998,-0.994077
66.869,-0.12855,-1.13552
67.0097,-0.298586,-1.2803200000000001
67.1261,-0.453686,-1.37887
67.2069,-0.566955,-1.41994
67.2771,-0.667142,-1.42624
67.3474,-0.7665310000000001,-1.39575
67.405,-0.845377,-1.33762
67.4626,-0.9199299999999999,-1.24627
67.5201,-0.988239,-1.12083
67.5704,-1.04122,-0.98513
67.6206,-1.08684,-0.8284969999999999
67.6708,-1.12418,-0.656363
67.721,-1.15262,-0.475792
67.7712,-1.1719600000000001,-0.2949
67.8215,-1.18238,-0.122074
67.8722,-1.1844700000000001,0.036463699999999995
67.9255,-1.17864,0.17793299999999998
67.983,-1.16482,0.29629
68.0487,-1.14218,0.383627
68.1166,-1.1146,0.420734
68.1844,-1.08619,0.409708
68.2522,-1.0599,0.359678
68.3201,-1.03803,0.281373
68.3879,-1.0221200000000001,0.185698
68.4557,-1.013,0.0828118
68.5236,-1.01084,-0.018374
68.5914,-1.01528,-0.11041400000000001
68.6627,-1.02613,-0.19081199999999998
68.7445,-1.04464,-0.256308
68.8293,-1.06805,-0.28968299999999997
68.8979,-1.08808,-0.29032199999999997
68.9665,-1.10738,-0.268989
69.0351,-1.12455,-0.228924
69.1037,-1.13847,-0.174761
69.1723,-1.14834,-0.112072
69.2409,-1.15378,-0.0467735
69.3095,-1.1548200000000002,0.015527899999999999
69.3781,-1.15183,0.0701225
69.449,-1.1452,0.11485899999999999
69.528,-1.13468,0.148393
69.6165,-1.12065,0.165366
69.7085,-1.1054,0.163003
69.7883,-1.0929,0.14881
69.8681,-1.08182,0.12801099999999999
69.9479,-1.07253,0.105011
70.0302,-1.06481,0.08306720000000001
70.119,-1.05829,0.0650739
70.2236,-1.05213,0.0547673
70.3202,-1.04683,0.056863
70.4168,-1.04082,0.0692844
70.5133,-1.03319,0.08982960000000001
70.6099,-1.0233,0.11555399999999999
70.7065,-1.0108,0.1434
70.8031,-0.9956209999999999,0.170726
70.8996,-0.9779049999999999,0.195648
70.9982,-0.957501,0.21759699999999998
71.1041,-0.9334,0.23709499999999997
71.2192,-0.9050739999999999,0.254406
71.3435,-0.8724290000000001,0.270487
71.4726,-0.836476,0.286891
71.6016,-0.798289,0.305463
71.7307,-0.7574609999999999,0.32809
71.8597,-0.71338,0.356033
71.9888,-0.665305,0.390102
72.1178,-0.612405,0.430928
72.2469,-0.553763,0.47921899999999995
72.3847,-0.483637,0.540157
72.5422,-0.39218400000000003,0.623803
72.6997,-0.286179,0.7255010000000001
72.8572,-0.16251400000000002,0.8485149999999999
73.0148,-0.017685299999999998,0.994077
73.1522,0.12855,1.13552
73.2928,0.298586,1.2803200000000001
73.4093,0.453686,1.37887
73.49,0.566955,1.41994
73.5603,0.667142,1.42624
73.6306,0.7665310000000001,1.39575
73.6882,0.845377,1.33762
73.7457,0.9199299999999999,1.24627
73.8033,0.988239,1.12083
73.8535,1.04122,0.98513
73.9038,1.08684,0.8284969999999999
73.954,1.12418,0.656363
74.0042,1.15262,0.475792
74.0544,1.1719600000000001,0.2949
74.1047,1.18238,0.122074
74.1554,1.1844700000000001,-0.036463699999999995
74.2086,1.17864,-0.17793299999999998
74.2662,1.16482,-0.29629
74.3319,1.14218,-0.383627
74.3998,1.1146,-0.420734
74.4676,1.08619,-0.409708
74.5354,1.0599,-0.359678
74.6033,1.03803,-0.281373
74.6711,1.0221200000000001,-0.185698
74.7389,1.013,-0.0828118
74.8068,1.01084,0.018374
74.8746,1.01528,0.11041400000000001
74.9459,1.02613,0.19081199999999998
75.0277,1.04464,0.256308
75.1125,1.06805,0.28968299999999997
75.1811,1.08808,0.29032199999999997
75.2497,1.10738,0.268989
75.3183,1.12455,0.228924
75.3869,1.13847,0.174761
75.4555,1.14834,0.112072
75.5241,1.15378,0.0467735
75.5927,1.1548200000000002,-0.015527899999999999
75.6613,1.15183,-0.0701225
75.7322,1.1452,-0.11485899999999999
75.8112,1.13468,-0.148393
75.8997,1.12065,-0.165366
75.9917,1.1054,-0.163003
76.0715,1.0929,-0.14881
76.1513,1.08182,-0.12801099999999999
76.2311,1.07253,-0.105011
76.3134,1.06481,-0.08306720000000001
76.4022,1.05829,-0.0650739
76.5068,1.05213,-0.0547673
76.6034,1.04683,-0.056863
76.7,1.04082,-0.0692844
76.7965,1.03319,-0.08982960000000001
76.8931,1.0233,-0.11555399999999999
76.9897,1.0108,-0.1434
77.0862,0.9956209999999999,-0.170726
77.1828,0.9779049999999999,-0.195648
77.2814,0.957501,-0.21759699999999998
77.3873,0.9334,-0.23709499999999997
77.5024,0.9050739999999999,-0.254406
77.6267,0.8724290000000001,-0.270487
77.7558,0.836476,-0.286891
77.8848,0.798289,-0.305463
78.0139,0.7574609999999999,-0.32809
78.1429,0.71338,-0.356033
78.27199999999999,0.665305,-0.390102
78.40100000000001,0.612405,-0.430928
78.5301,0.553763,-0.47921899999999995
78.6679,0.483637,-0.540157
78.8254,0.39218400000000003,-0.623803
78.9829,0.286179,-0.7255010000000001
79.1404,0.16251400000000002,-0.8485149999999999
79.2979,0.017685299999999998,-0.994077
79.4354,-0.12855,-1.13552
79.57600000000001,-0.298586,-1.2803200000000001
79.6924,-0.453686,-1.37887
79.7732,-0.566955,-1.41994
79.8435,-0.667142,-1.42624
79.9138,-0.7665310000000001,-1.39575
79.9713,-0.845377,-1.33762
80.0289,-0.9199299999999999,-1.24627
80.0865,-0.988239,-1.12083
80.1367,-1.04122,-0.98513
80.1869,-1.08684,-0.8284969999999999
80.2372,-1.12418,-0.656363
80.2874,-1.15262,-0.475792
80.3376,-1.1719600000000001,-0.2949
80.3878,-1.18238,-0.122074
80.4386,-1.1844700000000001,0.036463699999999995
80.4918,-1.17864,0.17793299999999998
80.5493,-1.16482,0.29629
80.6151,-1.14218,0.383627
80.6829,-1.1146,0.420734
80.7508,-1.08619,0.409708
80.8186,-1.0599,0.359678
80.8864,-1.03803,0.281373
80.9543,-1.0221200000000001,0.185698
81.0221,-1.013,0.0828118
81.0899,-1.01084,-0.018374
81.1578,-1.01528,-0.11041400000000001
81.229,-1.02613,-0.19081199999999998
81.3109,-1.04464,-0.256308
81.3957,-1.06805,-0.28968299999999997
81.4643,-1.08808,-0.29032199999999997
81.5329,-1.10738,-0.268989
81.6015,-1.12455,-0.228924
81.6701,-1.13847,-0.174761
81.7387,-1.14834,-0.112072
81.8073,-1.15378,-0.0467735
81.8759,-1.1548200000000002,0.015527899999999999
81.9445,-1.15183,0.0701225
82.0154,-1.1452,0.11485899999999999
82.0944,-1.13468,0.148393
82.1829,-1.12065,0.165366
82.2749,-1.1054,0.163003
82.3547,-1.0929,0.14881
82.4345,-1.08182,0.12801099999999999
82.5143,-1.07253,0.105011
82.5966,-1.06481,0.08306720000000001
82.6854,-1.05829,0.0650739
82.79,-1.05213,0.0547673
82.8866,-1.04683,0.056863
82.9831,-1.04082,0.0692844
83.0797,-1.03319,0.08982960000000001
83.1763,-1.0233,0.11555399999999999
83.2729,-1.0108,0.1434
83.3694,-0.9956209999999999,0.170726
83.46600000000001,-0.9779049999999999,0.195648
83.5646,-0.957501,0.21759699999999998
83.6705,-0.9334,0.23709499999999997
83.7856,-0.9050739999999999,0.254406
83.9099,-0.8724290000000001,0.270487
84.039,-0.836476,0.286891
84.16799999999999,-0.798289,0.305463
84.2971,-0.7574609999999999,0.32809
84.4261,-0.71338,0.356033
84.5552,-0.665305,0.390102
84.6842,-0.612405,0.430928
84.8133,-0.553763,0.47921899999999995
84.9511,-0.483637,0.540157
85.1086,-0.39218400000000003,0.623803
85.2661,-0.286179,0.7255010000000001
85.4236,-0.16251400000000002,0.8485149999999999
85.5811,-0.017685299999999998,0.994077
85.7186,0.12855,1.13552
85.8592,0.298586,1.2803200000000001
85.9756,0.453686,1.37887
86.0564,0.566955,1.41994
86.1267,0.667142,1.42624
86.197,0.7665310000000001,1.39575
86.2545,0.845377,1.33762
86.3121,0.9199299999999999,1.24627
86.3697,0.988239,1.12083
86.4199,1.04122,0.98513
86.4701,1.08684,0.8284969999999999
86.5204,1.12418,0.656363
86.5706,1.15262,0.475792
86.6208,1.1719600000000001,0.2949
86.671,1.18238,0.122074
86.7218,1.1844700000000001,-0.036463699999999995
86.775,1.17864,-0.17793299999999998
86.8325,1.16482,-0.29629
86.8983,1.14218,-0.383627
86.9661,1.1146,-0.420734
87.03399999999999,1.08619,-0.409708
87.1018,1.0599,-0.359678
87.1696,1.03803,-0.281373
87.2375,1.0221200000000001,-0.185698
87.3053,1.013,-0.0828118
87.3731,1.01084,0.018374
87.441,1.01528,0.11041400000000001
87.5122,1.02613,0.19081199999999998
87.594,1.04464,0.256308
87.6789,1.06805,0.28968299999999997
87.7475,1.08808,0.29032199999999997
87.8161,1.10738,0.268989
87.8847,1.12455,0.228924
87.9533,1.13847,0.174761
88.0219,1.14834,0.112072
88.0905,1.15378,0.0467735
88.1591,1.1548200000000002,-0.015527899999999999
88.2277,1.15183,-0.0701225
88.2986,1.1452,-0.11485899999999999
88.3776,1.13468,-0.148393
88.46600000000001,1.12065,-0.165366
88.5581,1.1054,-0.163003
88.6379,1.0929,-0.14881
88.7177,1.08182,-0.12801099999999999
88.7975,1.07253,-0.105011
88.8797,1.06481,-0.08306720000000001
88.9685,1.05829,-0.0650739
89.0732,1.05213,-0.0547673
89.1698,1.04683,-0.056863
89.2663,1.04082,-0.0692844
89.3629,1.03319,-0.08982960000000001
89.4595,1.0233,-0.11555399999999999
89.556,1.0108,-0.1434
89.6526,0.9956209999999999,-0.170726
89.7492,0.9779049999999999,-0.195648
89.8478,0.957501,-0.21759699999999998
89.9536,0.9334,-0.23709499999999997
90.0688,0.9050739999999999,-0.254406
90.1931,0.8724290000000001,-0.270487
90.3222,0.836476,-0.286891
90.4512,0.798289,-0.305463
90.5803,0.7574609999999999,-0.32809
90.7093,0.71338,-0.356033
90.8384,0.665305,-0.390102
90.9674,0.612405,-0.430928
91.0964,0.553763,-0.47921899999999995
91.2343,0.483637,-0.540157
91.3918,0.39218400000000003,-0.623803
91.5493,0.286179,-0.7255010000000001
91.7068,0.16251400000000002,-0.8485149999999999
91.8643,0.017685299999999998,-0.994077
92.0017,-0.12855,-1.13552
92.1424,-0.298586,-1.2803200000000001
92.2588,-0.453686,-1.37887
92.3396,-0.566955,-1.41994
92.4099,-0.667142,-1.42624
92.4801,-0.7665310000000001,-1.39575
92.5377,-0.845377,-1.33762
92.5953,-0.9199299999999999,-1.24627
92.6529,-0.988239,-1.12083
92.7031,-1.04122,-0.98513
92.7533,-1.08684,-0.8284969999999999
92.8035,-1.12418,-0.656363
92.8538,-1.15262,-0.475792
92.904,-1.1719600000000001,-0.2949
92.9542,-1.18238,-0.122074
93.005,-1.1844700000000001,0.036463699999999995
93.0582,-1.17864,0.17793299999999998
93.1157,-1.16482,0.29629
93.1815,-1.14218,0.383627
93.2493,-1.1146,0.420734
93.3171,-1.08619,0.409708
93.385,-1.0599,0.359678
93.4528,-1.03803,0.281373
93.5206,-1.0221200000000001,0.185698
93.5885,-1.013,0.0828118
93.6563,-1.01084,-0.018374
93.7241,-1.01528,-0.11041400000000001
93.7954,-1.02613,-0.19081199999999998
93.8772,-1.04464,-0.256308
93.9621,-1.06805,-0.28968299999999997
94.0307,-1.08808,-0.29032199999999997
94.0993,-1.10738,-0.268989
94.1679,-1.12455,-0.228924
94.2365,-1.13847,-0.174761
94.3051,-1.14834,-0.112072
94.3737,-1.15378,-0.0467735
94.4423,-1.1548200000000002,0.015527899999999999
94.5109,-1.15183,0.0701225
94.5817,-1.1452,0.11485899999999999
94.6607,-1.13468,0.148393
94.7492,-1.12065,0.165366
94.8412,-1.1054,0.163003
94.921,-1.0929,0.14881
95.0009,-1.08182,0.12801099999999999
95.0807,-1.07253,0.105011
95.1629,-1.06481,0.08306720000000001
95.2517,-1.05829,0.0650739
95.3564,-1.05213,0.0547673
95.4529,-1.04683,0.056863
95.5495,-1.04082,0.0692844
95.6461,-1.03319,0.08982960000000001
95.7427,-1.0233,0.11555399999999999
95.8392,-1.0108,0.1434
95.9358,-0.9956209999999999,0.170726
96.0324,-0.9779049999999999,0.195648
96.131,-0.957501,0.21759699999999998
96.2368,-0.9334,0.23709499999999997
96.352,-0.9050739999999999,0.254406
96.4763,-0.8724290000000001,0.270487
96.6053,-0.836476,0.286891
96.7344,-0.798289,0.305463
96.8634,-0.7574609999999999,0.32809
96.9925,-0.71338,0.356033
97.1215,-0.665305,0.390102
97.2506,-0.612405,0.430928
97.3796,-0.553763,0.47921899999999995
97.5175,-0.483637,0.540157
97.675,-0.39218400000000003,0.623803
97.8325,-0.286179,0.7255010000000001
97.99,-0.16251400000000002,0.8485149999999999
98.1475,-0.017685299999999998,0.994077
98.2849,0.12855,1.13552
98.4256,0.298586,1.2803200000000001
98.542,0.453686,1.37887
98.6228,0.566955,1.41994
98.6931,0.667142,1.42624
98.7633,0.7665310000000001,1.39575
98.8209,0.845377,1.33762
98.8785,0.9199299999999999,1.24627
98.9361,0.988239,1.12083
98.9863,1.04122,0.98513
99.0365,1.08684,0.8284969999999999
99.0867,1.12418,0.656363
99.1369,1.15262,0.475792
99.1872,1.1719600000000001,0.2949
99.2374,1.18238,0.122074
99.2882,1.1844700000000001,-0.036463699999999995
99.3414,1.17864,-0.17793299999999998
99.3989,1.16482,-0.29629
99.4647,1.14218,-0.383627
99.5325,1.1146,-0.420734
99.6003,1.08619,-0.409708
99.6682,1.0599,-0.359678
99.736,1.03803,-0.281373
99.8038,1.0221200000000001,-0.185698
99.8717,1.013,-0.0828118
99.9395,1.01084,0.018374
100.0,1.01451,0.101095
