,x,xdot
1e-06,6.04e-10,0.000608
6e-06,3.744e-09,0.000648
3.1e-05,2.2444000000000002e-08,0.0008479989999999999
0.000156,1.9094300000000002e-07,0.00184799
0.000781,2.9083999999999995e-06,0.00684785
0.003906,6.33666e-05,0.031844700000000004
0.019531,0.00153699,0.15675899999999998
0.09765599999999999,0.03810530000000001,0.778386
0.197002,0.15420899999999998,1.55568
0.29634699999999997,0.346215,2.30213
0.39569299999999996,0.609065,2.9685599999999996
0.45061599999999996,0.780442,3.25852
0.496824,0.9351729999999999,3.42381
0.537303,1.0752700000000002,3.48273
0.577781,1.21569,3.43519
0.611256,1.32864,3.2974
0.644731,1.43531,3.05742
0.6782060000000001,1.53211,2.70782
0.706391,1.6032600000000001,2.3279900000000002
0.734577,1.66265,1.8749200000000001
0.7627619999999999,1.70835,1.35856
0.790948,1.73878,0.793809
0.819133,1.7528299999999999,0.199647
0.847319,1.74996,-0.402344
0.8755040000000001,1.7302799999999998,-0.989914
0.90369,1.69449,-1.54219
0.931875,1.6438400000000002,-2.0415
0.960061,1.5800299999999998,-2.4746599999999996
0.988246,1.50505,-2.83356
1.01643,1.42103,-3.11515
1.04462,1.33016,-3.3208
1.07352,1.23203,-3.4579
1.10391,1.1256700000000002,-3.52998
1.13625,1.01122,-3.53743
1.17108,0.8888280000000001,-3.4807
1.20916,0.758418,-3.36016
1.25163,0.619466,-3.17489
1.3005,0.47041099999999997,-2.92006
1.36014,0.30637,-2.57756
1.44931,0.100204,-2.0449900000000003
1.53849,-0.0584687,-1.51519
1.631,-0.173672,-0.977715
1.7429,-0.24764,-0.348839
1.8832,-0.24395100000000003,0.390042
1.9894599999999998,-0.17513399999999998,0.896483
2.09573,-0.0553702,1.34822
2.2019900000000003,0.109358,1.7421900000000001
2.29751,0.290461,2.03935
2.3731,0.451845,2.2204900000000003
2.43735,0.597949,2.31725
2.49375,0.729598,2.33962
2.55015,0.8603780000000001,2.283
2.59678,0.9642850000000001,2.1619
2.6434,1.0607600000000001,1.9628900000000002
2.69002,1.14602,1.6803
2.7295700000000003,1.20664,1.37558
2.76912,1.2541,1.0166600000000001
2.80867,1.28646,0.6136050000000001
2.84821,1.30224,0.18068199999999998
2.8877599999999997,1.30059,-0.264937
2.92731,1.28136,-0.705045
2.96685,1.24512,-1.12252
3.0064,1.19306,-1.50321
3.04595,1.12684,-1.8373099999999998
3.08549,1.0484200000000001,-2.11983
3.1250400000000003,0.9598639999999999,-2.35045
3.1652,0.861612,-2.53512
3.20741,0.7513380000000001,-2.68266
3.25253,0.627551,-2.7982099999999996
3.30168,0.48766899999999996,-2.88862
3.35675,0.326448,-2.9636099999999996
3.4215,0.132109,-3.03734
3.5055099999999997,-0.126998,-3.13237
3.5977900000000003,-0.420788,-3.23064
3.6613300000000004,-0.62736,-3.2623599999999997
3.71235,-0.7933640000000001,-3.23497
3.7569800000000004,-0.936066,-3.14813
3.8016099999999997,-1.0731700000000002,-2.9806
3.83901,-1.1808299999999998,-2.76385
3.8764199999999995,-1.27894,-2.46853
3.91382,-1.36447,-2.0914599999999997
3.9460699999999997,-1.42581,-1.70335
3.9783199999999996,-1.47379,-1.26431
4.01058,-1.50694,-0.7859689999999999
4.04283,-1.52423,-0.283749
4.075080000000001,-1.52518,0.224417
4.10733,-1.5099,0.719759
4.13959,-1.47908,1.18451
4.17184,-1.43398,1.60355
4.20409,-1.37626,1.9656
4.23634,-1.30788,2.26376
4.2685900000000006,-1.23095,2.49548
4.30121,-1.14665,2.66352
4.33522,-1.0540399999999999,2.7724599999999997
4.3711,-0.953464,2.82199
4.4094,-0.845407,2.81176
4.45078,-0.7303229999999999,2.7414099999999997
4.4962,-0.6086,2.6097599999999996
4.54712,-0.480529,2.41323
4.60602,-0.346199,2.14215
4.67821,-0.204817,1.76893
4.79033,-0.0415588,1.1342
4.90245,0.047813800000000004,0.453456
5.01994,0.0573625,-0.29601900000000003
5.1334599999999995,-0.018488400000000002,-1.04304
5.22697,-0.145143,-1.6662599999999999
5.32147,-0.332223,-2.28963
5.41598,-0.576544,-2.8670400000000003
5.47628,-0.7588699999999999,-3.16765
5.5247,-0.9166139999999999,-3.3340400000000003
5.56661,-1.05798,-3.3957800000000002
5.60853,-1.19985,-3.35376
5.6428400000000005,-1.3129600000000001,-3.2235400000000003
5.67715,-1.41991,-2.99356
5.70735,-1.5061200000000001,-2.70222
5.73755,-1.58226,-2.3265700000000002
5.76775,-1.6458400000000002,-1.87126
5.7979400000000005,-1.69458,-1.34709
5.82414,-1.72343,-0.8494229999999999
5.85035,-1.73888,-0.32665
5.87655,-1.7404700000000002,0.205171
5.90275,-1.7281900000000001,0.72925
5.92895,-1.7024599999999999,1.22936
5.95515,-1.6641099999999998,1.69104
5.98135,-1.61429,2.10261
6.00755,-1.55444,2.45569
6.03376,-1.48616,2.74547
6.060919999999999,-1.40826,2.97755
6.08916,-1.3216299999999999,3.14681
6.11873,-1.22688,3.25064
6.14996,-1.12459,3.28744
6.1833,-1.0153299999999998,3.2560599999999997
6.21933,-0.899641,3.1553299999999997
6.25888,-0.778069,2.98319
6.30322,-0.651122,2.73501
6.35455,-0.5191720000000001,2.39955
6.41777,-0.38166300000000003,1.94501
6.521730000000001,-0.22031599999999998,1.15378
6.62569,-0.142236,0.348055
6.72965,-0.147725,-0.45141899999999996
6.83966,-0.242963,-1.27457
6.949669999999999,-0.426367,-2.04765
7.034339999999999,-0.622402,-2.56704
7.092860000000001,-0.781295,-2.8492
7.141830000000001,-0.925027,-3.0056700000000003
7.184830000000001,-1.0557,-3.05813
7.2278199999999995,-1.18649,-3.00725
7.26345,-1.2915,-2.8707
7.29909,-1.38994,-2.63764
7.33472,-1.47827,-2.3028
7.364789999999999,-1.54227,-1.94222
7.39486,-1.5944200000000002,-1.51636
7.424930000000001,-1.6329200000000001,-1.036
7.455,-1.6563299999999999,-0.516325
7.4850699999999994,-1.66376,0.024071799999999997
7.51514,-1.65488,0.5647760000000001
7.545210000000001,-1.63,1.08544
7.57528,-1.58999,1.56769
7.60535,-1.53625,1.9966400000000002
7.63542,-1.47055,2.3619
7.665489999999999,-1.3949,2.65789
7.69556,-1.31141,2.88357
7.72595,-1.2212100000000001,3.04298
7.75772,-1.12278,3.14215
7.79138,-1.01619,3.18145
7.82745,-0.9016190000000001,3.16133
7.866639999999999,-0.779088,3.08245
7.910019999999999,-0.64822,2.94507
7.959289999999999,-0.507825,2.74729
8.01793,-0.35444899999999996,2.48022
8.097489999999999,-0.172283,2.09787
8.1881,-0.00191844,1.66403
8.28089,0.132422,1.23455
8.39034,0.240829,0.7505310000000001
8.535169999999999,0.305662,0.15454600000000002
8.64868,0.29899499999999996,-0.263459
8.762189999999999,0.248031,-0.62407
8.875689999999999,0.159806,-0.9192110000000001
8.9892,0.0419023,-1.1470799999999999
9.10467,-0.100632,-1.3101
9.202960000000001,-0.23383800000000002,-1.39063
9.29066,-0.357012,-1.40914
9.37836,-0.47917,-1.3651799999999998
9.45075,-0.574955,-1.27155
9.52315,-0.661829,-1.11796
9.59554,-0.735273,-0.9002549999999999
9.65847,-0.784602,-0.6601779999999999
9.72139,-0.817484,-0.378826
9.784310000000001,-0.831623,-0.0664971
9.84723,-0.825485,0.263295
9.91015,-0.79843,0.59595
9.97308,-0.7507060000000001,0.918341
10.036,-0.683279,1.22105
10.0989,-0.597553,1.4997
10.1618,-0.495042,1.75508
10.2287,-0.369171,2.00663
10.3017,-0.213047,2.2683
10.3844,-0.0135257,2.56187
10.4754,0.23448000000000002,2.8889099999999996
10.5664,0.511649,3.19414
10.6253,0.704587,3.34157
10.6735,0.867289,3.3990199999999997
10.7156,1.01033,3.37685
10.7578,1.15059,3.26273
10.7928,1.26204,3.0813900000000003
10.8279,1.3655899999999999,2.8104
10.8629,1.4579799999999998,2.44424
10.8928,1.5253299999999999,2.05845
10.9226,1.58023,1.6105
10.9525,1.62095,1.11109
10.9823,1.64618,0.5753159999999999
11.0122,1.6551099999999999,0.021711
11.042,1.6475099999999998,-0.5293859999999999
11.0719,1.62374,-1.05771
11.1017,1.5847799999999999,-1.54494
11.1315,1.5320799999999999,-1.97627
11.1614,1.46748,-2.34132
11.1912,1.39304,-2.6345
11.2211,1.31095,-2.8547
11.2513,1.22214,-3.00609
11.283,1.1255,-3.09327
11.3164,1.02135,-3.11568
11.3523,0.910227,-3.07261
11.3912,0.792663,-2.96302
11.4341,0.669194,-2.7846599999999997
11.4825,0.5403479999999999,-2.53203
11.539000000000001,0.406594,-2.1914700000000003
11.61,0.26755999999999996,-1.723
11.718,0.122175,-0.962814
11.825999999999999,0.0606752,-0.172663
11.9405,0.08974510000000001,0.681596
12.0367,0.189892,1.3999
12.1329,0.358569,2.1026
12.2291,0.59259,2.74765
12.2897,0.769612,3.08009
12.3384,0.92464,3.26884
12.3806,1.06433,3.3471699999999998
12.4227,1.20518,3.31914
12.4571,1.31756,3.1986
12.4915,1.4240899999999999,2.97664
12.5217,1.50996,2.69143
12.5519,1.58591,2.3207299999999997
12.5822,1.64942,1.8691
12.6124,1.69819,1.34732
12.6386,1.7270400000000001,0.851634
12.6647,1.7425400000000002,0.329996
12.6909,1.74423,-0.201543
12.7171,1.73205,-0.726163
12.7433,1.70642,-1.22758
12.7694,1.66812,-1.6912599999999998
12.7956,1.6183100000000001,-2.1054
12.8218,1.55841,-2.4615400000000003
12.847999999999999,1.49,-2.75477
12.8751,1.41198,-2.9905
12.9032,1.3251600000000001,-3.16396
12.9327,1.23011,-3.2727
12.9638,1.1273799999999998,-3.31524
12.9971,1.01747,-3.29065
13.0329,0.900849,-3.19811
13.0723,0.777917,-3.03607
13.1165,0.648947,-2.8007400000000002
13.1675,0.513846,-2.4822900000000003
13.2305,0.370921,-2.05159
13.3303,0.20176,-1.33517
13.4301,0.10456900000000001,-0.613661
13.5299,0.0788484,0.09517189999999999
13.6467,0.137042,0.894811
13.7667,0.291245,1.6642700000000001
13.8701,0.494588,2.25208
13.9365,0.654695,2.55914
13.9916,0.8012199999999999,2.7423599999999997
14.0395,0.9347059999999999,2.8235799999999998
14.0873,1.06985,2.8073099999999998
14.1264,1.17771,2.7042900000000003
14.1654,1.27976,2.5077700000000003
14.1997,1.36154,2.25211
14.2339,1.43321,1.91782
14.2682,1.49213,1.50956
14.3025,1.5359399999999999,1.03805
14.3322,1.56021,0.590593
14.3619,1.57083,0.12166099999999999
14.3916,1.56738,-0.35338
14.4213,1.54992,-0.8187800000000001
14.4511,1.51896,-1.25973
14.4808,1.47541,-1.6635400000000002
14.5105,1.42054,-2.02052
14.5402,1.35584,-2.32441
14.5706,1.2812299999999999,-2.57734
14.602,1.1969100000000001,-2.7780299999999998
14.6348,1.10321,-2.92524
14.6694,1.00037,-3.01884
14.7061,0.888446,-3.0598099999999997
14.7458,0.767192,-3.0500700000000003
14.7892,0.635799,-2.99207
14.838,0.492356,-2.8881
14.8948,0.332246,-2.73822
14.9676,0.140451,-2.53077
15.0633,-0.08860119999999999,-2.2621599999999997
15.1589,-0.29254,-2.00427
15.253,-0.46916800000000003,-1.74448
15.3295,-0.593815,-1.51237
15.4059,-0.699583,-1.24911
15.4701,-0.771887,-1.00035
15.5343,-0.827457,-0.728288
15.5984,-0.865001,-0.440117
15.6626,-0.8838379999999999,-0.14740899999999998
15.7267,-0.884126,0.135594
15.7909,-0.866958,0.394323
15.8551,-0.834313,0.616212
15.9192,-0.78886,0.792384
15.9834,-0.733703,0.918323
16.0476,-0.672098,0.993577
16.1124,-0.606543,1.02083
16.1811,-0.53679,1.00136
16.2554,-0.464675,0.93166
16.3375,-0.39309099999999997,0.805225
16.4309,-0.326644,0.609204
16.5444,-0.273883,0.310263
16.6757,-0.259519,-0.102035
16.781,-0.28948,-0.47248
16.8862,-0.359784,-0.866599
16.9759,-0.452901,-1.20793
17.0657,-0.5761109999999999,-1.5328
17.1554,-0.726484,-1.8057400000000001
17.2276,-0.862654,-1.95006
17.2848,-0.975625,-1.9889400000000002
17.3349,-1.07457,-1.9498099999999998
17.385,-1.16955,-1.82854
17.4271,-1.24312,-1.65647
17.4691,-1.30807,-1.41893
17.5112,-1.3617,-1.11995
17.5476,-1.39705,-0.8197610000000001
17.5839,-1.42093,-0.49078999999999995
17.6203,-1.43252,-0.145419
17.6566,-1.43147,0.202344
17.6929,-1.41796,0.538112
17.7293,-1.39267,0.848433
17.7656,-1.35674,1.12194
17.802,-1.3116700000000001,1.35014
17.8383,-1.25922,1.52779
17.8752,-1.20045,1.6541700000000001
17.9135,-1.13535,1.72918
17.954,-1.0646799999999998,1.7494599999999998
17.9974,-0.9894139999999999,1.71101
18.0447,-0.9107120000000001,1.60855
18.0977,-0.8299,1.43299
18.1605,-0.748107,1.16201
18.2359,-0.674696,0.774724
18.3114,-0.632193,0.346985
18.3869,-0.622789,-0.09922919999999999
18.4623,-0.647159,-0.545036
18.5378,-0.704542,-0.970527
18.6133,-0.792501,-1.35056
18.6887,-0.906379,-1.65084
18.7642,-1.03852,-1.8260599999999998
18.817999999999998,-1.13782,-1.84553
18.8641,-1.2216200000000002,-1.77657
18.9102,-1.30024,-1.62002
18.9493,-1.3597299999999999,-1.41701
18.9883,-1.41008,-1.1525
19.0273,-1.4490299999999998,-0.834404
19.0617,-1.47238,-0.519934
19.0961,-1.48454,-0.185067
19.1305,-1.4850299999999999,0.157194
19.1649,-1.47381,0.493246
19.1992,-1.45133,0.810034
19.2336,-1.41846,1.09612
19.268,-1.37642,1.3425
19.3024,-1.3266799999999999,1.54304
19.3374,-1.26983,1.6968599999999998
19.3737,-1.2061,1.8024099999999998
19.4119,-1.13614,1.85638
19.4524,-1.06071,1.8554400000000002
19.4961,-0.980663,1.7958599999999998
19.5443,-0.896917,1.6723400000000002
19.5992,-0.8103130000000001,1.47464
19.6672,-0.720074,1.17117
19.7479,-0.641822,0.761027
19.8192,-0.601146,0.378656
19.8905,-0.5878760000000001,-0.00546543
19.9618,-0.601649,-0.37798400000000004
20.0331,-0.641184,-0.725975
20.1057,-0.70558,-1.03988
20.1811,-0.794361,-1.3018100000000001
20.2648,-0.911833,-1.48253
20.3269,-1.00545,-1.51673
20.3799,-1.08479,-1.46389
20.4328,-1.15913,-1.32731
20.4776,-1.21464,-1.14526
20.5223,-1.2606899999999999,-0.9053049999999999
20.566999999999997,-1.2948600000000001,-0.615434
20.6064,-1.3135299999999999,-0.328725
20.6458,-1.3205200000000001,-0.0242278
20.6852,-1.3153700000000002,0.285515
20.7246,-1.29813,0.58772
20.764,-1.26932,0.8705510000000001
20.8034,-1.2299200000000001,1.12415
20.8428,-1.18123,1.34136
20.8822,-1.12477,1.5179799999999999
20.9229,-1.0599100000000001,1.6566599999999998
20.9655,-0.987133,1.75512
21.0104,-0.906857,1.81207
21.0584,-0.819419,1.8271099999999998
21.1103,-0.725,1.80046
21.1677,-0.623476,1.73265
21.2328,-0.514021,1.62374
21.3106,-0.393658,1.47078
21.4202,-0.24472199999999997,1.2465899999999999
21.5337,-0.115672,1.0332299999999999
21.6471,-0.00895919,0.8543799999999999
21.7798,0.0932848,0.696459
21.9329,0.190372,0.584721
22.0629,0.263422,0.5471739999999999
22.193,0.334804,0.558181
22.323,0.410409,0.610563
22.434,0.48185100000000003,0.679075
22.5451,0.56157,0.757322
22.6561,0.64977,0.8286040000000001
22.7671,0.744502,0.8709290000000001
22.8651,0.829865,0.864001
22.9452,0.8974190000000001,0.8154680000000001
23.0156,0.9522860000000001,0.735717
23.0861,1.0002799999999998,0.620638
23.1469,1.03431,0.495827
23.2076,1.06017,0.35278899999999996
23.2684,1.0769799999999998,0.199207
23.3292,1.08436,0.0444829
23.39,1.08256,-0.101296
23.4507,1.07243,-0.22853400000000001
23.5115,1.0553299999999999,-0.329206
23.5723,1.0330700000000002,-0.39761199999999997
23.6331,1.0077200000000002,-0.43071400000000004
23.6964,0.9803540000000001,-0.42719700000000005
23.7667,0.951686,-0.380367
23.8443,0.925682,-0.283263
23.9253,0.9082290000000001,-0.142046
23.9925,0.903242,-0.00395757
24.0597,0.907909,0.143595
24.127,0.922551,0.291171
24.1942,0.946838,0.42882200000000004
24.2614,0.979756,0.546203
24.3287,1.01959,0.632895
24.3959,1.06395,0.67911
24.4689,1.11374,0.674193
24.541999999999998,1.1609,0.60645
24.6001,1.1934799999999999,0.508361
24.6582,1.21933,0.376062
24.7089,1.23499,0.23934699999999998
24.7596,1.24339,0.0905818
24.8102,1.2441200000000001,-0.061488
24.8609,1.23725,-0.20774600000000001
24.9116,1.2233100000000001,-0.33958499999999997
24.9623,1.2032,-0.449692
25.0129,1.17819,-0.53263
25.0636,1.14974,-0.5851149999999999
25.116999999999997,1.11778,-0.606254
25.1747,1.0830899999999999,-0.590916
25.24,1.0462,-0.530226
25.3124,1.0116399999999999,-0.419063
25.3847,0.986401,-0.274493
25.4469,0.9736370000000001,-0.134212
25.5091,0.9698049999999999,0.011116200000000001
25.5713,0.974938,0.15246700000000002
25.6335,0.9885120000000001,0.28105
25.6958,1.00947,0.38844
25.758000000000003,1.03625,0.466836
25.8223,1.0679,0.510263
25.8923,1.1038700000000001,0.507792
25.9647,1.13878,0.447809
26.0258,1.16347,0.353547
26.087,1.1813200000000001,0.225313
26.1401,1.1898600000000001,0.09336660000000001
26.1933,1.19105,-0.0494614
26.2464,1.18456,-0.19450599999999998
26.2996,1.17049,-0.333097
26.3528,1.1494,-0.457408
26.4059,1.12222,-0.56115
26.4591,1.09018,-0.640003
26.5133,1.0539,-0.692539
26.5704,1.0135,-0.7171069999999999
26.6319,0.969455,-0.710479
26.7004,0.922047,-0.6679109999999999
26.7805,0.871825,-0.581267
26.8672,0.8265979999999999,-0.457241
26.954,0.792912,-0.317873
27.0305,0.773356,-0.193938
27.1071,0.763026,-0.0780738
27.1836,0.7610140000000001,0.0223795
27.2615,0.766039,0.10247200000000001
27.3425,0.77675,0.156609
27.4288,0.791447,0.177076
27.5226,0.807318,0.153223
27.6165,0.818733,0.0827203
27.7103,0.821566,-0.028349700000000002
27.7903,0.8146479999999999,-0.147508
27.8704,0.797573,-0.28066599999999997
27.9505,0.7695569999999999,-0.41951099999999997
28.0305,0.7304470000000001,-0.5566989999999999
28.1106,0.680608,-0.686896
28.1906,0.6207239999999999,-0.8073779999999999
28.273000000000003,0.549461,-0.9212110000000001
28.3605,0.46385600000000005,-1.0338100000000001
28.4564,0.358994,-1.15367
28.5674,0.222985,-1.2991700000000002
28.7194,0.00845724,-1.5318399999999999
28.8219,-0.157858,-1.71695
28.9279,-0.350718,-1.9216099999999998
29.0339,-0.5645180000000001,-2.10295
29.104,-0.714773,-2.1748
29.1625,-0.842339,-2.1787799999999997
29.221,-0.9680770000000001,-2.10853
29.2678,-1.0642,-1.98416
29.3146,-1.15288,-1.7899599999999998
29.3557,-1.22186,-1.55916
29.3968,-1.2802200000000001,-1.2735299999999998
29.4379,-1.32582,-0.9397040000000001
29.479,-1.3569200000000001,-0.569211
29.5149,-1.37127,-0.226861
29.5509,-1.3732,0.119184
29.5869,-1.3628,0.45598299999999997
29.6229,-1.34064,0.771188
29.6589,-1.30769,1.05409
29.6949,-1.2652700000000001,1.2964
29.7308,-1.21494,1.49263
29.7682,-1.15626,1.6446599999999998
29.807,-1.09025,1.7473400000000001
29.8477,-1.0178200000000002,1.7972299999999999
29.891,-0.939939,1.7912099999999997
29.9376,-0.8577309999999999,1.7257900000000002
29.9888,-0.772578,1.59596
30.0464,-0.686272,1.39269
30.1146,-0.601116,1.09426
30.2014,-0.524872,0.654227
30.2881,-0.488767,0.17305299999999998
30.3749,-0.49541999999999997,-0.328196
30.4511,-0.5373140000000001,-0.769944
30.5274,-0.612417,-1.19636
30.6036,-0.718731,-1.58412
30.6798,-0.852052,-1.89783
30.7452,-0.982467,-2.06976
30.7971,-1.09144,-2.11432
30.8426,-1.18678,-2.06872
30.888,-1.27801,-1.9316099999999998
30.9264,-1.34866,-1.7392299999999998
30.9647,-1.41057,-1.47676
31.0031,-1.4611399999999999,-1.1496
31.0364,-1.49411,-0.821156
31.0698,-1.51558,-0.462834
31.1032,-1.5247899999999999,-0.0877628
31.1365,-1.52141,0.28946700000000003
31.1699,-1.50563,0.654042
31.2032,-1.4780799999999998,0.992196
31.2366,-1.4398600000000001,1.2923200000000001
31.2699,-1.39239,1.5457
31.3033,-1.33733,1.7469299999999999
31.3372,-1.27546,1.89567
31.3724,-1.20679,1.99157
31.4095,-1.1319700000000001,2.03147
31.4491,-1.0518299999999998,2.01199
31.4918,-0.9672950000000001,1.9291
31.5391,-0.879441,1.7767
31.5933,-0.7893399999999999,1.54253
31.660999999999998,-0.696551,1.18747
31.7421,-0.619373,0.7086979999999999
31.8123,-0.5848869999999999,0.272594
31.8825,-0.58119,-0.166499
31.9526,-0.607991,-0.594461
32.0228,-0.6639970000000001,-0.996258
32.0929,-0.746737,-1.3529200000000001
32.1657,-0.8563799999999999,-1.64747
32.2347,-0.9768459999999999,-1.82247
32.2892,-1.07766,-1.86305
32.3366,-1.16514,-1.81228
32.384,-1.24809,-1.67115
32.4241,-1.31149,-1.47779
32.4642,-1.36579,-1.21844
32.5044,-1.40847,-0.900063
32.5395,-1.43461,-0.5822729999999999
32.5746,-1.4491,-0.23969400000000002
32.6098,-1.45131,0.11451300000000002
32.6449,-1.44108,0.466292
32.68,-1.41874,0.801934
32.7152,-1.38506,1.10925
32.7503,-1.34123,1.37853
32.7854,-1.28872,1.6030799999999998
32.8206,-1.22915,1.7793599999999998
32.8571,-1.16157,1.9108900000000002
32.8954,-1.0867,1.99436
32.9358,-1.00514,2.0276400000000003
32.9792,-0.9175030000000001,2.00908
33.0263,-0.8243659999999999,1.9369999999999998
33.0786,-0.72627,1.8088
33.1384,-0.6234970000000001,1.61876
33.2115,-0.514911,1.34966
33.3073,-0.403604,0.9705520000000001
33.4032,-0.32884,0.591164
33.499,-0.289697,0.22954000000000002
33.6002,-0.284526,-0.12128199999999999
33.7117,-0.317429,-0.46003
33.8432,-0.40000399999999997,-0.779313
33.9444,-0.488166,-0.9496129999999999
34.0318,-0.575067,-1.0292700000000001
34.1191,-0.6656880000000001,-1.03253
34.1906,-0.7376590000000001,-0.969052
34.2622,-0.802786,-0.8407389999999999
34.3337,-0.856392,-0.647415
34.3943,-0.8894770000000001,-0.43709
34.455,-0.9087149999999999,-0.192385
34.5156,-0.912343,0.07553760000000001
34.5763,-0.8993469999999999,0.353581
34.6369,-0.869516,0.6285729999999999
34.6976,-0.823393,0.889208
34.7582,-0.762108,1.1275899999999999
34.8189,-0.687144,1.33999
34.8795,-0.6000850000000001,1.52682
34.9436,-0.49653,1.7007299999999999
35.0128,-0.372996,1.8693799999999998
35.0899,-0.222009,2.04652
35.1803,-0.0276178,2.25562
35.2848,0.221162,2.5088
35.3892,0.496146,2.7480900000000004
35.4539,0.677357,2.85095
35.5068,0.8291870000000001,2.87777
35.5531,0.961866,2.83544
35.5995,1.09074,2.71035
35.6382,1.1924299999999999,2.52875
35.6769,1.28557,2.26847
35.7156,1.36706,1.9267
35.7488,1.42518,1.5724200000000002
35.7819,1.47071,1.1684299999999999
35.815,1.50219,0.726152
35.8482,1.51857,0.26060500000000003
35.8813,1.51939,-0.210769
35.9144,1.50474,-0.6697420000000001
35.9476,1.4753399999999999,-1.09907
35.9807,1.4324,-1.48405
36.0138,1.3776,-1.8137
36.047,1.3129,-2.08125
36.0801,1.2404,-2.2841299999999998
36.1136,1.16125,-2.42472
36.1487,1.0747,-2.50639
36.1857,0.98124,-2.52788
36.2254,0.8816139999999999,-2.48763
36.2684,0.776678,-2.38367
36.3158,0.667462,-2.2126
36.3694,0.555327,-1.96747
36.431999999999995,0.442283,-1.6325399999999999
36.5112,0.331419,-1.1627299999999998
36.6146,0.24498000000000003,-0.502199
36.718,0.228544,0.187824
36.8215,0.28427199999999997,0.8905219999999999
36.9079,0.386504,1.47279
36.9943,0.5380590000000001,2.0264599999999997
37.0807,0.734637,2.50362
37.1383,0.885908,2.73632
37.1861,1.01954,2.8452900000000003
37.2282,1.13988,2.85472
37.2703,1.25854,2.7623599999999997
37.3056,1.35325,2.59408
37.3408,1.44045,2.33575
37.3761,1.51692,1.98612
37.4062,1.5712899999999999,1.61995
37.4362,1.6138,1.19953
37.4663,1.6430099999999999,0.737089
37.4964,1.6578700000000002,0.24832600000000002
37.5264,1.65786,-0.248743
37.5565,1.6430200000000001,-0.735334
37.5866,1.61392,-1.19357
37.6167,1.5716700000000001,-1.60799
37.6467,1.51777,-1.96669
37.6768,1.45402,-2.26193
37.7069,1.3824,-2.4901400000000002
37.736999999999995,1.30492,-2.65151
37.7684,1.21967,-2.75242
37.8017,1.12739,-2.7902299999999998
37.8371,1.02877,-2.76294
37.8754,0.9245690000000001,-2.6684200000000002
37.9175,0.815591,-2.50347
37.9648,0.70277,-2.26189
38.0199,0.5871029999999999,-1.9294900000000001
38.0897,0.46849300000000005,-1.46166
38.1848,0.3614,-0.785775
38.2799,0.319313,-0.0994337
38.3751,0.342127,0.575745
38.4702,0.427896,1.22058
38.5653,0.572459,1.8051700000000002
38.6444,0.73169,2.20471
38.703,0.86766,2.4152400000000003
38.7529,0.9907379999999999,2.50933
38.8027,1.11604,2.50033
38.8429,1.21474,2.40184
38.883,1.30766,2.2109799999999997
38.9181,1.3811200000000001,1.96443
38.9532,1.44462,1.6444299999999998
38.9882,1.4957,1.25727
39.0233,1.5321799999999999,0.814859
39.0538,1.55073,0.398768
39.0843,1.55633,-0.032636
39.1148,1.54874,-0.464624
39.1452,1.52816,-0.882524
39.1757,1.4952299999999998,-1.27292
39.2062,1.45096,-1.62467
39.2367,1.39667,-1.92957
39.2675,1.33317,-2.18505
39.2992,1.26051,-2.3907700000000003
39.3321,1.1791200000000002,-2.54434
39.3666,1.08946,-2.6440599999999996
39.4031,0.991935,-2.68914
39.4421,0.886871,-2.67951
39.4846,0.7744340000000001,-2.6155
39.5314,0.654502,-2.4971400000000004
39.5845,0.52633,-2.3229
39.6475,0.387436,-2.08562
39.7315,0.22619899999999998,-1.7498599999999997
39.8306,0.07237,-1.35811
39.9297,-0.0436048,-0.9873
40.0455,-0.134459,-0.588125
40.2043,-0.188749,-0.109904
40.3631,-0.174396,0.273389
40.4954,-0.12178399999999999,0.509087
40.6276,-0.043318199999999994,0.663971
40.766,0.054747300000000006,0.737958
40.8927,0.14823599999999998,0.725355
41.0193,0.23513699999999998,0.6334770000000001
41.146,0.305261,0.46029799999999993
41.2726,0.348383,0.208006
41.3993,0.35499899999999995,-0.11396500000000001
41.5259,0.317228,-0.49010200000000004
41.6655,0.21725999999999998,-0.9492
41.7857,0.0778206,-1.37479
41.8875,-0.0812298,-1.7556
41.9781,-0.256191,-2.10566
42.0687,-0.46263999999999994,-2.44488
42.1467,-0.6631739999999999,-2.68905
42.203,-0.818116,-2.80292
42.2512,-0.9541940000000001,-2.8311599999999997
42.2994,-1.08958,-2.77011
42.3385,-1.19574,-2.6379900000000003
42.3777,-1.2950700000000002,-2.42028
42.4121,-1.3740299999999999,-2.15319
42.4466,-1.44256,-1.8155400000000002
42.481,-1.49833,-1.41295
42.5154,-1.5392700000000001,-0.956677
42.5454,-1.5616,-0.5281600000000001
42.5755,-1.57082,-0.08491060000000002
42.6055,-1.5667,0.358236
42.6355,-1.5494700000000001,0.786333
42.6655,-1.51979,1.18554
42.6955,-1.47872,1.54415
42.7255,-1.4276200000000001,1.85339
42.7555,-1.36804,2.1076599999999996
42.7865,-1.29941,2.31012
42.8187,-1.22253,2.45617
42.8524,-1.13812,2.54284
42.888000000000005,-1.04693,2.56787
42.9261,-0.949737,2.52922
42.9673,-0.8474389999999999,2.42444
43.0127,-0.741102,2.24968
43.0639,-0.632109,1.9973900000000002
43.123999999999995,-0.522364,1.6504599999999998
43.201,-0.41401400000000005,1.1548399999999999
43.3004,-0.332967,0.46980200000000005
43.3998,-0.321355,-0.23815100000000003
43.4871,-0.36938200000000004,-0.861524
43.5744,-0.47125500000000003,-1.46862
43.6616,-0.6243529999999999,-2.02849
43.7489,-0.822216,-2.48122
43.8028,-0.96134,-2.66342
43.8485,-1.08486,-2.72952
43.8942,-1.20907,-2.69001
43.9313,-1.30698,-2.5646299999999997
43.9685,-1.3985100000000001,-2.34585
44.0011,-1.47086,-2.07342
44.0338,-1.53311,-1.7279400000000003
44.0664,-1.5829799999999998,-1.31664
44.0991,-1.6185100000000001,-0.852124
44.1276,-1.63666,-0.415959
44.1562,-1.6421299999999999,0.0336805
44.1847,-1.63475,0.48183100000000006
44.2133,-1.6147799999999999,0.913651
44.2418,-1.58287,1.3155700000000001
44.2704,-1.54005,1.6762299999999999
44.2989,-1.48763,1.98717
44.3278,-1.42632,2.24588
44.3576,-1.3563399999999999,2.45086
44.3884,-1.27823,2.59881
44.4208,-1.1926,2.6869400000000003
44.455,-1.10009,2.71305
44.4915,-1.00138,2.6752700000000003
44.5312,-0.897177,2.57144
44.5749,-0.788266,2.39816
44.6245,-0.675479,2.1484799999999997
44.683,-0.559487,1.8053299999999999
44.7613,-0.437583,1.3022200000000002
44.8499,-0.348468,0.709612
44.9384,-0.311977,0.116276
45.028,-0.327952,-0.469317
45.1214,-0.399252,-1.0493299999999999
45.2176,-0.52671,-1.58917
45.3019,-0.677824,-1.9801099999999998
45.3649,-0.809663,-2.19002
45.4184,-0.929739,-2.2869599999999997
45.4718,-1.05246,-2.2849
45.5148,-1.14897,-2.19571
45.5577,-1.2397799999999999,-2.01784
45.5952,-1.31126,-1.7862099999999999
45.6326,-1.37273,-1.48432
45.6701,-1.4216600000000001,-1.1184399999999999
45.7076,-1.45587,-0.700382
45.7401,-1.47233,-0.307786
45.7727,-1.47576,0.0982594
45.8052,-1.46594,0.503463
45.8377,-1.44315,0.893763
45.8703,-1.4080700000000002,1.25652
45.9028,-1.36178,1.5815
45.9354,-1.30562,1.86146
45.9685,-1.24,2.09585
46.0026,-1.16508,2.2835400000000003
46.0382,-1.08124,2.42273
46.0756,-0.98882,2.5125599999999997
46.1153,-0.8880600000000001,2.55318
46.158,-0.778984,2.54561
46.2047,-0.661255,2.4914400000000003
46.2568,-0.533821,2.39221
46.317,-0.393943,2.24789
46.3919,-0.23310300000000003,2.05076
46.4978,-0.030662400000000003,1.7739900000000002
46.6037,0.143549,1.51921
46.7312,0.31916700000000003,1.2405700000000002
46.8581,0.459873,0.9778389999999999
46.9576,0.546984,0.772802
47.0571,0.613629,0.566787
47.1435,0.654942,0.390673
47.2298,0.681381,0.223635
47.3162,0.6940729999999999,0.0738251
47.4026,0.694875,-0.0503153
47.489,0.686331,-0.141529
47.5754,0.67152,-0.19479100000000002
47.6635,0.653486,-0.207603
47.7589,0.634868,-0.17457999999999999
47.8596,0.621115,-0.09070310000000001
47.9628,0.618155,0.040129000000000005
48.0526,0.628012,0.18302100000000002
48.1425,0.651582,0.343698
48.2324,0.689987,0.5111359999999999
48.3222,0.743232,0.671389
48.4121,0.809914,0.8069930000000001
48.5019,0.8869030000000001,0.8971120000000001
48.5918,0.969108,0.919401
48.6645,1.03471,0.874287
48.7262,1.08617,0.78687
48.7879,1.13084,0.65485
48.8405,1.1616600000000001,0.510695
48.8932,1.18426,0.34429899999999997
48.9459,1.19771,0.164475
48.9986,1.20155,-0.018290200000000003
49.0513,1.19592,-0.192905
49.104,1.18154,-0.34885900000000003
49.1567,1.15964,-0.47729499999999997
49.2094,1.13184,-0.571764
49.2621,1.10005,-0.628571
49.3159,1.0655299999999999,-0.646679
49.373999999999995,1.0284799999999998,-0.622661
49.44,0.9896530000000001,-0.545988
49.5123,0.95473,-0.41195299999999996
49.5847,0.930989,-0.23922600000000002
49.6471,0.9212540000000001,-0.07038
49.7096,0.922364,0.10642599999999999
49.772,0.934506,0.281225
49.8345,0.9572370000000001,0.443813
49.8969,0.9894709999999999,0.583724
49.9594,1.02946,0.690422
50.0218,1.07481,0.753841
50.0902,1.12709,0.763534
50.1587,1.17769,0.703864
50.2149,1.21462,0.602367
50.2711,1.24461,0.457879
50.3195,1.26316,0.305676
50.3678,1.27389,0.135919
50.4162,1.2761799999999999,-0.041888
50.4646,1.26988,-0.21749699999999997
50.5129,1.25534,-0.380907
50.5613,1.23337,-0.523307
50.6097,1.20516,-0.6378119999999999
50.658,1.17219,-0.7198859999999999
50.7072,1.1354799999999998,-0.767903
50.7592,1.09509,-0.780064
50.8156,1.05165,-0.751221
50.8802,1.00546,-0.6715270000000001
50.9521,0.961785,-0.5364720000000001
51.023999999999994,0.9291290000000001,-0.367664
51.0873,0.911006,-0.203404
51.1506,0.9034620000000001,-0.035071899999999996
51.2139,0.906449,0.12776600000000002
51.2772,0.9193290000000001,0.275998
51.3405,0.9409,0.400941
51.4038,0.969427,0.494457
51.4702,1.0043600000000001,0.550864
51.5426,1.04482,0.556405
51.61600000000001,1.0839299999999998,0.498119
51.6785,1.11217,0.399038
51.74100000000001,1.13295,0.26009699999999997
51.795,1.14317,0.11496300000000001
51.8491,1.1451200000000001,-0.044677999999999995
51.9032,1.13825,-0.20948200000000003
51.9572,1.1225399999999999,-0.36993899999999996
52.0113,1.09848,-0.517349
52.0653,1.06697,-0.644645
52.1194,1.0292299999999999,-0.746926
52.1735,0.9867049999999999,-0.821631
52.2301,0.9386479999999999,-0.869944
52.2903,0.885542,-0.889594
52.3555,0.827759,-0.8785930000000001
52.4281,0.765372,-0.834515
52.5139,0.697128,-0.7518640000000001
52.6141,0.6276619999999999,-0.632059
52.7143,0.570674,-0.505666
52.8145,0.526045,-0.387436
52.9147,0.49240200000000006,-0.287856
53.0161,0.467239,-0.21335500000000002
53.1231,0.44713400000000003,-0.168506
53.2381,0.42854200000000003,-0.162251
53.3632,0.406057,-0.205823
53.4916,0.373936,-0.303292
53.6241,0.32418,-0.45588900000000004
53.7647,0.24561799999999998,-0.6703819999999999
53.9069,0.13176500000000002,-0.939428
54.0422,-0.015312200000000002,-1.2436
54.1458,-0.157573,-1.50631
54.2512,-0.331257,-1.7888099999999998
54.3567,-0.534266,-2.05457
54.4333,-0.69768,-2.19921
54.4935,-0.831982,-2.25357
54.5457,-0.949607,-2.2363299999999997
54.598,-1.06434,-2.1398900000000003
54.6413,-1.1538899999999999,-1.9885599999999999
54.6845,-1.23537,-1.7661099999999998
54.7278,-1.30567,-1.4718200000000001
54.7645,-1.35435,-1.1695200000000001
54.8013,-1.39116,-0.8272790000000001
54.8381,-1.41482,-0.45651899999999995
54.8748,-1.42454,-0.07153860000000001
54.9116,-1.4201,0.31175
54.9483,-1.40184,0.6773640000000001
54.9851,-1.3707,1.0108
55.0219,-1.32807,1.30029
55.0586,-1.27575,1.53765
55.0954,-1.21573,1.7184700000000002
55.1321,-1.15012,1.8418599999999998
55.1705,-1.0778299999999998,1.9117
55.2112,-0.999668,1.9250900000000002
55.2547,-0.9166489999999999,1.87878
55.3021,-0.829976,1.76857
55.3549,-0.741167,1.58744
55.4159,-0.652172,1.3205
55.4939,-0.564525,0.917523
55.5835,-0.505116,0.40239
55.6613,-0.492068,-0.0695012
55.7392,-0.516108,-0.547918
55.8171,-0.577145,-1.0169700000000002
55.8949,-0.673664,-1.45499
55.9728,-0.8020520000000001,-1.8289
56.0539,-0.9623870000000001,-2.09628
56.1076,-1.0773700000000002,-2.1682200000000003
56.1534,-1.17639,-2.14165
56.1992,-1.27206,-2.01956
56.2375,-1.34616,-1.8373599999999999
56.2758,-1.4118600000000001,-1.58097
56.3141,-1.46638,-1.25479
56.3472,-1.50251,-0.925084
56.3802,-1.52715,-0.561394
56.4133,-1.53939,-0.17678
56.4463,-1.53877,0.21390399999999998
56.4794,-1.52535,0.5952569999999999
56.5124,-1.49969,0.9526709999999999
56.5455,-1.46278,1.27354
56.5785,-1.41601,1.54814
56.6116,-1.36103,1.77013
56.6446,-1.29962,1.9365299999999999
56.6789,-1.23105,2.05055
56.715,-1.15598,2.1090400000000002
56.7532,-1.0751600000000001,2.10885
56.7943,-0.9894700000000001,2.0465299999999997
56.8394,-0.8998950000000001,1.91736
56.8902,-0.807505,1.7128599999999998
56.9505,-0.713009,1.41194
57.028,-0.620521,0.967915
57.1054,-0.563884,0.491075
57.1829,-0.544663,0.00524291
57.2604,-0.5628350000000001,-0.471438
57.3378,-0.617017,-0.9213180000000001
57.4153,-0.704327,-1.32245
57.4928,-0.819867,-1.64405
57.5628,-0.942233,-1.8309799999999998
57.618,-1.04516,-1.88267
57.6661,-1.13517,-1.84212
57.7143,-1.22108,-1.71048
57.755,-1.28712,-1.52391
57.7957,-1.34416,-1.26925
57.8364,-1.3895600000000001,-0.9527479999999999
57.8719,-1.41784,-0.635125
57.9074,-1.4343299999999999,-0.290248
57.9429,-1.43828,0.06872669999999999
57.9784,-1.42945,0.427537
58.0139,-1.40809,0.772091
58.0494,-1.37495,1.08972
58.0849,-1.33117,1.37021
58.1204,-1.27819,1.60638
58.1558,-1.21769,1.79437
58.1925,-1.1492,1.93697
58.2307,-1.07311,2.03242
58.2711,-0.9898959999999999,2.0790599999999997
58.3143,-0.900075,2.07576
58.361000000000004,-0.8041010000000001,2.02165
58.4126,-0.702314,1.91555
58.4712,-0.5947479999999999,1.75453
58.5407,-0.480343,1.5297100000000001
58.6365,-0.34977800000000003,1.19631
58.7393,-0.24520799999999998,0.8396600000000001
58.8422,-0.176322,0.504704
58.9521,-0.138933,0.182194
59.0769,-0.13633499999999998,-0.130501
59.2252,-0.17823699999999998,-0.41876899999999995
59.3734,-0.255529,-0.605884
59.4857,-0.32793,-0.672245
59.598,-0.40378000000000003,-0.666146
59.6953,-0.465725,-0.597349
59.7926,-0.5180100000000001,-0.46749799999999997
59.8898,-0.554766,-0.278876
59.9871,-0.570607,-0.0392702
60.0844,-0.5611659999999999,0.23847100000000002
60.1817,-0.52347,0.539157
60.2789,-0.455967,0.849507
60.3762,-0.358134,1.1621299999999999
60.4764,-0.225465,1.48682
60.5852,-0.0440556,1.8499599999999998
60.6801,0.14701199999999998,2.17999
60.775,0.369642,2.51133
60.8698,0.622152,2.79807
60.9265,0.784208,2.90804
60.9749,0.925984,2.93548
61.0234,1.06707,2.87499
61.0625,1.1772,2.7441400000000002
61.1016,1.28057,2.5272900000000003
61.1359,1.36297,2.26018
61.1702,1.43495,1.92065
61.2046,1.49409,1.51355
61.2389,1.53823,1.0495700000000001
61.2687,1.5630899999999999,0.6128979999999999
61.2986,1.5746200000000001,0.159001
61.3284,1.57255,-0.297121
61.3582,1.55703,-0.74015
61.388000000000005,1.52867,-1.15572
61.4179,1.48848,-1.53152
61.4477,1.4378,-1.85812
61.4775,1.37819,-2.12937
61.5081,1.30954,-2.34717
61.5398,1.2324,-2.5083900000000003
61.573,1.14745,-2.61026
61.6079,1.05536,-2.65066
61.6451,0.9568840000000001,-2.62783
61.6853,0.852828,-2.5398400000000003
61.7294,0.744135,-2.38374
61.7787,0.631988,-2.15383
61.8357,0.5180130000000001,-1.8376400000000002
61.9057,0.404503,-1.40232
62.0029,0.299668,-0.747581
62.1001,0.26010300000000003,-0.0631985
62.1973,0.28775,0.63261
62.2945,0.382916,1.3224799999999999
62.3789,0.5190100000000001,1.8942
62.4634,0.700936,2.39887
62.5265,0.86215,2.6882200000000003
62.5758,0.998233,2.82675
62.6187,1.12081,2.8602
62.6617,1.2426700000000002,2.78972
62.6974,1.33971,2.6385099999999997
62.7331,1.42973,2.3947700000000003
62.7687,1.50936,2.05599
62.7989,1.56617,1.6981400000000002
62.8291,1.6113,1.28282
62.8593,1.64316,0.8218040000000001
62.8894,1.6606,0.330611
62.9196,1.6629900000000002,-0.1726
62.9498,1.6502599999999998,-0.668587
62.98,1.62289,-1.13875
63.0102,1.5819299999999998,-1.5667799999999998
63.0404,1.52886,-1.93987
63.0706,1.46546,-2.24945
63.1007,1.39374,-2.49131
63.1309,1.31575,-2.6652099999999996
63.1622,1.23059,-2.7768200000000003
63.195,1.1383,-2.82574
63.23,1.03946,-2.81034
63.2678,0.934732,-2.7288200000000002
63.3091,0.82483,-2.57859
63.3554,0.710538,-2.35468
63.4089,0.5926319999999999,-2.04581
63.4751,0.47105699999999995,-1.61922
63.5632,0.35482199999999997,-1.01676
63.6513,0.292267,-0.404007
63.7403,0.283641,0.20785700000000001
63.8344,0.332848,0.832392
63.9315,0.443295,1.43355
64.0318,0.615025,1.9713599999999998
64.0989,0.756991,2.2473400000000003
64.1542,0.88581,2.39468
64.2026,1.0031700000000001,2.44123
64.251,1.12049,2.38997
64.291,1.21385,2.26028
64.3311,1.3003,2.0434
64.3711,1.37627,1.7369299999999999
64.4049,1.4296799999999998,1.41137
64.4388,1.47115,1.03239
64.4726,1.49905,0.611567
64.5064,1.5122200000000001,0.164051
64.5402,1.51005,-0.29266
64.5741,1.49252,-0.740354
64.6079,1.4602600000000001,-1.16188
64.6417,1.41438,-1.54275
64.6756,1.35646,-1.87225
64.7094,1.28837,-2.14397
64.7432,1.2121,-2.35575
64.7774,1.12873,-2.5104599999999997
64.8131,1.03701,-2.6132299999999997
64.851,0.9369799999999999,-2.66452
64.8915,0.8287479999999999,-2.6651
64.9356,0.712149,-2.61626
64.9845,0.586491,-2.51935
65.0403,0.449908,-2.37449
65.1074,0.297097,-2.17645
65.2054,0.0983975,-1.8787900000000002
65.3047,-0.0737146,-1.59206
65.4131,-0.230397,-1.3026799999999998
65.5529,-0.388047,-0.956699
65.6625,-0.478736,-0.699001
65.7737,-0.5424829999999999,-0.45025200000000004
65.8684,-0.5756899999999999,-0.25438299999999997
65.9631,-0.591378,-0.0816383
66.0577,-0.5921569999999999,0.0591856
66.1524,-0.581421,0.16050999999999999
66.2471,-0.563174,0.217271
66.3435,-0.541352,0.22711900000000002
66.4476,-0.51948,0.184321
66.5564,-0.504372,0.0844116
66.668,-0.503084,-0.06917849999999999
66.7658,-0.517889,-0.23825500000000002
66.8636,-0.550424,-0.430026
66.9614,-0.6023350000000001,-0.632149
67.0466,-0.663561,-0.8034180000000001
67.1318,-0.73863,-0.954227
67.2169,-0.8249879999999999,-1.06485
67.31,-0.927057,-1.11237
67.3806,-1.00473,-1.07922
67.4405,-1.06722,-0.995654
67.5005,-1.12309,-0.858786
67.5515,-1.1630200000000002,-0.702839
67.6024,-1.1941899999999999,-0.5160779999999999
67.6534,-1.21523,-0.307177
67.7043,-1.2253,-0.08742710000000001
67.7553,-1.22417,0.130356
67.8062,-1.2122700000000002,0.33323600000000003
67.8572,-1.1906700000000001,0.509584
67.9081,-1.16096,0.650231
67.9591,-1.1251200000000001,0.749142
68.01,-1.0853700000000002,0.803563
68.062,-1.04314,0.8134640000000001
68.1182,-0.9982620000000001,0.775542
68.1821,-0.9515459999999999,0.678415
68.2532,-0.90881,0.515247
68.3264,-0.8786579999999999,0.302981
68.3892,-0.8659889999999999,0.09790349999999999
68.452,-0.866561,-0.11683900000000001
68.5148,-0.880641,-0.330353
68.5776,-0.907799,-0.531352
68.6404,-0.9468780000000001,-0.707866
68.7032,-0.995944,-0.8472059999999999
68.766,-1.05226,-0.9363950000000001
68.8346,-1.1178299999999999,-0.962298
68.9032,-1.18228,-0.902185
68.9566,-1.22777,-0.79298
69.01,-1.26603,-0.6320939999999999
69.0557,-1.29108,-0.45927700000000005
69.1014,-1.30765,-0.26237
69.1471,-1.31485,-0.051496400000000005
69.1928,-1.3123200000000002,0.161899
69.2385,-1.30019,0.36614
69.2842,-1.27915,0.550447
69.3299,-1.25032,0.705912
69.3756,-1.21516,0.8261350000000001
69.4213,-1.17539,0.907486
69.4682,-1.1316899999999999,0.9495309999999999
69.5181,-1.08417,0.949836
69.5726,-1.03349,0.9025350000000001
69.6353,-0.9799370000000001,0.795732
69.7055,-0.9298190000000001,0.625041
69.7757,-0.89307,0.41766400000000004
69.8458,-0.871658,0.190667
69.9076,-0.8661760000000001,-0.0126374
69.9693,-0.873072,-0.208879
70.031,-0.89161,-0.388346
70.0927,-0.920457,-0.541457
70.1555,-0.958408,-0.6604439999999999
70.2211,-1.0045,-0.734952
70.2935,-1.05866,-0.7472479999999999
70.366,-1.11081,-0.678791
70.4236,-1.1469200000000002,-0.566545
70.4812,-1.17519,-0.408023
70.5311,-1.1914799999999999,-0.240197
70.5811,-1.19887,-0.053094
70.6311,-1.19664,0.143144
70.681,-1.1846,0.33776300000000004
70.73100000000001,-1.16309,0.520487
70.781,-1.13293,0.6825220000000001
70.8309,-1.09534,0.817286
70.8809,-1.05179,0.920767
70.9318,-1.00295,0.9925120000000001
70.9852,-0.948684,1.03217
71.0423,-0.8894049999999999,1.03762
71.1046,-0.825549,1.0064600000000001
71.1748,-0.757211,0.9350290000000001
71.2599,-0.682611,0.8130689999999999
71.3582,-0.610762,0.646718
71.4565,-0.555714,0.474289
71.5547,-0.517217,0.31206799999999996
71.653,-0.493675,0.171477
71.7512,-0.482548,0.0604721
71.8546,-0.48072700000000007,-0.018360599999999998
71.9667,-0.48534499999999997,-0.0553389
72.0838,-0.491357,-0.03767619999999999
72.20100000000001,-0.491961,0.0364793
72.3182,-0.480786,0.16234300000000002
72.4371,-0.451614,0.335018
72.5624,-0.39614499999999997,0.5559470000000001
72.70100000000001,-0.300012,0.837148
72.866,-0.13112000000000001,1.21895
72.9767,0.019447700000000002,1.50698
73.0757,0.182288,1.78551
73.1747,0.373202,2.0703099999999997
73.2737,0.59117,2.3226
73.3388,0.746488,2.43394
73.3932,0.8801110000000001,2.46502
73.4477,1.0133,2.41391
73.4911,1.11588,2.2976
73.5345,1.21174,2.10289
73.5725,1.28721,1.8639
73.6104,1.35238,1.56102
73.6484,1.4049399999999999,1.19982
73.6863,1.44284,0.7913180000000001
73.7193,1.46269,0.410577
73.7522,1.4697799999999999,0.0190487
73.7852,1.4639799999999998,-0.369348
73.8181,1.44563,-0.740794
73.8511,1.41549,-1.08274
73.884,1.37471,-1.38485
73.917,1.32474,-1.63965
73.9504,1.2662799999999999,-1.84549
73.985,1.1997,-2.00045
74.021,1.12571,-2.10131
74.0588,1.0451,-2.14522
74.0992,0.9587389999999999,-2.12952
74.1426,0.867657,-2.0512200000000003
74.1903,0.773088,-1.906
74.2439,0.6766399999999999,-1.68603
74.3066,0.580494,-1.37379
74.3886,0.486598,-0.9064709999999999
74.4804,0.42923100000000003,-0.337487
74.5722,0.425342,0.25490100000000004
74.6523,0.466559,0.774138
74.7323,0.548883,1.2787600000000001
74.8123,0.670204,1.74318
74.8924,0.825741,2.12474
74.9533,0.961644,2.31926
75.0028,1.0785799999999999,2.38687
75.0465,1.18251,2.35933
75.0901,1.2831700000000001,2.23481
75.127,1.36228,2.04648
75.1638,1.4330100000000001,1.7796299999999998
75.2007,1.4925,1.43767
75.2325,1.53283,1.08914
75.2643,1.56142,0.701823
75.2962,1.57723,0.288891
75.328,1.5797,-0.134299
75.3598,1.56875,-0.551489
75.3916,1.54483,-0.9469290000000001
75.4235,1.50885,-1.3067
75.4553,1.46215,-1.61976
75.4871,1.4063299999999999,-1.87853
75.5189,1.3432,-2.07905
75.5515,1.27308,-2.2231099999999997
75.5854,1.1959600000000001,-2.3104299999999998
75.6212,1.11246,-2.33839
75.6595,1.02335,-2.30423
75.7011,0.929509,-2.2046799999999998
75.747,0.8319280000000001,-2.03464
75.7994,0.731703,-1.784
75.863,0.629378,-1.425
75.9489,0.529818,-0.8871899999999999
76.0347,0.47773000000000004,-0.324423
76.1206,0.47408500000000003,0.23770500000000003
76.2064,0.517958,0.779133
76.2923,0.606639,1.27693
76.3782,0.735025,1.6969400000000001
76.4514,0.869468,1.95416
76.5079,0.9833120000000001,2.0586
76.5569,1.08446,2.0621
76.6058,1.18346,1.9688299999999999
76.6465,1.26065,1.8090000000000002
76.6872,1.32974,1.5716299999999999
76.7279,1.38763,1.25966
76.7628,1.42615,0.939793
76.7977,1.45279,0.581641
76.8326,1.46645,0.198042
76.8676,1.46649,-0.19603199999999998
76.9025,1.4528299999999998,-0.5847979999999999
76.9374,1.42591,-0.953132
76.9723,1.38669,-1.2879200000000002
77.0072,1.33651,-1.5790899999999999
77.0421,1.27704,-1.82015
77.077,1.21007,-2.00821
77.1128,1.13541,-2.14665
77.1504,1.053,-2.23562
77.1901,0.96324,-2.2741700000000002
77.2327,0.866517,-2.2617700000000003
77.2789,0.7631399999999999,-2.19818
77.3302,0.653192,-2.08281
77.3887,0.536239,-1.91325
77.4588,0.41016099999999994,-1.68058
77.5584,0.26,-1.3323200000000002
77.6618,0.14064000000000002,-0.9804069999999999
77.7667,0.055383100000000005,-0.649976
77.8855,-0.00162005,-0.31816700000000003
78.0307,-0.0224215,0.0183136
78.1901,0.00360772,0.290699
78.3495,0.0644511,0.45412299999999994
78.5089,0.142301,0.503361
78.64,0.206075,0.455471
78.7712,0.258267,0.326865
78.9024,0.288412,0.12018800000000002
79.0336,0.28671599999999997,-0.156873
79.1678,0.24316999999999997,-0.501074
79.3158,0.137399,-0.9376129999999999
79.4335,0.00468175,-1.3220299999999998
79.5334,-0.144618,-1.6706400000000001
79.6333,-0.329372,-2.02882
79.7332,-0.5491060000000001,-2.36235
79.8022,-0.718595,-2.53919
79.8573,-0.8611479999999999,-2.6169599999999997
79.9053,-0.987023,-2.61472
79.9533,-1.11079,-2.52578
79.993,-1.20831,-2.373
80.0328,-1.29819,-2.14005
80.0725,-1.3771799999999998,-1.82417
80.1061,-1.43315,-1.49455
80.1397,-1.47717,-1.11529
80.1734,-1.50775,-0.697591
80.207,-1.5238399999999999,-0.256214
80.2407,-1.52492,0.191688
80.2743,-1.5110700000000001,0.628149
80.3079,-1.48298,1.0361200000000002
80.3416,-1.44185,1.4010200000000002
80.3752,-1.38932,1.71187
80.4089,-1.32736,1.9618099999999998
80.4425,-1.25805,2.14811
80.4765,-1.1827299999999998,2.27258
80.512,-1.10061,2.33828
80.5497,-1.01225,2.34327
80.5901,-0.918537,2.28508
80.6341,-0.8205049999999999,2.16038
80.683,-0.719471,1.9635799999999999
80.73899999999999,-0.617186,1.68327
80.8069,-0.5159279999999999,1.2897
80.9045,-0.42015699999999995,0.663795
80.9899,-0.388019,0.0865145
81.0752,-0.405661,-0.500274
81.1606,-0.473209,-1.08006
81.2459,-0.589141,-1.6291799999999999
81.3312,-0.7492409999999999,-2.1061099999999997
81.3976,-0.898717,-2.38206
81.4492,-1.0252700000000001,-2.50523
81.4939,-1.13814,-2.5232900000000003
81.5387,-1.24959,-2.43918
81.5758,-1.3373899999999999,-2.28067
81.6129,-1.41771,-2.0359599999999998
81.65,-1.48735,-1.7053200000000002
81.6815,-1.5358399999999999,-1.36186
81.71300000000001,-1.57271,-0.9700629999999999
81.7445,-1.59663,-0.542374
81.7761,-1.60669,-0.0942562
81.8076,-1.6025399999999999,0.357033
81.8391,-1.58433,0.793954
81.8706,-1.5528,1.20024
81.9022,-1.50912,1.56227
81.9337,-1.45487,1.8699400000000002
81.9652,-1.39186,2.11714
81.9967,-1.3220399999999999,2.30159
82.0291,-1.24545,2.42672
82.0629,-1.16193,2.4927200000000003
82.0989,-1.07207,2.49743
82.1375,-0.9765940000000001,2.4384900000000003
82.1796,-0.8763489999999999,2.31282
82.2265,-0.772265,2.11515
82.2806,-0.665326,1.83417
82.3475,-0.555624,1.43638
82.4297,-0.459081,0.909401
82.5118,-0.406585,0.367946
82.594,-0.398507,-0.169398
82.6774,-0.43478999999999995,-0.696364
82.7627,-0.515937,-1.19915
82.8504,-0.6416649999999999,-1.65162
82.9277,-0.781803,-1.9589900000000002
82.98700000000001,-0.9028139999999999,-2.10648
83.038,-1.0118,-2.14886
83.0891,-1.1205399999999999,-2.0933200000000003
83.131,-1.20589,-1.9628400000000001
83.17299999999999,-1.28405,-1.7497
83.2149,-1.35152,-1.45369
83.2504,-1.39771,-1.1436600000000001
83.2858,-1.43206,-0.787442
83.3213,-1.45313,-0.397094
83.3567,-1.45999,0.0123793
83.3922,-1.45223,0.424339
83.4276,-1.4300700000000002,0.822102
83.4631,-1.39429,1.19056
83.4985,-1.34615,1.5175
83.53399999999999,-1.28729,1.79446
83.5694,-1.21957,2.01701
83.6049,-1.14494,2.18446
83.6416,-1.06226,2.3025900000000004
83.6804,-0.971565,2.3715900000000003
83.7217,-0.8730870000000001,2.39148
83.7662,-0.766953,2.36289
83.8152,-0.652981,2.2867
83.8702,-0.53035,2.16325
83.9346,-0.39660700000000004,1.99017
84.0169,-0.24254299999999998,1.75196
84.1273,-0.0665391,1.4385299999999999
84.2378,0.076253,1.15246
84.3645,0.203579,0.86429
84.5156,0.311612,0.575375
84.6667,0.38050700000000004,0.347012
84.8178,0.419886,0.186217
84.9472,0.43835100000000005,0.109036
85.0765,0.45067299999999993,0.091566
85.2059,0.464621,0.133832
85.3352,0.487688,0.23142600000000002
85.4395,0.51746,0.344031
85.5438,0.560189,0.478351
85.648,0.6175609999999999,0.6225350000000001
85.7392,0.6799069999999999,0.743634
85.8303,0.752505,0.8447209999999999
85.9215,0.832727,0.907751
86.0184,0.921531,0.911112
86.0917,0.986643,0.857728
86.1552,1.03852,0.767918
86.2188,1.08342,0.6382479999999999
86.2738,1.1147799999999999,0.49759799999999993
86.3289,1.13783,0.337023
86.3839,1.15167,0.16503900000000002
86.439,1.1559700000000002,-0.00825656
86.494,1.15093,-0.172238
86.5491,1.13736,-0.316915
86.6041,1.11656,-0.433963
86.6591,1.0902100000000001,-0.517439
86.7142,1.06027,-0.564079
86.7712,1.02767,-0.572854
86.8333,0.992926,-0.5387430000000001
86.9052,0.957124,-0.44875600000000004
86.98100000000001,0.928243,-0.30640300000000004
87.0471,0.912932,-0.15348699999999998
87.1131,0.908317,0.0156433
87.1792,0.915125,0.190466
87.2453,0.933372,0.360083
87.3114,0.9623440000000001,0.513159
87.3774,1.0005600000000001,0.638011
87.4435,1.04578,0.723029
87.5096,1.09499,0.757612
87.5807,1.14829,0.729333
87.6415,1.1904299999999999,0.6481520000000001
87.7023,1.2260799999999998,0.516822
87.7524,1.2485600000000001,0.37645700000000004
87.8025,1.2634299999999998,0.214682
87.8525,1.26986,0.040814300000000005
87.9026,1.26749,-0.134615
87.9527,1.25653,-0.300902
88.0028,1.23767,-0.44825699999999996
88.0529,1.21207,-0.568707
88.103,1.18124,-0.6566930000000001
88.1531,1.14688,-0.709277
88.2051,1.1093899999999999,-0.725952
88.2614,1.069,-0.702685
88.3254,1.02609,-0.630033
88.3967,0.985477,-0.5025689999999999
88.4687,0.955033,-0.338467
88.531,0.938841,-0.17983
88.5932,0.932738,-0.0160854
88.6555,0.936745,0.143258
88.7178,0.9503010000000001,0.289025
88.7801,0.972282,0.412394
88.8424,1.0010299999999999,0.505057
88.9069,1.03568,0.56081
88.977,1.07556,0.567549
89.0491,1.11486,0.5117229999999999
89.1105,1.14353,0.415062
89.1719,1.165,0.278706
89.2248,1.17606,0.136548
89.2776,1.17919,-0.020007499999999998
89.3305,1.1738600000000001,-0.181722
89.3834,1.16004,-0.33912
89.4363,1.13822,-0.483443
89.4892,1.10927,-0.60747
89.542,1.0744200000000002,-0.706068
89.5949,1.0351,-0.7764
89.6502,0.990867,-0.8190189999999999
89.709,0.9421860000000001,-0.831307
89.773,0.889495,-0.81025
89.8453,0.832832,-0.751123
89.9302,0.773249,-0.6471399999999999
90.0243,0.718831,-0.5066
90.1184,0.678171,-0.357543
90.2125,0.651331,-0.215079
90.3066,0.637115,-0.0909356
90.4007,0.63336,0.0059576
90.4948,0.637174,0.0690451
90.5927,0.645515,0.0941791
90.6975,0.654706,0.07302410000000001
90.8022,0.659121,0.00353679
90.90700000000001,0.653946,-0.10884
91.0117,0.635131,-0.25519200000000003
91.1165,0.59967,-0.424868
91.2212,0.545658,-0.607975
91.32600000000001,0.472071,-0.7978770000000001
91.4307,0.378336,-0.992816
91.5434,0.254251,-1.21195
91.6773,0.0733225,-1.4963600000000001
91.78299999999999,-0.0979307,-1.74633
91.8782,-0.275425,-1.98586
91.9733,-0.475577,-2.21691
92.052,-0.6561859999999999,-2.36622
92.1118,-0.79973,-2.4234299999999998
92.1634,-0.924911,-2.40988
92.2151,-1.04742,-2.3168
92.2577,-1.14307,-2.16722
92.3002,-1.2308,-1.9436900000000001
92.3428,-1.3074,-1.6438
92.3788,-1.36116,-1.33325
92.4148,-1.40291,-0.97801
92.4508,-1.4312200000000002,-0.589109
92.4868,-1.4451200000000002,-0.18092
92.5229,-1.44422,0.230068
92.5589,-1.42872,0.626842
92.5949,-1.39942,0.99355
92.6309,-1.35766,1.3169600000000001
92.667,-1.30518,1.5874700000000002
92.70299999999999,-1.24399,1.7994900000000003
92.73899999999999,-1.17626,1.9512900000000002
92.7759,-1.1023,2.04604
92.8147,-1.0219799999999999,2.08403
92.8561,-0.9360700000000001,2.06288
92.9007,-0.8456229999999999,1.97953
92.9498,-0.751938,1.8293700000000002
93.0051,-0.6567350000000001,1.60394
93.0703,-0.5623739999999999,1.28365
93.1585,-0.47053599999999995,0.788767
93.2497,-0.42366000000000004,0.234156
93.3409,-0.42845900000000003,-0.341251
93.4208,-0.47598199999999996,-0.8469389999999999
93.5007,-0.563403,-1.3363
93.5806,-0.688433,-1.78245
93.6606,-0.845986,-2.1409
93.7197,-0.978096,-2.31032
93.7685,-1.09245,-2.36076
93.8173,-1.20682,-2.3074
93.8566,-1.2952,-2.17597
93.8959,-1.3767399999999999,-1.95858
93.9304,-1.44001,-1.6959
93.9649,-1.4931,-1.37001
93.9995,-1.53396,-0.9895809999999999
94.03399999999999,-1.56094,-0.567975
94.0644,-1.57229,-0.175647
94.0949,-1.57158,0.22189899999999999
94.1253,-1.55887,0.610792
94.1557,-1.53461,0.97782
94.1862,-1.49967,1.3114299999999999
94.2166,-1.4552,1.60246
94.2471,-1.4026,1.84463
94.2785,-1.34134,2.03998
94.3112,-1.2722799999999999,2.18289
94.3453,-1.19614,2.2697
94.3813,-1.11368,2.29736
94.4198,-1.02568,2.26297
94.4616,-0.933056,2.1630700000000003
94.5078,-0.836832,1.99227
94.5606,-0.7381340000000001,1.7398200000000001
94.6251,-0.637412,1.37529
94.7103,-0.542736,0.840362
94.7955,-0.49492600000000003,0.280206
94.8807,-0.494976,-0.279585
94.9659,-0.541966,-0.81821
95.051,-0.633109,-1.31132
95.1362,-0.7631,-1.72269
95.208,-0.896036,-1.9652
95.2635,-1.00815,-2.0577099999999997
95.3116,-1.1073899999999999,-2.0505299999999997
95.3597,-1.20402,-1.94697
95.4,-1.27921,-1.7790099999999998
95.4402,-1.3461100000000001,-1.5348700000000002
95.4804,-1.40171,-1.21822
95.515,-1.4384,-0.895166
95.5496,-1.46325,-0.535776
95.5842,-1.4752100000000001,-0.153044
95.6188,-1.47374,0.23809499999999997
95.6534,-1.45882,0.622085
95.6881,-1.4309399999999999,0.984173
95.7227,-1.3911,1.3117
95.7573,-1.34066,1.59504
95.7919,-1.28128,1.8281
95.8265,-1.21474,2.00831
95.8623,-1.14032,2.13974
95.8998,-1.0583,2.22117
95.9396,-0.9691540000000001,2.25135
95.9823,-0.873346,2.22949
96.0288,-0.771259,2.15493
96.0804,-0.6631090000000001,2.02639
96.1395,-0.548661,1.84015
96.2111,-0.426008,1.5839
96.3211,-0.274575,1.17
96.431,-0.16826300000000002,0.767846
96.541,-0.104574,0.39676500000000003
96.6606,-0.0790299,0.0387941
96.8012,-0.0991194,-0.311278
96.9559,-0.17091900000000002,-0.598247
97.0753,-0.25152399999999997,-0.740787
97.1946,-0.344602,-0.805662
97.2909,-0.422149,-0.793849
97.3873,-0.49552799999999997,-0.7182649999999999
97.4836,-0.558389,-0.575277
97.5682,-0.5997899999999999,-0.395113
97.6529,-0.623971,-0.169577
97.7375,-0.627486,0.0913588
97.8221,-0.607875,0.374803
97.9067,-0.5637949999999999,0.6676890000000001
97.9913,-0.494906,0.9599059999999999
98.0759,-0.401509,1.24665
98.1648,-0.277449,1.54338
98.2617,-0.11232400000000001,1.86873
98.367,0.10365,2.23467
98.4541,0.311719,2.54212
98.5412,0.5457770000000001,2.8235
98.6023,0.722953,2.96901
98.6527,0.8743489999999999,3.02576
98.6969,1.008,3.0041700000000002
98.7411,1.13881,2.89356
98.7781,1.24266,2.7186
98.815,1.3385200000000002,2.4591
98.8519,1.42316,2.11143
98.8834,1.48406,1.7476200000000002
98.9149,1.53261,1.32877
98.9463,1.56726,0.8661040000000001
98.9778,1.58684,0.374768
99.0093,1.59074,-0.127302
99.0408,1.57892,-0.620988
99.0723,1.55193,-1.08779
99.1037,1.51088,-1.5115399999999999
99.1352,1.4573399999999999,-1.87963
99.1667,1.39321,-2.18382
99.1982,1.32056,-2.42024
99.2297,1.2415399999999999,-2.58901
99.2623,1.1551200000000001,-2.69614
99.2967,1.06149,-2.74115
99.3333,0.961284,-2.72258
99.3728,0.855247,-2.63878
99.416,0.74424,-2.48715
99.4643,0.629318,-2.26264
99.5199,0.511894,-1.9541099999999998
99.5874,0.39395399999999997,-1.53316
99.6868,0.27464,-0.861527
99.7861,0.22384,-0.157684
99.8854,0.24376399999999998,0.559882
99.9848,0.335008,1.27516
100.0,0.355257,1.38323
