,x,xdot
1e-06,6.04e-10,0.000608
6e-06,3.744e-09,0.000648
3.1e-05,2.2444000000000002e-08,0.000848
0.000156,1.90944e-07,0.001848
0.000781,2.9084300000000004e-06,0.00684794
0.003906,6.33692e-05,0.0318466
0.019531,0.0015373,0.156805
0.09765599999999999,0.0381425,0.779528
0.19631700000000002,0.153446,1.55497
0.294977,0.344077,2.30234
0.393638,0.605328,2.97344
0.449096,0.778903,3.27267
0.495465,0.934968,3.4437300000000004
0.535999,1.07615,3.50675
0.576533,1.2178,3.46213
0.609979,1.33158,3.3257199999999996
0.643425,1.4391100000000001,3.08582
0.672949,1.52594,2.78166
0.702472,1.60249,2.38993
0.731996,1.6662400000000002,1.91546
0.761519,1.7148900000000002,1.3693600000000001
0.787184,1.74344,0.849719
0.8128489999999999,1.75827,0.303427
0.838513,1.75892,-0.253027
0.8641780000000001,1.74535,-0.802417
0.889843,1.7179400000000002,-1.3281100000000001
0.915508,1.6775,-1.81532
0.9411729999999999,1.62519,-2.2520700000000002
0.966838,1.56241,-2.62987
0.992503,1.49075,-2.9438400000000002
1.01904,1.40906,-3.19995
1.0466,1.31806,-3.3940300000000003
1.07541,1.21821,-3.52425
1.10581,1.10991,-3.5899300000000003
1.13821,0.9934120000000001,-3.59121
1.17315,0.868841,-3.5286800000000005
1.21143,0.736017,-3.40274
1.25426,0.594222,-3.21235
1.30377,0.44148000000000004,-2.95197
1.36495,0.271525,-2.6002099999999997
1.45381,0.0639094,-2.07186
1.54267,-0.0967831,-1.54626
1.63552,-0.21520999999999998,-1.00651
1.74605,-0.291641,-0.379898
1.8726,-0.296093,0.301078
1.97445,-0.23941199999999999,0.804085
2.0763,-0.134024,1.25663
2.17815,0.014758600000000002,1.65609
2.28289,0.207222,2.00834
2.36338,0.378046,2.2269
2.4316400000000002,0.53487,2.3578900000000003
2.49052,0.6755869999999999,2.41058
2.5494,0.817199,2.38427
2.59692,0.928508,2.2883
2.6444400000000003,1.03339,2.11206
2.6861099999999998,1.1169200000000001,1.8842400000000001
2.72779,1.1894799999999999,1.5858
2.76947,1.24817,1.22014
2.81115,1.2903799999999999,0.796854
2.84738,1.31203,0.394073
2.88361,1.31871,-0.027345099999999997
2.91984,1.31,-0.45268400000000003
2.95607,1.28604,-0.867167
2.9923,1.24746,-1.2574299999999998
3.02853,1.19535,-1.6127799999999999
3.0647599999999997,1.13111,-1.92596
3.1009900000000004,1.05635,-2.19342
3.1386,0.9693860000000001,-2.42272
3.17784,0.870423,-2.6129700000000002
3.21922,0.758984,-2.76651
3.26344,0.6338189999999999,-2.88788
3.3115900000000003,0.492335,-2.984
3.3654900000000003,0.329219,-3.06477
3.42881,0.132616,-3.14465
3.5106699999999997,-0.12896300000000002,-3.2466
3.60103,-0.42729799999999996,-3.3518
3.6629300000000002,-0.636107,-3.38665
3.7127800000000004,-0.80456,-3.36046
3.75641,-0.9495370000000001,-3.27292
3.80004,-1.08896,-3.10237
3.83662,-1.19861,-2.88069
3.87319,-1.2986799999999998,-2.5777799999999997
3.90976,-1.3861299999999999,-2.19003
3.9412800000000003,-1.449,-1.79027
3.9728,-1.49841,-1.33705
4.00431,-1.53284,-0.842036
4.035830000000001,-1.55121,-0.320872
4.06735,-1.55298,0.208114
4.09886,-1.53821,0.725604
4.130380000000001,-1.50756,1.21317
4.1619,-1.46223,1.6549900000000002
4.19341,-1.40385,2.0390900000000003
4.2249300000000005,-1.33438,2.3580200000000002
4.25645,-1.25593,2.60879
4.28796,-1.17065,2.79242
4.3208400000000005,-1.07661,2.91687
4.3554900000000005,-0.9742379999999999,2.98161
4.39239,-0.863957,2.98648
4.43216,-0.7460939999999999,2.93155
4.4756800000000005,-0.6208319999999999,2.81629
4.52428,-0.48811400000000005,2.6381799999999997
4.58019,-0.347391,2.3895
4.64811,-0.196522,2.04716
4.74989,-0.0164466,1.48305
4.8516699999999995,0.103887,0.8749629999999999
4.95345,0.160428,0.230699
5.0762,0.13919700000000002,-0.581657
5.18241,0.0392334,-1.30249
5.27321,-0.107248,-1.9243400000000002
5.3640099999999995,-0.310068,-2.54042
5.45481,-0.56734,-3.11345
5.51283,-0.757096,-3.4135
5.55959,-0.9209450000000001,-3.5802199999999997
5.60011,-1.0675299999999999,-3.6412400000000003
5.640619999999999,-1.21454,-3.5962300000000003
5.6738,-1.3319,-3.4607099999999997
5.706980000000001,-1.44307,-3.2218
5.7362,-1.53298,-2.9186400000000003
5.76541,-1.61273,-2.52678
5.794630000000001,-1.6797900000000001,-2.05029
5.823840000000001,-1.7318,-1.49967
5.84914,-1.7632,-0.975772
5.87444,-1.7809400000000002,-0.42313599999999996
5.89974,-1.7845,0.141771
5.92504,-1.7738099999999999,0.7015100000000001
5.95034,-1.7491900000000002,1.23901
5.97564,-1.71143,1.7388700000000001
6.00094,-1.66163,2.18836
6.0262400000000005,-1.6012,2.57817
6.05154,-1.53173,2.90266
6.07752,-1.45276,3.16567
6.104430000000001,-1.36474,3.3644300000000005
6.1325199999999995,-1.2681799999999999,3.49666
6.16211,-1.16359,3.56091
6.193569999999999,-1.05145,3.5564199999999997
6.22741,-0.932185,3.4826300000000003
6.26432,-0.806131,3.33859
6.3053300000000005,-0.6734939999999999,3.12161
6.352130000000001,-0.534173,2.82461
6.4080699999999995,-0.387102,2.42806
6.4839199999999995,-0.224519,1.85417
6.57225,-0.09107080000000001,1.16559
6.6628300000000005,-0.0177105,0.45418500000000006
6.769239999999999,-0.013663900000000001,-0.37628
6.8791899999999995,-0.101453,-1.21644
6.976139999999999,-0.254231,-1.92935
7.07309,-0.473876,-2.58855
7.139480000000001,-0.658918,-2.97288
7.19198,-0.821427,-3.2033099999999997
7.23685,-0.968076,-3.3194199999999996
7.28171,-1.1177,-3.3309300000000004
7.31774,-1.23644,-3.2431799999999997
7.35378,-1.35019,-3.05252
7.38517,-1.4421899999999999,-2.79352
7.41657,-1.52465,-2.44446
7.447960000000001,-1.59476,-2.00768
7.4755899999999995,-1.64415,-1.55759
7.50323,-1.68038,-1.0569600000000001
7.5308600000000006,-1.70223,-0.520108
7.5585,-1.70895,0.03575130000000001
7.586130000000001,-1.70025,0.591902
7.613760000000001,-1.6764,1.1296899999999999
7.6414,-1.63814,1.6321
7.66903,-1.58666,2.08507
7.69667,-1.52346,2.4784
7.7243,-1.4502899999999999,2.80607
7.751930000000001,-1.369,3.06615
7.78044,-1.27861,3.2652799999999997
7.8102100000000005,-1.17916,3.40355
7.8416,-1.07092,3.48081
7.87506,-0.9540290000000001,3.4977300000000002
7.91114,-0.8284,3.45557
7.9507,-0.6935359999999999,3.3557
7.99503,-0.548122,3.19847
8.04653,-0.388909,2.98043
8.11122,-0.205659,2.68249
8.20068,0.0155269,2.263
8.29014,0.199466,1.8504599999999998
8.38597,0.35582199999999997,1.41258
8.4871,0.475149,0.946049
8.572330000000001,0.538883,0.549593
8.65756,0.5690029999999999,0.159377
8.74279,0.566643,-0.209943
8.82802,0.534258,-0.542732
8.91325,0.475516,-0.8269479999999999
8.99848,0.39485,-1.05677
9.08371,0.296919,-1.23258
9.16894,0.186157,-1.3587799999999999
9.25868,0.0600519,-1.44401
9.36347,-0.0940379,-1.48676
9.45849,-0.23501,-1.4710299999999998
9.553519999999999,-0.371694,-1.3945299999999998
9.63135,-0.476001,-1.27704
9.70917,-0.5689649999999999,-1.1019
9.78699,-0.645891,-0.8645459999999999
9.85555,-0.696519,-0.604913
9.92411,-0.727889,-0.304175
9.99266,-0.73753,0.0268628
10.0612,-0.723831,0.374281
10.1298,-0.686168,0.723709
10.1983,-0.62483,1.06331
10.2669,-0.540764,1.3861
10.3354,-0.435192,1.6909900000000002
10.408,-0.301233,1.9988700000000001
10.4871,-0.130098,2.32712
10.5749,0.0900822,2.69348
10.6626,0.342478,3.05841
10.7503,0.625397,3.3768199999999995
10.8016,0.801872,3.4987699999999995
10.8455,0.9567030000000001,3.53289
10.8895,1.11106,3.4721699999999998
10.9249,1.232,3.3335800000000004
10.9604,1.34636,3.09951
10.9915,1.43852,2.80729
11.0226,1.52027,2.43133
11.0538,1.58905,1.9748400000000002
11.0849,1.6424900000000002,1.4474799999999999
11.1118,1.67477,0.9468540000000001
11.1387,1.6931900000000002,0.41909799999999997
11.1656,1.69723,-0.11973900000000001
11.1925,1.6868,-0.652621
11.2194,1.66231,-1.16289
11.2463,1.62457,-1.6356
11.2732,1.57475,-2.05852
11.3001,1.51433,-2.42287
11.3271,1.44495,-2.72355
11.3547,1.36606,-2.9647799999999997
11.3834,1.2781799999999999,-3.14374
11.4135,1.18187,-3.2583900000000003
11.4452,1.07766,-3.30752
11.4789,0.9660559999999999,-3.29046
11.5154,0.847513,-3.20661
11.5553,0.722439,-3.05464
11.5998,0.591145,-2.8310000000000004
11.6511,0.453747,-2.52655
11.7131,0.30959699999999996,-2.11636
11.8016,0.149812,-1.48786
11.8963,0.041991,-0.7854180000000001
11.9972,0.00135877,-0.017040700000000002
12.120999999999999,0.05827190000000001,0.9376760000000001
12.213,0.17719200000000002,1.6456099999999998
12.3063,0.363408,2.34437
12.3995,0.6123609999999999,2.97978
12.4559,0.789565,3.2888800000000002
12.5023,0.946652,3.46375
12.5427,1.0883399999999999,3.5293
12.5832,1.23058,3.4866099999999998
12.6164,1.34457,3.35154
12.6497,1.4523700000000002,3.11262
12.679,1.5394,2.8094200000000003
12.7083,1.61625,2.41845
12.7376,1.6804,1.94449
12.767000000000001,1.72957,1.39859
12.7924,1.75863,0.879609
12.8179,1.7741099999999999,0.33378
12.8433,1.7755299999999998,-0.222448
12.8688,1.76285,-0.771838
12.8942,1.7364400000000002,-1.29769
12.9197,1.69712,-1.78509
12.9451,1.6460099999999998,-2.22189
12.9706,1.58453,-2.59935
12.995999999999999,1.51426,-2.91236
13.0223,1.43424,-3.1661900000000003
13.0495,1.3451600000000001,-3.35676
13.0781,1.24753,-3.48189
13.1081,1.14182,-3.5403599999999997
13.1401,1.02846,-3.5317
13.1746,0.907761,-3.4556699999999996
13.2123,0.77992,-3.31164
13.2544,0.64486,-3.09722
13.3028,0.5019100000000001,-2.8052900000000003
13.3616,0.34841700000000003,-2.41405
13.4495,0.163103,-1.7980200000000002
13.5374,0.032410800000000003,-1.175
13.6299,-0.0461461,-0.526547
13.7423,-0.06184019999999999,0.24297
13.8645,0.0170471,1.04111
13.9866,0.190271,1.7848
14.1087,0.449538,2.44035
14.173,0.615646,2.7164900000000003
14.2276,0.768836,2.88322
14.2751,0.907615,2.9527900000000002
14.3225,1.0475299999999999,2.92662
14.3613,1.1591799999999999,2.8160000000000003
14.4001,1.2647700000000002,2.61151
14.4342,1.34955,2.34743
14.4683,1.42395,2.00299
14.5024,1.48529,1.58237
14.5365,1.53112,1.0960299999999998
14.5661,1.55677,0.63372
14.5956,1.56837,0.148207
14.6252,1.56546,-0.344856
14.6548,1.54806,-0.8293149999999999
14.6843,1.51665,-1.2899
14.7139,1.47214,-1.7134900000000002
14.7435,1.4157799999999998,-2.09001
14.7731,1.34906,-2.41295
14.8031,1.27223,-2.68359
14.8342,1.18525,-2.9022
14.8666,1.0883399999999999,-3.0681
14.9007,0.981611,-3.18171
14.937000000000001,0.864916,-3.24471
14.9761,0.737675,-3.25995
15.0189,0.5985199999999999,-3.23113
15.0671,0.444489,-3.16226
15.1236,0.268633,-3.05603
15.1979,0.047322699999999995,-2.90492
15.2896,-0.210684,-2.72247
15.3888,-0.47077700000000006,-2.51499
15.4537,-0.628787,-2.3465700000000003
15.5108,-0.757509,-2.15675
15.5678,-0.873919,-1.91303
15.6165,-0.96095,-1.6550599999999998
15.6652,-1.03425,-1.34907
15.7138,-1.09156,-0.9988969999999999
15.7625,-1.13093,-0.614362
15.805,-1.1495799999999998,-0.26255300000000004
15.8474,-1.15319,0.09154119999999999
15.8899,-1.14196,0.434741
15.9324,-1.1166,0.754522
15.9748,-1.07836,1.04031
16.0173,-1.02884,1.28441
16.0598,-0.96993,1.48237
16.1037,-0.9012709999999999,1.6371799999999999
16.1494,-0.823786,1.74622
16.1974,-0.738244,1.80827
16.2484,-0.645369,1.82266
16.3034,-0.545883,1.78863
16.3636,-0.440561,1.7044700000000002
16.4308,-0.330344,1.56589
16.5084,-0.21656599999999998,1.36235
16.6031,-0.101194,1.06521
16.7379,0.00984601,0.569529
16.8727,0.04907619999999999,0.00167256
17.025,-0.00406859,-0.710363
17.1279,-0.10336500000000001,-1.22337
17.22,-0.23784299999999997,-1.69607
17.3122,-0.415861,-2.16394
17.4043,-0.6352939999999999,-2.58443
17.4652,-0.799359,-2.79431
17.5152,-0.9419489999999999,-2.89322
17.5591,-1.06929,-2.90067
17.6029,-1.1949299999999998,-2.81168
17.6394,-1.2948,-2.6499
17.6759,-1.38717,-2.39953
17.7124,-1.46874,-2.05757
17.7433,-1.52701,-1.6985700000000001
17.7742,-1.5732700000000002,-1.28369
17.8052,-1.60598,-0.824522
17.8361,-1.624,-0.336459
17.8671,-1.62669,0.162408
17.898,-1.6140299999999999,0.652892
17.9289,-1.58657,1.11648
17.9599,-1.54539,1.53696
17.9908,-1.49204,1.9017400000000002
18.0218,-1.4283700000000001,2.20248
18.0527,-1.35645,2.43522
18.0836,-1.27839,2.59994
18.1157,-1.1933200000000002,2.70221
18.1494,-1.10135,2.74158
18.1853,-1.00312,2.7162599999999997
18.2241,-0.899408,2.6240900000000003
18.2666,-0.791149,2.4618599999999997
18.3141,-0.679481,2.22348
18.3692,-0.565893,1.89566
18.4372,-0.45211999999999997,1.4418
18.5268,-0.35149,0.7994439999999999
18.6164,-0.309603,0.133752
18.7059,-0.32768800000000003,-0.537233
18.7955,-0.40552,-1.1974200000000002
18.885,-0.541138,-1.8221
18.9746,-0.729434,-2.3625
19.0358,-0.882893,-2.6372400000000003
19.0847,-1.01548,-2.76752
19.1276,-1.1350200000000001,-2.79195
19.1705,-1.25342,-2.71123
19.2062,-1.34766,-2.5507400000000002
19.2419,-1.43452,-2.29805
19.2776,-1.5106899999999999,-1.95177
19.308,-1.56453,-1.58825
19.3383,-1.60648,-1.16937
19.3686,-1.63504,-0.707446
19.3989,-1.6491200000000001,-0.218313
19.4293,-1.64819,0.279846
19.4596,-1.63225,0.768088
19.4899,-1.6018700000000001,1.22841
19.5203,-1.55816,1.6453
19.5506,-1.50262,2.00687
19.5809,-1.43705,2.3054900000000003
19.6113,-1.36343,2.53776
19.6416,-1.28377,2.70408
19.6733,-1.19625,2.8111599999999997
19.7067,-1.1013700000000002,2.8574200000000003
19.7423,-0.9996729999999999,2.8416200000000003
19.7808,-0.8917010000000001,2.76261
19.823,-0.7779689999999999,2.61861
19.8703,-0.65892,2.40575
19.9252,-0.534721,2.11443
19.9934,-0.403967,1.71538
20.0874,-0.269654,1.13915
20.1815,-0.18974000000000002,0.562032
20.279,-0.163521,-0.020718200000000003
20.3883,-0.20009100000000002,-0.6420140000000001
20.508000000000003,-0.315075,-1.2672700000000001
20.6093,-0.46740299999999996,-1.72643
20.6845,-0.6079859999999999,-1.9990599999999998
20.7473,-0.73883,-2.15677
20.802,-0.8589979999999999,-2.2206799999999998
20.8567,-0.980292,-2.1943200000000003
20.9016,-1.07676,-2.09072
20.9465,-1.1667299999999998,-1.90327
20.986,-1.23743,-1.66525
21.0255,-1.2974,-1.36014
21.065,-1.34408,-0.9945280000000001
21.1045,-1.37532,-0.580453
21.1391,-1.3887200000000002,-0.19133499999999998
21.1737,-1.3884299999999998,0.20864699999999997
21.2083,-1.3743299999999998,0.6053229999999999
21.2428,-1.34676,0.9850700000000001
21.2774,-1.30653,1.33602
21.311999999999998,-1.2548,1.6489900000000002
21.3466,-1.193,1.9180000000000001
21.381999999999998,-1.12081,2.1454299999999997
21.4187,-1.0385,2.32967
21.4571,-0.946263,2.47023
21.4976,-0.8440629999999999,2.5680400000000003
21.5409,-0.7315010000000001,2.6253900000000003
21.5879,-0.607529,2.6459099999999998
21.64,-0.46984,2.63445
21.6998,-0.313275,2.5968400000000003
21.7736,-0.123744,2.5388
21.8732,0.125452,2.46693
21.9785,0.381527,2.39675
22.055999999999997,0.564655,2.32177
22.1186,0.707156,2.22142
22.1813,0.8416629999999999,2.06294
22.2316,0.941066,1.8801599999999998
22.2819,1.02985,1.64011
22.3322,1.10507,1.34075
22.3751,1.15634,1.04176
22.418000000000003,1.19403,0.710182
22.4609,1.21699,0.357055
22.5039,1.2245700000000002,-0.00375023
22.5468,1.21678,-0.356986
22.5897,1.19425,-0.6877449999999999
22.6326,1.15825,-0.9830909999999999
22.6755,1.11051,-1.23327
22.7185,1.05311,-1.43234
22.7614,0.9883120000000001,-1.5781100000000001
22.8052,0.9168350000000001,-1.6731099999999999
22.8512,0.838628,-1.7183
22.9002,0.75453,-1.71206
22.9529,0.66566,-1.6522400000000002
23.0106,0.573461,-1.53554
23.0751,0.479965,-1.35582
23.1494,0.388405,-1.10046
23.24,0.304726,-0.738228
23.3679,0.24659299999999998,-0.16003699999999998
23.4727,0.25655700000000004,0.355231
23.5775,0.321853,0.8935559999999999
23.6643,0.418969,1.34312
23.7511,0.554497,1.7738
23.8379,0.72523,2.14542
23.9042,0.8747799999999999,2.34737
23.9565,0.999992,2.4247900000000002
24.0023,1.11114,2.4112400000000003
24.0482,1.21957,2.30366
24.0865,1.30481,2.1314
24.1248,1.3819299999999999,1.87962
24.1632,1.4478799999999998,1.5496299999999998
24.1959,1.49324,1.2113
24.2287,1.5268,0.8306389999999999
24.2615,1.54735,0.420266
24.2942,1.55418,-0.0045573
24.326999999999998,1.54708,-0.42718
24.3598,1.52639,-0.8310559999999999
24.3925,1.49298,-1.2012200000000002
24.4253,1.4481700000000002,-1.52549
24.4581,1.39361,-1.7952400000000002
24.4908,1.33117,-2.00563
24.5236,1.26284,-2.15541
24.5578,1.18741,-2.24897
24.5938,1.10562,-2.28342
24.6322,1.0183,-2.2558599999999998
24.6737,0.9264190000000001,-2.16289
24.7193,0.8311290000000001,-1.9994299999999998
24.771,0.7338399999999999,-1.7559099999999999
24.8327,0.636066,-1.40851
24.9153,0.541046,-0.8826639999999999
24.9979,0.491154,-0.321176
25.0806,0.488274,0.251701
25.1632,0.532526,0.8162010000000001
25.2458,0.62231,1.3491
25.3285,0.753672,1.81506
25.4111,0.918909,2.15727
25.465999999999998,1.04111,2.27619
25.5124,1.14713,2.28405
25.5587,1.25119,2.18895
25.596999999999998,1.33204,2.0232799999999997
25.6352,1.40498,1.77509
25.6735,1.46686,1.44668
25.7061,1.50868,1.11006
25.7387,1.5388,0.731266
25.7713,1.55606,0.323266
25.8039,1.55974,-0.0985298
25.8366,1.54966,-0.517548
25.8692,1.52619,-0.917535
25.9018,1.4901799999999998,-1.28398
25.9344,1.44294,-1.60524
25.967,1.38606,-1.87326
25.9996,1.32138,-2.08374
26.0322,1.25079,-2.23588
26.0664,1.17241,-2.33513
26.1026,1.08714,-2.37826
26.1411,0.9956780000000001,-2.3632299999999997
26.1827,0.8987200000000001,-2.28804
26.2284,0.796994,-2.14982
26.28,0.691237,-1.943
26.3407,0.581918,-1.6540000000000001
26.4209,0.466017,-1.2301600000000001
26.5124,0.37653400000000004,-0.725394
26.6038,0.333255,-0.222985
26.6953,0.33519299999999996,0.261302
26.7913,0.383418,0.736622
26.8934,0.48224700000000004,1.18634
26.9895,0.613354,1.52741
27.061999999999998,0.731113,1.70508
27.1237,0.839083,1.77968
27.1855,0.948947,1.7631
27.2353,1.03482,1.6702599999999999
27.2851,1.11411,1.4985600000000001
27.3287,1.17497,1.28178
27.3724,1.22506,1.0059200000000001
27.416,1.26197,0.678894
27.4596,1.28372,0.313446
27.498,1.28926,-0.026624099999999998
27.5363,1.2816299999999998,-0.37085500000000005
27.5747,1.26092,-0.706418
27.613000000000003,1.22769,-1.0216100000000001
27.6514,1.18292,-1.3068899999999999
27.6898,1.12789,-1.5555299999999999
27.7289,1.06272,-1.76771
27.7693,0.9875780000000001,-1.94215
27.8115,0.902661,-2.0781099999999997
27.8559,0.807954,-2.1762099999999998
27.9034,0.703094,-2.23844
27.9548,0.5870890000000001,-2.2682599999999997
28.0118,0.457715,-2.27058
28.0771,0.309933,-2.25189
28.1576,0.129858,-2.22045
28.2662,-0.109463,-2.18971
28.3792,-0.355758,-2.17122
28.4683,-0.548118,-2.13721
28.5355,-0.689709,-2.07301
28.5941,-0.808474,-1.97033
28.6527,-0.9195540000000001,-1.8085
28.7021,-1.00434,-1.61766
28.7514,-1.07838,-1.3734
28.8008,-1.1390799999999999,-1.07766
28.8438,-1.17918,-0.784486
28.8867,-1.20613,-0.467258
28.9297,-1.21915,-0.13782
28.9726,-1.21799,0.190243
29.0156,-1.2030299999999998,0.50303
29.0586,-1.17518,0.787804
29.1015,-1.13589,1.03423
29.1445,-1.0869799999999998,1.23515
29.1874,-1.0304799999999998,1.38681
29.2313,-0.9671879999999999,1.49027
29.2772,-0.8973760000000001,1.54519
29.3257,-0.821997,1.54915
29.3779,-0.742268,1.49926
29.4348,-0.6597430000000001,1.39143
29.4984,-0.576555,1.2186299999999999
29.5719,-0.49591599999999997,0.9660569999999999
29.6652,-0.423066,0.5874090000000001
29.7618,-0.387243,0.14727200000000001
29.8585,-0.395598,-0.324049
29.9552,-0.45036899999999996,-0.810078
30.0361,-0.532352,-1.2124700000000002
30.1171,-0.646018,-1.58805
30.1981,-0.787884,-1.9017099999999998
30.2672,-0.9260459999999999,-2.08051
30.3212,-1.04029,-2.1337099999999998
30.3683,-1.14028,-2.0984
30.4154,-1.23653,-1.97255
30.4549,-1.3111,-1.7902900000000002
30.4944,-1.37705,-1.5367
30.5339,-1.43164,-1.21599
30.568,-1.4676799999999999,-0.893228
30.6021,-1.49214,-0.538295
30.6361,-1.50415,-0.164101
30.6702,-1.50328,0.214684
30.7043,-1.4896399999999999,0.5828949999999999
30.7384,-1.46384,0.926214
30.7724,-1.4269399999999999,1.23237
30.8065,-1.38038,1.4920200000000001
30.8406,-1.32585,1.69915
30.8747,-1.26521,1.8510900000000001
30.9101,-1.19763,1.9509599999999998
30.9474,-1.1239,1.99525
30.9871,-1.04488,1.9805099999999998
31.0299,-0.961575,1.90274
31.076999999999998,-0.8751530000000001,1.75603
31.1305,-0.786935,1.52904
31.195999999999998,-0.6976140000000001,1.1894200000000001
31.2755,-0.621414,0.719428
31.355,-0.584063,0.21679
31.4248,-0.584604,-0.232196
31.4946,-0.616297,-0.673405
31.5644,-0.678059,-1.09086
31.6342,-0.767541,-1.46367
31.704,-0.8806729999999999,-1.76288
31.7715,-1.00654,-1.94583
31.8245,-1.11111,-1.98868
31.8703,-1.20151,-1.93695
31.9162,-1.28741,-1.7915
31.9549,-1.3530799999999998,-1.5921299999999998
31.9936,-1.4097,-1.32396
32.0323,-1.45472,-0.993748
32.066,-1.4828,-0.6643899999999999
32.0998,-1.49927,-0.308273
32.1335,-1.50345,0.061227
32.1673,-1.49515,0.42965600000000004
32.201,-1.47462,0.7827270000000001
32.2348,-1.4426299999999999,1.10753
32.2685,-1.4003,1.39355
32.3023,-1.3490799999999998,1.63327
32.336,-1.29061,1.8224
32.3708,-1.22472,1.96292
32.407,-1.1517600000000001,2.05277
32.4453,-1.0723799999999999,2.08938
32.4861,-0.9872770000000001,2.07037
32.5303,-0.8972030000000001,1.99311
32.5792,-0.8029689999999999,1.85369
32.6349,-0.705346,1.6443299999999998
32.7025,-0.604236,1.34335
32.794000000000004,-0.501688,0.892631
32.8855,-0.44129300000000005,0.427069
32.977,-0.42324799999999996,-0.029764999999999996
33.0685,-0.44596899999999995,-0.46133100000000005
33.16,-0.506434,-0.851725
33.255,-0.604115,-1.19135
33.344,-0.7210979999999999,-1.4196
33.4135,-0.823413,-1.51247
33.4736,-0.914723,-1.5147899999999999
33.5336,-1.00365,-1.43108
33.5836,-1.07194,-1.2891299999999999
33.6336,-1.1314600000000001,-1.08018
33.6836,-1.17893,-0.808465
33.7266,-1.2078799999999998,-0.532305
33.7696,-1.2243,-0.22730999999999998
33.8127,-1.2272,0.09400739999999999
33.8557,-1.2161799999999998,0.41784899999999997
33.8987,-1.1914200000000001,0.73058
33.9417,-1.15367,1.02016
33.9847,-1.10414,1.27729
34.0277,-1.04436,1.49605
34.0707,-0.97605,1.6740000000000002
34.1151,-0.8984049999999999,1.8157299999999998
34.1617,-0.8111729999999999,1.9223700000000001
34.2112,-0.714073,1.99548
34.2645,-0.6063350000000001,2.03797
34.3232,-0.48618900000000004,2.0543400000000003
34.3897,-0.349662,2.05091
34.4695,-0.18653,2.03662
34.5848,0.0474938,2.0266599999999997
34.7037,0.289196,2.03878
34.8227,0.532179,2.03796
34.8932,0.674619,1.9983799999999998
34.9541,0.794265,1.9182099999999997
35.0151,0.907283,1.7783900000000001
35.0657,0.9932270000000001,1.6071799999999998
35.1164,1.06913,1.38142
35.167,1.13222,1.1020299999999998
35.2106,1.17431,0.8238139999999999
35.2542,1.20366,0.51936
35.2978,1.21937,0.200061
35.3414,1.22108,-0.120676
35.385,1.20904,-0.428831
35.4286,1.1840700000000002,-0.7112729999999999
35.4722,1.1475600000000001,-0.9570790000000001
35.5157,1.10128,-1.15842
35.5593,1.0472700000000001,-1.3108799999999998
35.6029,0.987716,-1.4133200000000001
35.6488,0.9214200000000001,-1.46882
35.6974,0.8497120000000001,-1.4736799999999999
35.7496,0.773888,-1.4245
35.8065,0.695543,-1.3166
35.8704,0.6168239999999999,-1.14186
35.9451,0.540849,-0.8818950000000001
36.0385,0.476009,-0.49728
36.1354,0.44912700000000005,-0.0517735
36.2195,0.46193,0.358439
36.3037,0.509671,0.776048
36.3879,0.592278,1.18347
36.472,0.707846,1.5537100000000001
36.5562,0.851584,1.8442599999999998
36.622,0.977974,1.97662
36.6749,1.08335,1.99584
36.7214,1.175,1.9323400000000002
36.7679,1.26173,1.78273
36.8074,1.32839,1.58419
36.8468,1.38594,1.32114
36.8863,1.43192,1.0
36.9208,1.4609999999999999,0.680937
36.9553,1.47861,0.33734400000000003
36.9898,1.48413,-0.0177471
37.0243,1.4774200000000002,-0.370234
37.0588,1.45879,-0.7061609999999999
37.0932,1.4290399999999999,-1.01291
37.1277,1.38937,-1.2801799999999999
37.1622,1.34128,-1.50058
37.1967,1.28645,-1.66989
37.2323,1.22472,-1.78971
37.2695,1.15667,-1.85695
37.3089,1.08313,-1.86802
37.3512,1.00505,-1.8189799999999998
37.3973,0.9235260000000001,-1.70449
37.4492,0.8397819999999999,-1.51514
37.510999999999996,0.754675,-1.22706
37.5859,0.677771,-0.81806
37.6608,0.633067,-0.37156500000000003
37.7357,0.6224770000000001,0.0895874
37.8106,0.6463720000000001,0.546149
37.8855,0.703675,0.978102
37.9604,0.7916489999999999,1.36035
38.0353,0.9053610000000001,1.65884
38.1022,1.0222799999999999,1.8182900000000002
38.1562,1.12176,1.8472400000000002
38.2029,1.20692,1.7847099999999998
38.2496,1.2870700000000002,1.63162
38.289,1.3476,1.42965
38.3284,1.3989,1.16378
38.3678,1.43858,0.8418059999999999
38.4024,1.46225,0.523196
38.437,1.4745,0.182644
38.4715,1.47478,-0.166669
38.5061,1.4630299999999998,-0.51089
38.5407,1.43967,-0.836683
38.5752,1.40554,-1.13234
38.6098,1.36185,-1.38865
38.6444,1.31007,-1.59933
38.6794,1.25106,-1.7629599999999999
38.7156,1.18484,-1.87927
38.7537,1.11195,-1.94555
38.794000000000004,1.0330700000000002,-1.9592
38.8373,0.948946,-1.9176099999999998
38.8846,0.860369,-1.8175299999999999
38.9376,0.7681439999999999,-1.6533900000000001
38.9997,0.672734,-1.4121299999999999
39.0823,0.571074,-1.0424799999999999
39.1686,0.49885,-0.630404
39.2548,0.4624,-0.216135
39.341,0.46115,0.183561
39.4273,0.493249,0.55502
39.5154,0.557292,0.8901459999999999
39.6096,0.655334,1.17629
39.6941,0.762534,1.34235
39.7623,0.856194,1.39211
39.821999999999996,0.9386950000000001,1.35963
39.8817,1.01688,1.24634
39.9322,1.0759999999999998,1.0839299999999998
39.9827,1.12539,0.8621780000000001
40.0332,1.16221,0.5878399999999999
40.0774,1.18225,0.313818
40.1217,1.18967,0.0194495
40.1659,1.18385,-0.28279
40.2101,1.1647299999999998,-0.580048
40.2543,1.1328,-0.860452
40.2985,1.08902,-1.11428
40.3428,1.03474,-1.33477
40.387,0.971511,-1.51839
40.4326,0.8986639999999999,-1.6687299999999998
40.4803,0.816126,-1.78604
40.5308,0.723697,-1.8714400000000002
40.5849,0.620721,-1.92753
40.6441,0.505653,-1.9585700000000001
40.7105,0.37505900000000003,-1.9708400000000001
40.7888,0.220534,-1.9736
40.8947,0.011174700000000001,-1.98364
41.0141,-0.227502,-2.01859
41.1335,-0.47090699999999996,-2.05468
41.2102,-0.628574,-2.04544
41.2739,-0.757389,-1.99328
41.3376,-0.8810309999999999,-1.87959
41.3889,-0.973894,-1.73052
41.4402,-1.05762,-1.5227899999999999
41.4915,-1.12914,-1.25465
41.5349,-1.17782,-0.9843069999999999
41.5782,-1.21403,-0.681222
41.6216,-1.23658,-0.356059
41.665,-1.24479,-0.022231099999999997
41.7083,-1.2386,0.30544699999999997
41.7517,-1.2186,0.612382
41.7951,-1.18597,0.885758
41.8384,-1.1424,1.1157299999999999
41.8818,-1.08992,1.29605
41.9252,-1.03075,1.4241
41.9694,-0.9659129999999999,1.5014399999999999
42.0158,-0.8953639999999999,1.52841
42.0653,-0.820098,1.5022
42.119,-0.7414890000000001,1.4189399999999999
42.1783,-0.66135,1.2724799999999998
42.2462,-0.582226,1.0505799999999998
42.33,-0.5077510000000001,0.718007
42.4294,-0.45843199999999995,0.26654
42.5146,-0.4534,-0.152035
42.5999,-0.484763,-0.584669
42.6852,-0.5530649999999999,-1.01526
42.7705,-0.657204,-1.42029
42.8557,-0.793524,-1.76226
42.941,-0.954349,-1.98358
42.9965,-1.0659999999999998,-2.02668
43.0437,-1.1610200000000002,-1.9803
43.091,-1.25179,-1.8445799999999999
43.1307,-1.32149,-1.65632
43.1704,-1.38237,-1.4003299999999999
43.2101,-1.43183,-1.08209
43.2445,-1.46369,-0.764336
43.2789,-1.48411,-0.418728
43.3133,-1.49234,-0.05823330000000001
43.3477,-1.48811,0.302818
43.3821,-1.47166,0.6499729999999999
43.4165,-1.44369,0.969909
43.451,-1.40535,1.2515100000000001
43.4854,-1.35809,1.48656
43.5198,-1.3036299999999998,1.6701099999999998
43.5549,-1.24256,1.8023
43.5914,-1.1750399999999999,1.88209
43.63,-1.1018,1.9061700000000001
43.6712,-1.02373,1.8708200000000001
43.716,-0.941891,1.77125
43.766000000000005,-0.857483,1.59966
43.8243,-0.771617,1.33841
43.8968,-0.688227,0.9502280000000001
43.9714,-0.633632,0.508104
44.0461,-0.612891,0.0462684
44.1207,-0.626735,-0.415915
44.1953,-0.674499,-0.859605
44.2699,-0.7539939999999999,-1.2621799999999999
44.3445,-0.861075,-1.59313
44.4191,-0.9889319999999999,-1.81128
44.4761,-1.0943399999999999,-1.8708200000000001
44.5241,-1.18355,-1.8302599999999998
44.5721,-1.2685799999999998,-1.69491
44.6121,-1.33274,-1.5061200000000001
44.652,-1.38798,-1.24956
44.6919,-1.43173,-0.932019
44.7266,-1.45868,-0.616116
44.7613,-1.4741799999999998,-0.274465
44.79600000000001,-1.47757,0.0797812
44.8307,-1.46866,0.432464
44.8654,-1.44775,0.769652
44.9001,-1.41559,1.07883
44.9348,-1.37335,1.3498700000000001
44.9695,-1.32247,1.57564
45.0041,-1.2646,1.75217
45.04,-1.19937,1.88175
45.0774,-1.12724,1.9618799999999998
45.117,-1.04887,1.9899799999999999
45.1593,-0.9649549999999999,1.96366
45.2054,-0.876267,1.88011
45.2565,-0.783592,1.73498
45.3154,-0.687565,1.51898
45.3892,-0.5870029999999999,1.20215
45.4732,-0.502302,0.809703
45.5573,-0.451087,0.408947
45.6414,-0.43329700000000004,0.0168149
45.7267,-0.448137,-0.359879
45.8156,-0.496292,-0.716164
45.9098,-0.5793020000000001,-1.03551
46.0038,-0.688472,-1.2687899999999999
46.0788,-0.7878689999999999,-1.3693899999999999
46.1429,-0.876365,-1.37791
46.207,-0.962742,-1.3013700000000001
46.26,-1.02847,-1.16755
46.313,-1.0853700000000002,-0.968809
46.36600000000001,-1.1301,-0.709679
46.4115,-1.15654,-0.44689700000000004
46.457,-1.1703700000000001,-0.157309
46.5026,-1.17064,0.14676199999999998
46.5481,-1.157,0.45192299999999996
46.5936,-1.1296899999999999,0.745179
46.6391,-1.0895299999999999,1.0153299999999998
46.6846,-1.03776,1.25404
46.7301,-0.9759479999999999,1.45638
46.7756,-0.90579,1.62081
46.8231,-0.8254290000000001,1.7537200000000002
46.8732,-0.734838,1.8555
46.9268,-0.63342,1.9285700000000001
46.9849,-0.51971,1.9771400000000001
47.0497,-0.39050999999999997,2.00765
47.1251,-0.238341,2.02973
47.2221,-0.0399895,2.0605700000000002
47.3387,0.20333800000000002,2.11813
47.4553,0.453966,2.1782
47.5316,0.620858,2.18539
47.593999999999994,0.756134,2.14551
47.6489,0.871934,2.05745
47.7039,0.981167,1.9043400000000001
47.7505,1.06564,1.71517
47.797,1.13995,1.46786
47.8436,1.2014200000000002,1.16432
47.88399999999999,1.2424899999999999,0.860965
47.9245,1.2707,0.530172
47.9649,1.2851700000000001,0.183969
48.0054,1.28557,-0.163691
48.0458,1.27211,-0.498328
48.0863,1.24561,-0.806427
48.1267,1.20738,-1.07673
48.1672,1.1591200000000002,-1.3010899999999999
48.2076,1.1028,-1.4748700000000001
48.2485,1.0398100000000001,-1.59775
48.2911,0.970032,-1.67097
48.336000000000006,0.894274,-1.69223
48.38399999999999,0.813604,-1.6588
48.4361,0.729348,-1.56714
48.4938,0.643249,-1.4116
48.5595,0.557792,-1.1811399999999999
48.638999999999996,0.476793,-0.847239
48.7405,0.414972,-0.362163
48.8301,0.403093,0.101094
48.9197,0.433608,0.581681
49.0093,0.507357,1.06287
49.0884,0.607633,1.46802
49.1675,0.738282,1.825
49.2518,0.9049,2.10085
49.308,1.02573,2.1867900000000002
49.3556,1.12995,2.17469
49.4033,1.23138,2.06756
49.4427,1.30984,1.89832
49.4821,1.38014,1.65323
49.5216,1.43931,1.33522
49.5553,1.47899,1.0125899999999999
49.589,1.50715,0.653131
49.6227,1.52275,0.26959299999999997
49.6564,1.52522,-0.12312999999999999
49.6901,1.51452,-0.509249
49.7238,1.49114,-0.8734959999999999
49.7575,1.45604,-1.20244
49.7912,1.4106,-1.48553
49.825,1.35649,-1.7156
49.8587,1.29558,-1.8890799999999999
49.8931,1.2282600000000001,-2.00756
49.9292,1.15455,-2.07044
49.9674,1.0751700000000002,-2.0746900000000004
50.0084,0.991051,-2.01678
50.0532,0.9032479999999999,-1.89192
50.1035,0.813014,-1.6917900000000001
50.1625,0.721549,-1.39689
50.2382,0.632162,-0.957676
50.3138,0.577638,-0.47966099999999995
50.3894,0.559986,0.013950899999999999
50.4651,0.5796819999999999,0.504938
50.5407,0.635853,0.975052
50.6164,0.726088,1.40109
50.692,0.84588,1.74995
50.7615,0.975706,1.9627
50.8156,1.084,2.02683
50.8622,1.1779600000000001,1.99206
50.9088,1.26809,1.86095
50.9478,1.33725,1.6717
50.9868,1.3976,1.41024
51.0258,1.44642,1.08231
51.0596,1.47756,0.753167
51.0934,1.49702,0.39363000000000004
51.1273,1.50399,0.017041999999999998
51.1611,1.49814,-0.36186999999999997
51.1949,1.47966,-0.728266
51.2287,1.44919,-1.06849
51.2625,1.40782,-1.37116
51.2963,1.3569799999999999,-1.6279299999999999
51.3301,1.2983,-1.8338
51.3645,1.23244,-1.9890900000000002
51.4003,1.1592799999999999,-2.09407
51.4379,1.07935,-2.14655
51.4779,0.9932790000000001,-2.14447
51.5211,0.901755,-2.08576
51.5685,0.8054899999999999,-1.9676900000000002
51.6219,0.705184,-1.7851400000000002
51.6846,0.601164,-1.52562
51.7683,0.48948500000000006,-1.13765
51.86,0.40547,-0.692529
51.9518,0.362266,-0.251299
52.0435,0.358756,0.170551
52.1391,0.39474899999999996,0.576384
52.2414,0.473807,0.9573389999999999
52.3473,0.592478,1.26616
52.4263,0.698936,1.4151
52.4937,0.7964180000000001,1.4673200000000002
52.56100000000001,0.894608,1.43345
52.6159,0.970794,1.33212
52.6707,1.03948,1.15957
52.7191,1.09066,0.948918
52.7674,1.13042,0.688283
52.8158,1.15655,0.386944
52.8641,1.16739,0.058147500000000005
52.9125,1.1619899999999999,-0.282177
52.9608,1.14019,-0.617336
53.0092,1.10263,-0.93199
53.0575,1.0506,-1.21399
53.1058,0.9859030000000001,-1.4555200000000001
53.1542,0.910575,-1.65343
53.2025,0.8267180000000001,-1.8088
53.251999999999995,0.7341880000000001,-1.92819
53.3045,0.630424,-2.01894
53.3614,0.5135270000000001,-2.08616
53.4246,0.37995,-2.13705
53.4978,0.22167800000000001,-2.18249
53.591,0.015632,-2.242
53.7026,-0.239373,-2.3295
53.8143,-0.504107,-2.40672
53.8816,-0.666686,-2.41301
53.9385,-0.803021,-2.36775
53.9955,-0.9349139999999999,-2.25327
54.0416,-1.03541,-2.09543
54.0877,-1.12709,-1.87017
54.1338,-1.20676,-1.57402
54.1727,-1.26233,-1.2707600000000001
54.2117,-1.30524,-0.925686
54.2507,-1.33406,-0.549461
54.2896,-1.3478299999999999,-0.156159
54.3286,-1.34622,0.238002
54.3675,-1.32949,0.61635
54.4065,-1.29859,0.963522
54.4455,-1.25498,1.2669700000000002
54.4844,-1.20054,1.51791
54.5234,-1.13744,1.71166
54.5624,-1.0679100000000001,1.8473700000000002
54.6025,-0.9920049999999999,1.92885
54.6447,-0.9097280000000001,1.95625
54.6898,-0.8219200000000001,1.92763
54.7387,-0.729693,1.84037
54.7925,-0.634491,1.6902700000000002
54.8532,-0.538351,1.46939
54.9244,-0.444488,1.16019
55.0161,-0.35846,0.707427
55.1282,-0.312741,0.10029600000000001
55.2221,-0.32832100000000003,-0.43531099999999995
55.3159,-0.39476100000000003,-0.981024
55.3985,-0.495439,-1.4534
55.4811,-0.633968,-1.89175
55.5637,-0.80581,-2.25006
55.6225,-0.943409,-2.41621
55.6714,-1.0631899999999999,-2.46919
55.7203,-1.18317,-2.42042
55.7597,-1.27625,-2.2927
55.799,-1.3626,-2.0775099999999997
55.8335,-1.4299600000000001,-1.81497
55.8681,-1.4871,-1.4862799999999998
55.9026,-1.53187,-1.0993700000000002
55.9371,-1.56246,-0.6672239999999999
55.9673,-1.57659,-0.26509099999999997
55.9975,-1.57841,0.144964
56.0278,-1.56789,0.548733
56.058,-1.5454299999999999,0.932458
56.0882,-1.51184,1.28389
56.1184,-1.46824,1.59314
56.1487,-1.41602,1.85316
56.1796,-1.35525,2.06419
56.2116,-1.28652,2.22238
56.245,-1.2105,2.32421
56.2801,-1.1279299999999999,2.36666
56.3175,-1.0396100000000001,2.3469599999999997
56.3578,-0.9464379999999999,2.26199
56.4021,-0.849476,2.10725
56.452,-0.749993,1.87451
56.5107,-0.649374,1.54441
56.5909,-0.545635,1.03294
56.6725,-0.483939,0.47611499999999995
56.7541,-0.468296,-0.0929589
56.8356,-0.498929,-0.655641
56.9172,-0.574546,-1.19226
56.9987,-0.691954,-1.6745299999999999
57.0803,-0.845008,-2.05686
57.14,-0.973492,-2.23391
57.1893,-1.08542,-2.28726
57.2386,-1.19743,-2.2338
57.2784,-1.28395,-2.10031
57.3182,-1.36344,-1.8796
57.3532,-1.4247100000000001,-1.61319
57.3882,-1.47554,-1.2834299999999998
57.4231,-1.51385,-0.8994850000000001
57.4581,-1.53798,-0.475146
57.4931,-1.54682,-0.027947399999999997
57.5237,-1.5416100000000001,0.36709400000000003
57.5544,-1.52444,0.751104
57.585,-1.49583,1.1115700000000002
57.6156,-1.4566700000000001,1.43783
57.6463,-1.40815,1.72174
57.6776,-1.35038,1.96248
57.7098,-1.28391,2.15567
57.7432,-1.2093200000000002,2.29787
57.7782,-1.12719,2.38653
57.8152,-1.0381,2.41983
57.8548,-0.9426100000000001,2.39637
57.8977,-0.841302,2.31478
57.9451,-0.7347100000000001,2.17283
57.9989,-0.623236,1.96563
58.0628,-0.506655,1.68012
58.1495,-0.379058,1.25969
58.2454,-0.281006,0.78498
58.3413,-0.22805100000000003,0.322175
58.4429,-0.219142,-0.14135599999999998
58.5557,-0.26215700000000003,-0.61251
58.6858,-0.373237,-1.0793700000000002
58.7798,-0.48772200000000004,-1.34546
58.8587,-0.600643,-1.50284
58.9275,-0.706807,-1.5727799999999998
58.9963,-0.815106,-1.5619100000000001
59.0525,-0.900967,-1.48066
59.1087,-0.9802299999999999,-1.32625
59.1581,-1.04111,-1.12776
59.2076,-1.09076,-0.872951
59.257,-1.12658,-0.569174
59.3064,-1.14641,-0.228656
59.35,-1.1494799999999998,0.0895059
59.3936,-1.13855,0.41134799999999994
59.4372,-1.11374,0.724565
59.4808,-1.07565,1.01826
59.5244,-1.02535,1.284
59.568000000000005,-0.964167,1.51644
59.6129,-0.8914209999999999,1.7187
59.6595,-0.8071649999999999,1.8900299999999999
59.7085,-0.711025,2.0318
59.7606,-0.6019770000000001,2.1475
59.8171,-0.477812,2.2429799999999998
59.88,-0.333908,2.32725
59.9534,-0.159823,2.41454
60.0473,0.07219310000000001,2.53039
60.1523,0.345089,2.66721
60.2357,0.571159,2.74836
60.2945,0.733316,2.7572799999999997
60.3451,0.871893,2.7073
60.3957,1.00611,2.5811599999999997
60.4373,1.11017,2.40564
60.479,1.2054,2.1559
60.5206,1.28861,1.8281900000000002
60.556000000000004,1.34753,1.49022
60.5914,1.39361,1.10463
60.6269,1.42535,0.682417
60.6623,1.44169,0.238252
60.6977,1.4421700000000002,-0.21070999999999998
60.7331,1.42692,-0.6465390000000001
60.7685,1.3967200000000002,-1.05236
60.803999999999995,1.3529,-1.41398
60.8394,1.29721,-1.7209900000000002
60.8748,1.2317,-1.9672900000000002
60.9102,1.15859,-2.1509400000000003
60.9461,1.07899,-2.2747900000000003
60.9837,0.9921139999999999,-2.34219
61.0235,0.898483,-2.3521
61.0662,0.7988609999999999,-2.30313
61.1127,0.694148,-2.19326
61.1642,0.585472,-2.01875
61.2227,0.47441000000000005,-1.7716900000000002
61.2917,0.363496,-1.4338899999999999
61.3805,0.257269,-0.951469
61.5052,0.183894,-0.216238
61.6127,0.196328,0.45166000000000006
61.7202,0.281552,1.1356600000000001
61.8052,0.40102,1.67285
61.8902,0.565124,2.17988
61.9752,0.769324,2.60426
62.0297,0.9168959999999999,2.7905599999999997
62.0759,1.04789,2.86469
62.1221,1.18002,2.8351
62.1594,1.28388,2.71817
62.1967,1.38163,2.5063
62.2294,1.45927,2.23832
62.262,1.5268899999999999,1.89373
62.2946,1.5821,1.47853
62.3273,1.62275,1.00451
62.3556,1.64493,0.559226
62.3839,1.6542299999999999,0.09645939999999999
62.4122,1.6503700000000001,-0.36856
62.4404,1.6335,-0.820391
62.4687,1.6042100000000001,-1.2445899999999999
62.497,1.56346,-1.62878
62.5253,1.51252,-1.9634
62.5536,1.4529,-2.24214
62.5826,1.38442,-2.46683
62.6127,1.30762,-2.63404
62.644,1.2231299999999998,-2.74077
62.6771,1.1315899999999999,-2.78463
62.7123,1.03372,-2.76361
62.7503,0.930271,-2.67558
62.7919,0.822092,-2.51742
62.8384,0.710191,-2.28335
62.8922,0.5957680000000001,-1.9606
62.9589,0.479746,-1.51289
63.0456,0.375422,-0.8901819999999999
63.1322,0.325982,-0.249842
63.2189,0.33211,0.39002600000000004
63.3072,0.394917,1.02714
63.3956,0.5126149999999999,1.62758
63.483999999999995,0.680438,2.1526099999999997
63.5496,0.8319629999999999,2.45193
63.6016,0.963809,2.60143
63.6469,1.08297,2.6435400000000002
63.6922,1.20175,2.58169
63.7297,1.29603,2.4384799999999998
63.7671,1.38325,2.20382
63.8046,1.45993,1.87565
63.8362,1.51395,1.5291299999999999
63.8678,1.5561,1.1271200000000001
63.8995,1.5848,0.681615
63.9311,1.59893,0.208184
63.9627,1.5978700000000001,-0.27516399999999996
63.9944,1.58161,-0.749609
64.02600000000001,1.55072,-1.19727
64.0577,1.5063,-1.60281
64.0893,1.4498799999999998,-1.9545700000000001
64.1209,1.3832799999999998,-2.2452
64.1526,1.30849,-2.47165
64.1842,1.22756,-2.63468
64.2172,1.13859,-2.74134
64.2521,1.04193,-2.79082
64.2894,0.9379790000000001,-2.78265
64.3296,0.827048,-2.71663
64.3739,0.70929,-2.5922099999999997
64.4238,0.584503,-2.4072400000000003
64.482,0.45155200000000006,-2.15453
64.5558,0.305285,-1.8073599999999999
64.663,0.139167,-1.29324
64.7702,0.0274327,-0.795817
64.8805,-0.033479400000000006,-0.31474
65.017,-0.0387502,0.22657600000000003
65.1726,0.0390054,0.75557
65.3283,0.19076300000000002,1.17426
65.4241,0.312843,1.3653
65.5091,0.43412700000000004,1.47907
65.594,0.562261,1.5232299999999999
65.6612,0.66393,1.49448
65.7283,0.761419,1.39687
65.7865,0.8386290000000001,1.2493299999999998
65.8446,0.9054760000000001,1.04021
65.9027,0.958413,0.771647
65.9609,0.994195,0.451905
66.01100000000001,1.0092700000000001,0.145744
66.0612,1.00855,-0.17603
66.1113,0.991574,-0.500378
66.1615,0.9585290000000001,-0.814801
66.2116,0.9101870000000001,-1.1089200000000001
66.2618,0.8477600000000001,-1.37562
66.3119,0.7727229999999999,-1.61158
66.36399999999999,0.683191,-1.8242900000000002
66.4186,0.578092,-2.0167
66.4771,0.454913,-2.19535
66.5412,0.308475,-2.37126
66.6143,0.127935,-2.56242
66.702,-0.10677,-2.79425
66.7952,-0.378757,-3.03954
66.8691,-0.6094930000000001,-3.19775
66.9222,-0.7812979999999999,-3.25592
66.9679,-0.9298559999999999,-3.24034
67.0135,-1.07582,-3.13777
67.0508,-1.19002,-2.9716299999999998
67.0881,-1.29644,-2.71882
67.1254,-1.3917,-2.37239
67.1569,-1.46079,-2.00716
67.1884,-1.51739,-1.58027
67.2198,-1.55971,-1.10169
67.2513,-1.5863399999999999,-0.586036
67.2828,-1.5964,-0.051580799999999996
67.3142,-1.5896,0.481393
67.3457,-1.56633,0.992547
67.3772,-1.52755,1.46347
67.4087,-1.47479,1.8792799999999998
67.4401,-1.40995,2.2297
67.4716,-1.3351899999999999,2.5093
67.5031,-1.25276,2.7172099999999997
67.5345,-1.16488,2.85633
67.5677,-1.06874,2.9347
67.6028,-0.965095,2.95083
67.6405,-0.854542,2.90397
67.6815,-0.737625,2.79308
67.7268,-0.614884,2.61567
67.7782,-0.486878,2.36565
67.8385,-0.354159,2.02775
67.9152,-0.216416,1.55582
68.0308,-0.0801678,0.7934140000000001
68.1464,-0.034438300000000005,-0.00723054
68.2711,-0.0905,-0.895492
68.3625,-0.202426,-1.5526799999999998
68.4553,-0.377164,-2.20778
68.5481,-0.610683,-2.80813
68.6076,-0.787391,-3.11935
68.6557,-0.9417770000000001,-3.29184
68.6973,-1.08064,-3.35601
68.73899999999999,-1.22004,-3.31365
68.7732,-1.3313,-3.1811
68.8074,-1.43632,-2.94738
68.8375,-1.5207700000000002,-2.65194
68.8675,-1.59505,-2.27198
68.8976,-1.65668,-1.8127099999999998
68.9277,-1.70344,-1.28544
68.9538,-1.7305599999999999,-0.785804
68.98,-1.7442799999999998,-0.262194
69.0061,-1.7441900000000001,0.26924499999999996
69.0322,-1.7303,0.7917489999999999
69.0583,-1.70305,1.2892299999999999
69.0844,-1.6632900000000002,1.74748
69.1106,-1.6122,2.15508
69.1367,-1.55122,2.5039700000000003
69.1631,-1.4811299999999998,2.7924700000000002
69.1903,-1.40194,3.02067
69.2185,-1.3141200000000002,3.18594
69.2481,-1.21821,3.2861
69.2794,-1.11474,3.3197400000000004
69.3128,-1.00423,3.28591
69.3489,-0.887175,3.1836
69.3886,-0.764026,3.01093
69.4332,-0.635135,2.7634
69.485,-0.5005729999999999,2.42978
69.5492,-0.358954,1.9768700000000001
69.6508,-0.196127,1.22295
69.7525,-0.110633,0.459578
69.8541,-0.102406,-0.295298
69.9696,-0.184916,-1.12781
70.0851,-0.361035,-1.91093
70.1781,-0.565404,-2.46698
70.2397,-0.726743,-2.76099
70.2909,-0.873044,-2.92939
70.3357,-1.00604,-2.99404
70.3805,-1.13975,-2.95683
70.4174,-1.24679,-2.8327299999999997
70.4543,-1.3475,-2.61216
70.4868,-1.4281,-2.33243
70.5193,-1.4983,-1.97279
70.5518,-1.5555700000000001,-1.53888
70.5843,-1.59768,-1.0423
70.6127,-1.62061,-0.571979
70.641,-1.62989,-0.0813438
70.6693,-1.62517,0.41386999999999996
70.6976,-1.60656,0.897659
70.726,-1.5745799999999999,1.35505
70.7543,-1.53017,1.77325
70.7826,-1.47459,2.14248
70.8109,-1.40933,2.4564
70.8399,-1.3342200000000002,2.71738
70.8699,-1.24955,2.9235900000000004
70.9011,-1.1556799999999998,3.07347
70.934,-1.05294,3.1665099999999997
70.9689,-0.941483,3.20323
71.0065,-0.8212510000000001,3.18497
71.0476,-0.6917770000000001,3.11341
71.0934,-0.551817,2.9898700000000002
71.1463,-0.39834400000000003,2.8132099999999998
71.2115,-0.22246100000000002,2.57227
71.3042,-0.000201367,2.22403
71.3969,0.1902,1.88578
71.4987,0.36349899999999996,1.52144
71.5909,0.488446,1.1851399999999999
71.6832,0.581804,0.836341
71.7607,0.635023,0.535775
71.8383,0.664925,0.236618
71.9158,0.672059,-0.049307800000000006
71.9934,0.65796,-0.308938
72.0709,0.62513,-0.530744
72.1484,0.576838,-0.706774
72.226,0.5168020000000001,-0.8334299999999999
72.3035,0.44886000000000004,-0.91102
72.3829,0.37498000000000004,-0.942781
72.4673,0.29570599999999997,-0.928817
72.5591,0.21303000000000002,-0.864239
72.6621,0.130045,-0.737753
72.7848,0.05216180000000001,-0.520691
72.9368,-0.000870467,-0.161161
73.0929,0.00890318,0.300987
73.22,0.074371,0.737101
73.3255,0.172719,1.1318700000000002
73.431,0.313802,1.54463
73.5218,0.470199,1.8945299999999998
73.6127,0.65677,2.20023
73.6785,0.807197,2.35615
73.7324,0.935975,2.4130599999999998
73.7798,1.05015,2.38915
73.8272,1.1611799999999999,2.27783
73.867,1.2485700000000002,2.10662
73.9067,1.32765,1.8592400000000002
73.9465,1.3953799999999998,1.53631
73.9805,1.44214,1.20535
74.0145,1.47691,0.8330420000000001
74.0485,1.49848,0.431687
74.0825,1.5061200000000001,0.016304399999999997
74.1165,1.4996200000000002,-0.39663200000000004
74.1506,1.47935,-0.790721
74.1846,1.44621,-1.15114
74.2186,1.4015600000000001,-1.4658799999999998
74.2526,1.3471,-1.7265099999999998
74.2866,1.28477,-1.9284
74.3206,1.2166,-2.07052
74.3561,1.1413799999999998,-2.1572
74.3936,1.05988,-2.18562
74.4335,0.9730040000000001,-2.15293
74.4768,0.881783,-2.05567
74.5245,0.787502,-1.8885599999999998
74.5786,0.691802,-1.6415
74.6433,0.596684,-1.28924
74.7298,0.507745,-0.757976
74.8163,0.46659300000000004,-0.189235
74.9028,0.475396,0.393352
74.9788,0.524571,0.899616
75.0547,0.61144,1.38255
75.1307,0.73327,1.8147
75.2083,0.8883059999999999,2.15866
75.2653,1.01614,2.30972
75.3128,1.12709,2.34311
75.3603,1.2372,2.27102
75.3989,1.32231,2.12322
75.4376,1.4000700000000001,1.88982
75.4716,1.45992,1.6131799999999998
75.5057,1.50928,1.27526
75.5398,1.5462200000000001,0.8856569999999999
75.5738,1.5691899999999999,0.45842
75.6079,1.57722,0.011059999999999999
75.6379,1.57161,-0.384233
75.6679,1.55429,-0.766641
75.6979,1.52585,-1.12376
75.7279,1.4872,-1.44507
75.7579,1.43955,-1.72255
75.7886,1.38293,-1.9557400000000003
75.8203,1.31798,-2.13957
75.8532,1.24535,-2.27015
75.8876,1.16572,-2.34439
75.9241,1.0797700000000001,-2.35969
75.9631,0.988284,-2.31356
76.0056,0.892093,-2.2029
76.0528,0.792147,-2.02272
76.107,0.6894520000000001,-1.76253
76.1735,0.584234,-1.39219
76.2551,0.490649,-0.897559
76.3367,0.43824799999999997,-0.386312
76.4183,0.427554,0.12241300000000001
76.4998,0.457759,0.61421
76.5829,0.5285529999999999,1.0821399999999999
76.6682,0.639367,1.50378
76.7643,0.802165,1.8590400000000002
76.8253,0.9198149999999999,1.9828
76.877,1.0232700000000001,2.00203
76.9287,1.12529,1.92484
76.9715,1.2047299999999999,1.77869
77.0142,1.27625,1.55397
77.057,1.3365,1.25253
77.0934,1.37656,0.9417559999999999
77.1298,1.40455,0.590847
77.1662,1.4192200000000001,0.21244200000000002
77.2025,1.41985,-0.178472
77.2389,1.40628,-0.565923
77.2753,1.3789,-0.934509
77.3117,1.33866,-1.27085
77.3481,1.28693,-1.56469
77.3845,1.22539,-1.8095
77.4209,1.15588,-2.00252
77.458,1.0787,-2.1467
77.4968,0.9933120000000001,-2.24428
77.5379,0.8998870000000001,-2.29527
77.5819,0.798561,-2.3002
77.6298,0.6892229999999999,-2.2602
77.6829,0.571246,-2.17659
77.7436,0.44285399999999997,-2.0498
77.817,0.29875999999999997,-1.8757
77.9287,0.10433599999999998,-1.607
78.0404,-0.061177800000000004,-1.361
78.1611,-0.21106799999999998,-1.12904
78.3045,-0.355553,-0.8918530000000001
78.4479,-0.46828800000000004,-0.684467
78.5631,-0.5383720000000001,-0.534673
78.6783,-0.59208,-0.40063499999999996
78.7935,-0.631451,-0.286725
78.9087,-0.659153,-0.199126
79.0239,-0.678574,-0.143836
79.1391,-0.6936899999999999,-0.124785
79.2543,-0.708742,-0.142496
79.3695,-0.7278,-0.193349
79.4663,-0.749422,-0.25593499999999997
79.5631,-0.7776810000000001,-0.329133
79.6599,-0.81317,-0.403648
79.7566,-0.8554940000000001,-0.468395
79.8534,-0.903122,-0.511257
79.9502,-0.953364,-0.520594
80.047,-1.00251,-0.487621
80.1245,-1.0382200000000001,-0.42839099999999997
80.2021,-1.06827,-0.34226100000000004
80.2665,-1.08755,-0.254706
80.3309,-1.1008799999999999,-0.158364
80.3953,-1.1079,-0.059969600000000005
80.4596,-1.10871,0.0332057
80.524,-1.10389,0.114169
80.5884,-1.0944,0.176985
80.6528,-1.08158,0.217367
80.7172,-1.06694,0.233014
80.78699999999999,-1.0509,0.221766
80.8676,-1.0346799999999998,0.175234
80.9511,-1.02316,0.0961143
81.0206,-1.01928,0.013841899999999999
81.0902,-1.02141,-0.07564560000000001
81.1597,-1.02978,-0.16453900000000002
81.2292,-1.04409,-0.244877
81.2987,-1.06345,-0.30897600000000003
81.3682,-1.08651,-0.349973
81.4378,-1.11145,-0.36249000000000003
81.515,-1.1388200000000002,-0.339266
81.5936,-1.16323,-0.275783
81.6572,-1.1784299999999999,-0.19855799999999998
81.7209,-1.18814,-0.104247
81.7845,-1.1915,-0.00047491300000000004
81.8482,-1.1881899999999999,0.10403599999999999
81.9118,-1.1784299999999999,0.200507
81.9754,-1.163,0.28115500000000004
82.0391,-1.14311,0.340044
82.1027,-1.12026,0.373594
82.1664,-1.09612,0.38069899999999995
82.2353,-1.07043,0.359964
82.3147,-1.04385,0.30454699999999996
82.3982,-1.02183,0.219302
82.4674,-1.00948,0.13627999999999998
82.5367,-1.0030299999999999,0.050069699999999995
82.6059,-1.00244,-0.0319695
82.6752,-1.0072,-0.102948
82.7445,-1.01631,-0.156782
82.8137,-1.0284,-0.18856099999999998
82.8871,-1.04265,-0.194464
82.97,-1.0578,-0.16500399999999998
83.0528,-1.0689799999999998,-0.09941389999999999
83.1223,-1.07328,-0.021343400000000002
83.1919,-1.07161,0.07114
83.2614,-1.06323,0.170444
83.3309,-1.0479399999999999,0.268602
83.4005,-1.0260799999999999,0.358265
83.47,-0.998452,0.433547
83.5395,-0.966211,0.49056099999999997
83.6091,-0.9306969999999999,0.527586
83.6806,-0.892231,0.545118
83.7578,-0.850066,0.543058
83.8448,-0.803696,0.519774
83.9473,-0.752698,0.473365
84.0616,-0.702104,0.41126
84.1759,-0.658547,0.352435
84.2902,-0.620962,0.30842800000000004
84.4045,-0.587159,0.28731
84.5188,-0.554217,0.293941
84.6378,-0.517251,0.33264
84.7654,-0.470254,0.410249
84.898,-0.40842,0.529017
85.0381,-0.323135,0.695321
85.1846,-0.205758,0.9151
85.3311,-0.052469100000000005,1.18648
85.4415,0.0915508,1.42713
85.5406,0.24459099999999998,1.6646900000000002
85.6397,0.42155200000000004,1.90567
85.7388,0.621059,2.11076
85.8057,0.765596,2.19374
85.8621,0.889732,2.20227
85.9184,1.01223,2.13195
85.9639,1.10647,2.00369
86.0093,1.19325,1.8028099999999998
86.0492,1.2606,1.5641200000000002
86.0891,1.31729,1.2694299999999998
86.12899999999999,1.36123,0.925955
86.1689,1.39068,0.545743
86.2039,1.4036600000000001,0.194777
86.2388,1.4042700000000001,-0.15941
86.2738,1.39262,-0.5037229999999999
86.3088,1.36929,-0.825731
86.3438,1.33523,-1.11469
86.3788,1.29178,-1.3623100000000001
86.4138,1.2404600000000001,-1.56313
86.45,1.18078,-1.7191400000000001
86.4877,1.1137700000000001,-1.8251400000000002
86.5273,1.0403,-1.8777099999999998
86.5693,0.9613139999999999,-1.87378
86.6145,0.877898,-1.8099599999999998
86.6639,0.791378,-1.68154
86.7194,0.703465,-1.48015
86.7845,0.616402,-1.18669
86.8687,0.5346380000000001,-0.7449
86.9554,0.491453,-0.24598899999999999
87.0421,0.492634,0.275352
87.1179,0.530937,0.734143
87.1937,0.603618,1.1790399999999999
87.2696,0.708811,1.58709
87.3454,0.842484,1.9230900000000002
87.4125,0.9787879999999999,2.11943
87.4646,1.09107,2.1763
87.5099,1.1891,2.13843
87.5551,1.28331,2.00549
87.5932,1.3562100000000001,1.81415
87.6312,1.42042,1.5494299999999999
87.6693,1.4732399999999999,1.2162899999999999
87.7022,1.50787,0.88115
87.7351,1.5308899999999999,0.513518
87.76799999999999,1.54146,0.126656
87.801,1.53918,-0.264517
87.8339,1.52417,-0.644688
87.8668,1.49702,-0.9994709999999999
87.8997,1.45878,-1.3165799999999999
87.9326,1.41086,-1.5866799999999999
87.9655,1.35491,-1.80378
87.9985,1.29272,-1.96523
88.0328,1.22325,-2.0746599999999997
88.0688,1.1473200000000001,-2.12832
88.1071,1.06575,-2.1230599999999997
88.1483,0.9794149999999999,-2.05543
88.1935,0.889345,-1.9206599999999998
88.2444,0.796676,-1.71013
88.3049,0.702282,-1.40245
88.3829,0.610284,-0.9480049999999999
88.461,0.5552159999999999,-0.460398
88.539,0.5386880000000001,0.036654400000000004
88.617,0.560705,0.524837
88.695,0.619875,0.9857799999999999
88.773,0.713204,1.3958899999999999
88.851,0.8354879999999999,1.72133
88.9187,0.9585319999999999,1.8985900000000002
88.9725,1.06246,1.9437400000000002
89.0197,1.15335,1.8965
89.0668,1.2398799999999999,1.75692
89.1068,1.3063799999999999,1.5623
89.1467,1.36371,1.29861
89.1866,1.40924,0.9722540000000001
89.2215,1.43753,0.6454529999999999
89.2563,1.45391,0.291143
89.2912,1.45765,-0.0773087
89.32600000000001,1.44852,-0.445421
89.3609,1.42678,-0.798895
89.3957,1.39316,-1.12487
89.4306,1.3488200000000001,-1.4129399999999999
89.4654,1.29521,-1.6558099999999998
89.5003,1.23399,-1.84949
89.5361,1.16487,-1.99653
89.5735,1.0881299999999998,-2.09556
89.613,1.00427,-2.14492
89.6551,0.91379,-2.14345
89.7007,0.817168,-2.09026
89.7509,0.714787,-1.98413
89.8075,0.6067899999999999,-1.8222200000000002
89.8743,0.492493,-1.59636
89.9625,0.365921,-1.27176
90.0662,0.254075,-0.88592
90.17,0.181447,-0.518478
90.2783,0.14463099999999998,-0.167317
90.4005,0.14593499999999998,0.179238
90.5446,0.19663599999999998,0.509621
90.6701,0.274524,0.718364
90.7771,0.357912,0.8286680000000001
90.8841,0.44928900000000005,0.865714
90.9724,0.524651,0.832608
91.0606,0.594309,0.7356
91.1488,0.652478,0.572153
91.2255,0.689232,0.378477
91.3022,0.7095,0.14388
91.3789,0.710537,-0.12079000000000001
91.4557,0.6905359999999999,-0.402275
91.5324,0.648722,-0.68745
91.6091,0.58523,-0.966031
91.6858,0.500811,-1.23258
91.7635,0.395058,-1.4901200000000001
91.8463,0.260474,-1.75712
91.9385,0.0848703,-2.05519
92.0405,-0.142021,-2.39653
92.1276,-0.36383699999999997,-2.68959
92.2148,-0.609939,-2.94353
92.2707,-0.777621,-3.04754
92.3183,-0.923588,-3.06982
92.366,-1.06861,-3.00342
92.4044,-1.1817,-2.86663
92.4428,-1.28788,-2.64208
92.4766,-1.3726200000000002,-2.36618
92.5104,-1.44678,-2.01557
92.5441,-1.50791,-1.59481
92.5779,-1.55378,-1.11448
92.6072,-1.57986,-0.66209
92.6364,-1.59238,-0.190795
92.6657,-1.591,0.284099
92.695,-1.57586,0.7468560000000001
92.7243,-1.54752,1.18262
92.7536,-1.50698,1.57856
92.7829,-1.45555,1.9247599999999998
92.8122,-1.39479,2.21466
92.84200000000001,-1.32495,2.44912
92.8729,-1.2463899999999999,2.6264
92.9052,-1.1596899999999999,2.74401
92.9391,-1.06549,2.8000599999999998
92.9751,-0.9644469999999999,2.79315
93.0139,-0.8572620000000001,2.72191
93.0563,-0.744699,2.5843
93.1034,-0.6276609999999999,2.37622
93.1572,-0.507328,2.0886400000000003
93.2215,-0.385368,1.6996099999999998
93.3076,-0.263193,1.1323299999999998
93.4116,-0.182818,0.407041
93.5157,-0.179267,-0.341397
93.6216,-0.256209,-1.11129
93.7073,-0.377888,-1.7251
93.79299999999999,-0.550921,-2.3034
93.8788,-0.770112,-2.7888599999999997
93.9309,-0.9213520000000001,-2.99442
93.9754,-1.0567799999999998,-3.08366
94.0198,-1.19389,-3.06576
94.0557,-1.30233,-2.95435
94.0917,-1.40501,-2.74308
94.1231,-1.48714,-2.47052
94.1545,-1.55941,-2.1155
94.186,-1.61929,-1.68313
94.2174,-1.66451,-1.18464
94.2445,-1.6903400000000002,-0.713842
94.2717,-1.70305,-0.22038600000000003
94.2988,-1.7022400000000002,0.280016
94.32600000000001,-1.6879400000000002,0.771109
94.3531,-1.6606,1.23736
94.3803,-1.62111,1.66514
94.4074,-1.57065,2.04357
94.4345,-1.51068,2.36511
94.4621,-1.44181,2.6288099999999996
94.4904,-1.36414,2.83407
94.52,-1.27817,2.97818
94.551,-1.1844700000000001,3.05893
94.5838,-1.08361,3.07476
94.6189,-0.9761799999999999,3.0244
94.6571,-0.8627549999999999,2.90633
94.6993,-0.743921,2.7177700000000002
94.7471,-0.620233,2.45244
94.8034,-0.49199899999999996,2.0947400000000003
94.8765,-0.357071,1.59155
94.9712,-0.23834299999999997,0.9148219999999999
95.0659,-0.183937,0.23574099999999998
95.1651,-0.19536199999999998,-0.46278400000000003
95.2719,-0.283756,-1.18507
95.3788,-0.446639,-1.8509799999999998
95.4608,-0.616965,-2.28852
95.5221,-0.765413,-2.54008
95.5738,-0.9005620000000001,-2.6735
95.6194,-1.02359,-2.70833
95.665,-1.14601,-2.6438900000000003
95.70299999999999,-1.24404,-2.50025
95.741,-1.3349,-2.26589
95.779,-1.41507,-1.93767
95.8112,-1.47205,-1.58859
95.8434,-1.51683,-1.18193
95.8756,-1.5477299999999998,-0.7293270000000001
95.9079,-1.56351,-0.24626599999999998
95.9401,-1.5634700000000001,0.24908899999999998
95.9723,-1.5475299999999999,0.737564
96.0045,-1.51621,1.20082
96.0368,-1.47058,1.62307
96.069,-1.4121700000000001,1.99233
96.1012,-1.34283,2.30108
96.1334,-1.2645600000000001,2.54628
96.1657,-1.1794,2.72891
96.1991,-1.08572,2.85681
96.2345,-0.983359,2.93111
96.2721,-0.872346,2.95275
96.3129,-0.752486,2.92331
96.3577,-0.623065,2.84464
96.4083,-0.48230500000000004,2.71794
96.4678,-0.32569899999999996,2.54098
96.546,-0.136632,2.29352
96.6418,0.0687288,1.99577
96.7395,0.249417,1.7062700000000002
96.8588,0.432345,1.35772
96.9472,0.540585,1.09008
97.0355,0.62456,0.808262
97.1116,0.67648,0.556387
97.1876,0.709128,0.302806
97.2637,0.722746,0.05779580000000001
97.3397,0.718436,-0.166783
97.4157,0.698187,-0.359709
97.4918,0.664759,-0.512262
97.5678,0.621442,-0.619229
97.6439,0.571788,-0.678956
97.7216,0.518154,-0.692462
97.8042,0.46208599999999994,-0.6578430000000001
97.8939,0.40668699999999997,-0.568909
97.9946,0.35675999999999997,-0.413404
98.1126,0.32187,-0.16728099999999999
98.2388,0.320736,0.159039
98.3409,0.352105,0.46052
98.4429,0.415479,0.784168
98.5322,0.49841199999999997,1.07239
98.6215,0.606592,1.34556
98.7108,0.737409,1.57303
98.7917,0.8704649999999999,1.70182
98.8532,0.976249,1.72328
98.9065,1.06692,1.67133
98.9597,1.15283,1.54251
99.0043,1.21804,1.37091
99.0489,1.2743,1.14194
99.0935,1.3191700000000002,0.8613850000000001
99.1322,1.34724,0.584674
99.1709,1.36416,0.287497
99.2096,1.3693799999999998,-0.0180478
99.2483,1.3628200000000001,-0.318914
99.287,1.3449200000000001,-0.602304
99.3257,1.3165799999999999,-0.856814
99.3644,1.2791,-1.07334
99.4031,1.2340799999999998,-1.24561
99.4418,1.1833,-1.3703100000000001
99.4823,1.12614,-1.44918
99.5249,1.06362,-1.47763
99.5703,0.9968040000000001,-1.45123
99.6199,0.9268639999999999,-1.36425
99.6755,0.8551190000000001,-1.20665
99.7427,0.7822899999999999,-0.9511270000000001
99.8182,0.7232069999999999,-0.6042420000000001
99.8938,0.6919310000000001,-0.219047
99.9594,0.688967,0.129725
100.0,0.698645,0.346463
