,x,xdot
1e-06,6.04e-10,0.000608
6e-06,3.744e-09,0.000648
3.1e-05,2.2444000000000002e-08,0.000847998
0.000156,1.9094300000000002e-07,0.00184798
0.000781,2.90836e-06,0.00684771
0.003906,6.33624e-05,0.0318416
0.019531,0.00153649,0.156682
0.09765599999999999,0.0380433,0.776489
0.21150100000000002,0.176952,1.6583900000000003
0.304701,0.36385700000000004,2.34456
0.397901,0.611628,2.95284
0.45234399999999997,0.780332,3.23126
0.498406,0.9331370000000001,3.389
0.538871,1.0716700000000001,3.4428300000000003
0.579336,1.21036,3.3921300000000003
0.6128979999999999,1.3221399999999999,3.25342
0.646461,1.4276200000000001,3.01459
0.6800229999999999,1.5233,2.6686900000000002
0.708358,1.5937700000000001,2.29308
0.736694,1.65257,1.8459599999999998
0.765029,1.6978,1.3372600000000001
0.7933640000000001,1.7279099999999998,0.781712
0.821699,1.74183,0.198025
0.850035,1.7390599999999998,-0.392615
0.8783700000000001,1.7197200000000001,-0.968419
0.9067049999999999,1.68452,-1.5090000000000001
0.935041,1.6347,-1.99711
0.963376,1.57196,-2.4199200000000003
0.991711,1.4982600000000001,-2.76959
1.02005,1.41572,-3.04315
1.0483799999999999,1.32651,-3.24201
1.07762,1.2296,-3.37394
1.1084200000000002,1.1245100000000001,-3.4409
1.14121,1.01146,-3.4429800000000004
1.17656,0.8906700000000001,-3.38045
1.21525,0.762162,-3.25342
1.2584799999999998,0.625541,-3.06065
1.30831,0.479458,-2.79667
1.3693899999999999,0.319371,-2.44177
1.46017,0.12247100000000001,-1.8954099999999998
1.55095,-0.0249587,-1.35493
1.64559,-0.127187,-0.808856
1.76328,-0.18391400000000002,-0.161795
1.8906900000000002,-0.16262200000000002,0.485421
2.0204,-0.0607822,1.0716299999999999
2.1501099999999997,0.11177899999999999,1.57451
2.24703,0.280021,1.8869200000000002
2.32523,0.435708,2.0844099999999997
2.3917200000000003,0.578322,2.19542
2.45001,0.707666,2.23124
2.5083,0.836939,2.1896299999999997
2.5563,0.9397620000000001,2.08281
2.60429,1.03566,1.8998099999999998
2.6522900000000003,1.1208200000000001,1.63475
2.69287,1.18151,1.34683
2.73346,1.2294100000000001,1.00549
2.7740400000000003,1.26253,0.6203489999999999
2.81462,1.27935,0.20517
2.8552,1.2790000000000001,-0.223321
2.89578,1.26129,-0.647282
2.9363599999999996,1.22675,-1.0498399999999999
2.9769400000000004,1.17656,-1.41697
3.01752,1.11236,-1.73889
3.0581,1.03611,-2.01056
3.09868,0.9498709999999999,-2.23149
3.13995,0.8539889999999999,-2.4076
3.18335,0.746333,-2.54693
3.22974,0.625542,-2.6543200000000002
3.28027,0.489226,-2.73627
3.33684,0.33247899999999997,-2.8019700000000003
3.4032699999999996,0.144228,-2.86479
3.4893099999999997,-0.10570299999999999,-2.94608
3.58475,-0.39124200000000003,-3.03418
3.65323,-0.600372,-3.0653099999999998
3.70687,-0.764372,-3.03995
3.75359,-0.904767,-2.9584099999999998
3.8003099999999996,-1.03964,-2.8001099999999997
3.83931,-1.1450799999999999,-2.5955
3.87831,-1.24111,-2.31638
3.91731,-1.32474,-1.9598200000000001
3.9509,-1.38456,-1.59333
3.98449,-1.43125,-1.17918
4.01809,-1.46338,-0.728692
4.05168,-1.47997,-0.256817
4.0852699999999995,-1.48059,0.21915300000000001
4.11886,-1.4654,0.681231
4.15245,-1.43516,1.11251
4.18605,-1.39116,1.49874
4.21964,-1.3351,1.82942
4.25323,-1.26895,2.09832
4.28682,-1.19484,2.3033200000000003
4.32112,-1.11317,2.44828
4.35701,-1.02357,2.5352099999999997
4.39498,-0.9265610000000001,2.56323
4.43564,-0.8227909999999999,2.53145
4.47976,-0.712954,2.43873
4.52845,-0.5978220000000001,2.28266
4.583419999999999,-0.478335,2.05765
4.64768,-0.355781,1.7501400000000003
4.72816,-0.231902,1.32189
4.85733,-0.10880699999999999,0.574416
4.98649,-0.0854712,-0.218944
5.09463,-0.146059,-0.9036129999999999
5.187869999999999,-0.258033,-1.49767
5.28111,-0.424887,-2.07627
5.37435,-0.643405,-2.59492
5.43404,-0.806404,-2.85303
5.48307,-0.949945,-2.98818
5.52594,-1.07915,-3.0244
5.56881,-1.20784,-2.9607900000000003
5.60431,-1.31067,-2.81735
5.63981,-1.40678,-2.58161
5.67531,-1.49282,-2.2492400000000004
5.70531,-1.55514,-1.8947
5.73532,-1.60589,-1.47916
5.76532,-1.6433900000000001,-1.0134299999999998
5.795319999999999,-1.66635,-0.512493
5.82532,-1.6739700000000002,0.00557702
5.85532,-1.6660400000000002,0.521068
5.88532,-1.64293,1.01444
5.91533,-1.6055700000000002,1.46807
5.94533,-1.55538,1.8677099999999998
5.9753300000000005,-1.49414,2.20332
6.005330000000001,-1.42387,2.46945
6.03533,-1.34667,2.66486
6.06594,-1.26296,2.79382
6.09804,-1.17205,2.85851
6.13213,-1.07445,2.8573
6.16876,-0.9708549999999999,2.7882599999999997
6.20871,-0.862041,2.64878
6.25315,-0.7489,2.43417
6.30405,-0.632437,2.13443
6.36563,-0.5134529999999999,1.72311
6.45976,-0.382997,1.0421799999999999
6.55388,-0.317924,0.339413
6.64801,-0.318992,-0.360033
6.74213,-0.38503200000000004,-1.0380200000000002
6.83625,-0.512985,-1.67031
6.93038,-0.696617,-2.21037
6.991210000000001,-0.839455,-2.47015
7.04177,-0.9680540000000001,-2.602
7.08628,-1.0848799999999998,-2.63251
7.130789999999999,-1.2009100000000001,-2.5628900000000003
7.16794,-1.29366,-2.41568
7.2051,-1.37932,-2.1802
7.24225,-1.45455,-1.8549900000000001
7.27388,-1.50793,-1.51129
7.3055,-1.54958,-1.11414
7.33713,-1.57797,-0.6753979999999999
7.36875,-1.59202,-0.210371
7.40038,-1.5911799999999998,0.263377
7.432010000000001,-1.57546,0.727568
7.46363,-1.54544,1.16489
7.495260000000001,-1.50222,1.56051
7.52688,-1.4473,1.9031900000000002
7.558510000000001,-1.38247,2.18585
7.590139999999999,-1.3097,2.4055400000000002
7.622160000000001,-1.22995,2.56461
7.6556,-1.14232,2.66673
7.690930000000001,-1.04713,2.7111
7.72871,-0.944802,2.6970400000000003
7.769639999999999,-0.835734,2.62405
7.81475,-0.720174,2.49119
7.8657,-0.598059,2.29562
7.925610000000001,-0.468398,2.02854
8.003169999999999,-0.325414,1.65556
8.103060000000001,-0.18441,1.169
8.20295,-0.0912769,0.699875
8.30955,-0.041969099999999995,0.231388
8.43697,-0.0454065,-0.274831
8.58952,-0.12803499999999998,-0.790875
8.70452,-0.23769400000000002,-1.10433
8.80045,-0.35375500000000004,-1.30495
8.88368,-0.467629,-1.42147
8.9669,-0.5884189999999999,-1.46807
9.03332,-0.685394,-1.4416799999999999
9.099730000000001,-0.778417,-1.3473899999999999
9.1574,-0.8522629999999999,-1.20403
9.215060000000001,-0.9161290000000001,-1.00127
9.27272,-0.966643,-0.741866
9.33038,-1.00076,-0.434283
9.3804,-1.01518,-0.13918599999999998
9.43042,-1.01444,0.17004
9.48043,-0.9981469999999999,0.48077
9.53045,-0.966527,0.780964
9.58046,-0.92037,1.06063
9.63048,-0.8608899999999999,1.3128799999999998
9.68108,-0.7886529999999999,1.5368
9.733410000000001,-0.702888,1.7355
9.78832,-0.602621,1.9119099999999998
9.84689,-0.48584700000000003,2.07154
9.91083,-0.348438,2.22364
9.983189999999999,-0.18172,2.38314
10.0696,0.0324772,2.5737400000000004
10.1685,0.29789899999999997,2.79645
10.2673,0.5841770000000001,2.98335
10.3227,0.75107,3.03285
10.3706,0.8961100000000001,3.01447
10.4185,1.03841,2.91435
10.4575,1.14929,2.75565
10.4965,1.25242,2.51606
10.5355,1.34451,2.1894099999999996
10.5685,1.41116,1.8460900000000002
10.6014,1.46554,1.4461700000000002
10.6344,1.50594,0.99949
10.6673,1.53104,0.520204
10.7003,1.54005,0.025790399999999998
10.7332,1.5327899999999999,-0.46453900000000004
10.7662,1.50969,-0.931732
10.7991,1.47183,-1.35875
10.8321,1.42075,-1.73205
10.865,1.35839,-2.0425
10.8979,1.2869,-2.28553
10.9309,1.2085299999999999,-2.46084
10.9647,1.12332,-2.5735
11.0002,1.03082,-2.62531
11.038,0.931582,-2.6151299999999997
11.0787,0.826334,-2.54153
11.1233,0.715932,-2.40224
11.1731,0.6014109999999999,-2.19277
11.2302,0.484166,-1.90305
11.2992,0.366233,-1.50778
11.3966,0.248667,-0.901017
11.5012,0.190145,-0.21269899999999997
11.6059,0.204788,0.494379
11.7106,0.29377,1.20474
11.7971,0.422967,1.7771400000000002
11.8837,0.600047,2.30424
11.9525,0.771251,2.65064
12.0053,0.9164889999999999,2.8365299999999998
12.0506,1.0469700000000002,2.91324
12.0959,1.1787100000000001,2.8877599999999997
12.1326,1.28308,2.77497
12.1694,1.3815899999999999,2.56794
12.2017,1.4603700000000002,2.30382
12.2339,1.5293700000000001,1.96281
12.2662,1.5862100000000001,1.5505200000000001
12.2984,1.6287399999999999,1.07826
12.3265,1.65278,0.63189
12.3545,1.6640000000000001,0.166455
12.3825,1.6620700000000002,-0.30286599999999997
12.4106,1.6471200000000001,-0.760563
12.4386,1.6196700000000002,-1.192
12.4666,1.58065,-1.5845
12.4947,1.53128,-1.9281599999999999
12.5227,1.47304,-2.2162599999999997
12.5515,1.4057899999999999,-2.4504900000000003
12.5812,1.33005,-2.6271400000000003
12.6123,1.24645,-2.74301
12.645,1.15562,-2.79556
12.6799,1.05827,-2.7827
12.7174,0.955102,-2.70235
12.7585,0.846928,-2.55154
12.8045,0.734632,-2.32483
12.8577,0.619149,-2.01
12.9238,0.5005930000000001,-1.57111
13.0084,0.392825,-0.9714809999999999
13.0931,0.33651,-0.35904400000000003
13.1777,0.3319,0.24806599999999998
13.2659,0.381056,0.861191
13.356,0.485439,1.44734
13.4482,0.643821,1.97105
13.5157,0.787485,2.2688599999999997
13.5702,0.915747,2.42576
13.6177,1.0324200000000001,2.47852
13.6651,1.14933,2.4321099999999998
13.7042,1.24234,2.3058799999999997
13.7434,1.3287200000000001,2.0920900000000002
13.7825,1.40496,1.7884
13.8156,1.4589,1.46506
13.8486,1.5012299999999998,1.08796
13.8817,1.53036,0.668492
13.9148,1.54513,0.22160300000000002
13.9478,1.5449,-0.235354
13.9809,1.52966,-0.6842010000000001
14.0139,1.49995,-1.10766
14.047,1.45687,-1.49091
14.0801,1.40194,-1.8227900000000001
14.1131,1.33699,-2.0963
14.1462,1.2640200000000001,-2.30865
14.1792,1.18502,-2.46076
14.214,1.0974899999999999,-2.56003
14.2509,1.00216,-2.6046
14.2903,0.899465,-2.59409
14.3331,0.789655,-2.5285
14.3804,0.672752,-2.40762
14.434000000000001,0.548249,-2.2295
14.4976,0.41412200000000005,-1.9865
14.5825,0.260009,-1.64175
14.6822,0.11651600000000001,-1.24117
14.7818,0.0119012,-0.8633040000000001
14.8954,-0.0634011,-0.46980600000000006
15.0448,-0.0990806,-0.021802099999999998
15.203,-0.07136310000000001,0.354491
15.3612,0.00719338,0.619698
15.5193,0.11848199999999999,0.767444
15.6339,0.20872,0.797164
15.7484,0.29841799999999996,0.757155
15.8483,0.36976,0.661504
15.9482,0.42863100000000004,0.507455
16.0481,0.469262,0.297027
16.148,0.48632700000000006,0.037279400000000004
16.2479,0.47545299999999996,-0.26013600000000003
16.3478,0.43355299999999997,-0.581709
16.4519,0.35483899999999996,-0.9308120000000001
16.5617,0.23214200000000002,-1.3073700000000001
16.6779,0.056356899999999994,-1.7190599999999998
16.7741,-0.125894,-2.07255
16.8703,-0.342414,-2.42818
16.9665,-0.591775,-2.74458
17.0252,-0.7571859999999999,-2.87927
17.0748,-0.9014700000000001,-2.9279900000000003
17.1243,-1.04611,-2.88918
17.1639,-1.1584299999999998,-2.77671
17.2035,-1.26463,-2.57807
17.238,-1.34959,-2.32723
17.2726,-1.4246,-2.00258
17.3071,-1.48716,-1.60791
17.3417,-1.53501,-1.1529399999999999
17.3715,-1.56308,-0.723191
17.4014,-1.57798,-0.273057
17.4312,-1.57933,0.182637
17.4611,-1.56718,0.628463
17.4909,-1.54205,1.04967
17.5208,-1.50489,1.4333799999999999
17.5506,-1.45696,1.76941
17.5805,-1.3998,2.05087
17.6109,-1.33375,2.2780099999999996
17.6424,-1.25919,2.4488
17.6752,-1.1767299999999998,2.56032
17.7098,-1.08709,2.61015
17.7467,-0.991016,2.59627
17.7864,-0.889336,2.51658
17.8298,-0.783012,2.36801
17.8784,-0.673231,2.14492
17.9344,-0.561558,1.8350799999999998
18.0031,-0.44996899999999995,1.40559
18.0949,-0.349195,0.784456
18.1866,-0.306798,0.136998
18.2784,-0.324293,-0.518361
18.3701,-0.40167800000000004,-1.1653
18.4619,-0.537153,-1.77892
18.5537,-0.725666,-2.30998
18.6151,-0.8762190000000001,-2.57455
18.6645,-1.00683,-2.70113
18.7078,-1.12465,-2.7256400000000003
18.7511,-1.2414100000000001,-2.64891
18.7872,-1.3344799999999999,-2.49517
18.8232,-1.42041,-2.2527
18.8593,-1.49597,-1.92022
18.89,-1.5497,-1.5704200000000001
18.9207,-1.59185,-1.16723
18.9514,-1.62095,-0.722599
18.9821,-1.63595,-0.251854
19.0128,-1.6363299999999998,0.227375
19.0435,-1.62209,0.696699
19.0742,-1.5938299999999999,1.1386100000000001
19.1049,-1.55261,1.53797
19.1356,-1.49995,1.88314
19.1663,-1.4376200000000001,2.16655
19.197,-1.36758,2.3847400000000003
19.2281,-1.29105,2.5392
19.2604,-1.20719,2.63328
19.2946,-1.1164399999999999,2.6652099999999996
19.3311,-1.01946,2.63295
19.3707,-0.916984,2.53421
19.4144,-0.809814,2.3654
19.4638,-0.6987899999999999,2.11942
19.5223,-0.584521,1.7786099999999998
19.6018,-0.463265,1.26922
19.6876,-0.378902,0.694971
19.7734,-0.343959,0.120728
19.8592,-0.357736,-0.43812299999999993
19.9493,-0.422468,-0.9931780000000001
20.0427,-0.540057,-1.5129700000000001
20.1285,-0.687543,-1.90609
20.192,-0.815585,-2.11314
20.2458,-0.9323170000000001,-2.2078599999999997
20.2997,-1.05162,-2.20498
20.343,-1.14553,-2.11691
20.3863,-1.2337799999999999,-1.9425299999999999
20.4242,-1.30324,-1.71602
20.462,-1.36283,-1.4217799999999998
20.4999,-1.4101,-1.0663
20.5377,-1.44292,-0.6613720000000001
20.5707,-1.4585299999999999,-0.280548
20.6038,-1.4613200000000002,0.11229000000000001
20.6368,-1.45113,0.503163
20.6698,-1.42826,0.878409
20.7028,-1.39343,1.22584
20.7358,-1.34772,1.53565
20.7689,-1.2925,1.8010099999999998
20.8026,-1.22777,2.02265
20.8376,-1.15391,2.19804
20.874000000000002,-1.07134,2.32514
20.9124,-0.9804579999999999,2.4029599999999998
20.9532,-0.8815440000000001,2.43146
20.9973,-0.774706,2.4114299999999997
21.0456,-0.659721,2.34404
21.0997,-0.535706,2.2302299999999997
21.1627,-0.40012800000000004,2.06874
21.2424,-0.244142,1.84788
21.3524,-0.057527499999999995,1.5488899999999999
21.4624,0.0976267,1.2776399999999999
21.5919,0.24454299999999998,0.99821
21.7305,0.364632,0.740476
21.8768,0.45552200000000004,0.509404
21.9986,0.5075770000000001,0.350335
22.1205,0.542371,0.22717600000000002
22.2424,0.564663,0.146155
22.3642,0.579901,0.11194000000000001
22.4861,0.593906,0.125806
22.608,0.612398,0.184658
22.7093,0.634844,0.262255
22.8106,0.666153,0.358195
22.9119,0.7076939999999999,0.462354
23.0006,0.752674,0.5500649999999999
23.0893,0.8048810000000001,0.623371
23.1781,0.862516,0.67038
23.2729,0.9268639999999999,0.6781729999999999
23.3677,0.989408,0.6308630000000001
23.438000000000002,1.03131,0.5573520000000001
23.5082,1.06694,0.453007
23.5682,1.0909200000000001,0.343762
23.6282,1.10795,0.22217199999999998
23.6882,1.1174899999999999,0.0957195
23.7482,1.1195,-0.0272594
23.8082,1.11445,-0.138473
23.8682,1.10327,-0.23057199999999997
23.9282,1.08728,-0.29786999999999997
23.9882,1.06809,-0.336789
24.0508,1.04655,-0.345706
24.1198,1.0234,-0.319153
24.197,1.0012,-0.249255
24.2774,0.985316,-0.140772
24.3439,0.9794889999999999,-0.032572500000000004
24.4103,0.9811700000000001,0.08383789999999999
24.4768,0.990625,0.199976
24.5432,1.00755,0.307178
24.6097,1.03106,0.396877
24.6762,1.0597299999999998,0.461016
24.7426,1.09161,0.49266000000000004
24.8158,1.12763,0.48403199999999996
24.8907,1.16202,0.425541
24.9521,1.18573,0.342384
25.0134,1.20349,0.23296
25.0674,1.2131100000000001,0.121332
25.1214,1.2164700000000002,0.00260424
25.1754,1.2134,-0.115593
25.2294,1.20413,-0.225701
25.2834,1.18929,-0.320957
25.3374,1.16983,-0.39598099999999997
25.3914,1.14695,-0.447154
25.4481,1.12076,-0.473321
25.5089,1.09188,-0.470254
25.5776,1.06073,-0.43116000000000004
25.6538,1.03071,-0.351049
25.73,1.00793,-0.243223
25.7954,0.9954200000000001,-0.13811500000000002
25.8608,0.9899319999999999,-0.029889599999999995
25.9262,0.9914069999999999,0.07359
25.9916,0.999291,0.16492
26.057,1.0125600000000001,0.23740100000000003
26.1232,1.03004,0.285769
26.193,1.05085,0.304671
26.2712,1.07415,0.283411
26.3495,1.09404,0.218018
26.4151,1.10569,0.133352
26.4806,1.1110799999999998,0.0280942
26.5462,1.10911,-0.0894355
26.6118,1.09928,-0.209875
26.6774,1.08171,-0.323967
26.743000000000002,1.0571,-0.423677
26.8086,1.0265799999999998,-0.503034
26.8742,0.9916219999999999,-0.558569
26.9398,0.953838,-0.589312
27.0087,0.912848,-0.596224
27.0848,0.8680620000000001,-0.577601
27.1747,0.818182,-0.528204
27.2732,0.769741,-0.452579
27.3717,0.729291,-0.368216
27.4702,0.697071,-0.287319
27.5687,0.672242,-0.219565
27.6673,0.653141,-0.172039
27.7658,0.637525,-0.14937
27.8716,0.621691,-0.155337
27.9864,0.601779,-0.197547
28.1036,0.574347,-0.27624499999999996
28.2243,0.53446,-0.389651
28.3518,0.475571,-0.538511
28.4838,0.392831,-0.718829
28.6295,0.271826,-0.947823
28.8099,0.0714365,-1.28488
28.9167,-0.0779286,-1.51766
29.0156,-0.239535,-1.7518599999999998
29.1145,-0.424543,-1.98627
29.2134,-0.631161,-2.17916
29.2772,-0.772646,-2.2471400000000004
29.3318,-0.895533,-2.24519
29.3864,-1.0163200000000001,-2.1667
29.4309,-1.1100700000000001,-2.03287
29.4754,-1.1963,-1.8283
29.52,-1.27179,-1.55047
29.5575,-1.32471,-1.26224
29.595,-1.36599,-0.931444
29.6325,-1.39422,-0.568663
29.6701,-1.40844,-0.187695
29.7076,-1.4082700000000001,0.195598
29.7451,-1.39394,0.5648489999999999
29.7826,-1.36625,0.904824
29.8202,-1.32656,1.20284
29.8577,-1.27662,1.4497200000000001
29.8952,-1.21846,1.64019
29.9327,-1.15424,1.77269
29.9715,-1.08385,1.8503900000000002
30.0124,-1.00753,1.87201
30.0562,-0.926201,1.8344
30.1038,-0.841041,1.7333
30.1568,-0.753514,1.56179
30.218000000000004,-0.665435,1.30511
30.2968,-0.5777720000000001,0.911776
30.3849,-0.518803,0.41971800000000004
30.4622,-0.5038630000000001,-0.035285699999999996
30.5394,-0.52442,-0.496644
30.6167,-0.580386,-0.948991
30.694000000000003,-0.6703319999999999,-1.3721
30.7712,-0.790916,-1.7359
30.8514,-0.9416629999999999,-2.00267
30.9068,-1.05554,-2.0869999999999997
30.954,-1.15393,-2.07268
31.0011,-1.24948,-1.96443
31.0403,-1.3234299999999999,-1.79587
31.0795,-1.38935,-1.55441
31.1188,-1.44442,-1.24399
31.1525,-1.4812,-0.928982
31.1863,-1.50675,-0.5800489999999999
31.22,-1.5201200000000001,-0.209852
31.2538,-1.52084,0.167102
31.2875,-1.50894,0.5356850000000001
31.3213,-1.48494,0.881473
31.355,-1.44983,1.19195
31.3888,-1.40498,1.45743
31.4225,-1.3520299999999998,1.6714900000000001
31.4563,-1.2927600000000001,1.83107
31.4914,-1.22643,1.9392099999999999
31.5283,-1.15372,1.99237
31.5675,-1.07544,1.9870299999999999
31.6099,-0.9924860000000001,1.91924
31.6566,-0.9058280000000001,1.7832599999999998
31.7098,-0.816404,1.56794
31.7756,-0.723669,1.2393100000000001
31.8547,-0.643163,0.790138
31.9241,-0.602749,0.37242800000000004
31.9935,-0.591554,-0.049320499999999996
32.0629,-0.609367,-0.46119099999999996
32.1323,-0.6550279999999999,-0.849326
32.2018,-0.7263430000000001,-1.19728
32.2741,-0.8241209999999999,-1.49387
32.3551,-0.9549219999999999,-1.7075200000000001
32.4123,-1.05431,-1.75463
32.4612,-1.13944,-1.7104700000000002
32.5102,-1.2202899999999999,-1.5785200000000001
32.5515,-1.28199,-1.39557
32.5928,-1.3348,-1.14905
32.6342,-1.37622,-0.845858
32.6704,-1.4014799999999998,-0.542597
32.7067,-1.4152799999999999,-0.21582199999999999
32.743,-1.4169999999999998,0.121648
32.7792,-1.4065,0.456187
32.8155,-1.38411,0.77458
32.8518,-1.35066,1.0651700000000002
32.888000000000005,-1.30731,1.31875
32.9243,-1.25553,1.52908
32.9611,-1.19613,1.69492
32.9992,-1.12906,1.8162200000000002
33.0391,-1.05482,1.89071
33.0815,-0.973951,1.9164599999999998
33.1271,-0.887034,1.8919
33.1768,-0.7946,1.81535
33.2325,-0.6970529999999999,1.6840400000000002
33.2971,-0.594274,1.49115
33.3794,-0.48289399999999993,1.21153
33.4833,-0.376166,0.842333
33.5872,-0.307417,0.484436
33.6912,-0.274483,0.155136
33.7993,-0.274422,-0.146295
33.9212,-0.310012,-0.425853
34.0537,-0.381956,-0.643967
34.1577,-0.454571,-0.74148
34.2616,-0.5334720000000001,-0.76317
34.3474,-0.597375,-0.7169270000000001
34.4331,-0.6546770000000001,-0.608935
34.5189,-0.700078,-0.440004
34.5936,-0.726015,-0.24836399999999997
34.6682,-0.7363529999999999,-0.0238981
34.7429,-0.7290449999999999,0.22218800000000002
34.8176,-0.702937,0.47757299999999997
34.8923,-0.657768,0.731031
34.967,-0.594007,0.9744649999999999
35.0416,-0.512571,1.20417
35.119,-0.41067299999999995,1.4285700000000001
35.202,-0.282472,1.65989
35.2945,-0.11695599999999999,1.9171200000000002
35.3995,0.100008,2.21953
35.4894,0.311494,2.48385
35.5793,0.545929,2.72189
35.6407,0.716762,2.8343
35.692,0.86331,2.86767
35.7372,0.9924299999999999,2.82902
35.7825,1.1179700000000001,2.70637
35.8205,1.2176,2.5255900000000002
35.8585,1.30887,2.2660099999999996
35.8964,1.38875,1.9254099999999998
35.9291,1.44591,1.5716700000000001
35.9617,1.4907,1.16875
35.9943,1.5217100000000001,0.72809
36.0269,1.5379399999999999,0.26465
36.0595,1.53891,-0.204305
36.0921,1.52475,-0.660784
36.1247,1.49614,-1.08776
36.1573,1.4542899999999999,-1.47072
36.1899,1.40083,-1.7987400000000002
36.2225,1.3376700000000001,-2.06501
36.2551,1.2668700000000002,-2.26683
36.2883,1.18918,-2.40695
36.323,1.1041299999999998,-2.48738
36.3597,1.0123,-2.50643
36.399,0.914485,-2.4622
36.4416,0.811589,-2.35227
36.4888,0.704725,-2.17263
36.5422,0.595341,-1.9152200000000001
36.6052,0.48547799999999997,-1.56121
36.688,0.37729,-1.04631
36.7874,0.305806,-0.38650300000000004
36.8868,0.301107,0.293785
36.9863,0.364279,0.975577
37.0705,0.470243,1.53614
37.1547,0.621795,2.05175
37.2308,0.793184,2.43495
37.2857,0.932573,2.6253599999999997
37.3324,1.05721,2.70225
37.379,1.18313,2.67612
37.4168,1.28233,2.56374
37.4546,1.37558,2.35935
37.4877,1.44961,2.10068
37.5208,1.51386,1.7690299999999999
37.5539,1.5659999999999998,1.37087
37.586999999999996,1.60401,0.9180940000000001
37.6158,1.62442,0.49181199999999997
37.6447,1.63226,0.0503978
37.6736,1.62732,-0.39136
37.7024,1.60981,-0.818628
37.7313,1.58033,-1.2176799999999999
37.7602,1.53989,-1.5769
37.789,1.48976,-1.88747
37.8179,1.43144,-2.1436900000000003
37.8478,1.36405,-2.34925
37.8789,1.2885,-2.49838
37.9115,1.2055,-2.58771
37.9459,1.1157299999999999,-2.6146700000000003
37.9828,1.0199200000000002,-2.5769599999999997
38.0227,0.9188639999999999,-2.47191
38.0669,0.813443,-2.29533
38.117,0.704619,-2.03887
38.1768,0.593093,-1.68135
38.263000000000005,0.472347,-1.1130200000000001
38.3492,0.401875,-0.520416
38.4355,0.38259299999999996,0.0714494
38.5217,0.413691,0.645842
38.6079,0.49295900000000004,1.18573
38.6957,0.619208,1.6741700000000002
38.7735,0.76348,2.01811
38.8327,0.8884690000000001,2.19263
38.8833,1.00163,2.25822
38.934,1.11569,2.22502
38.9754,1.2056200000000001,2.1116900000000003
39.0167,1.28911,1.9130599999999998
39.0531,1.35445,1.66572
39.0895,1.4096,1.35354
39.1259,1.45231,0.9843790000000001
39.1623,1.4807299999999999,0.570955
39.1944,1.4928700000000001,0.182977
39.2265,1.4923899999999999,-0.21298499999999998
39.2586,1.47926,-0.6030270000000001
39.2907,1.4538799999999998,-0.973859
39.3229,1.41705,-1.31387
39.355,1.36994,-1.61394
39.3871,1.3139100000000001,-1.86792
39.4202,1.24833,-2.07857
39.4546,1.17391,-2.2412799999999997
39.4905,1.0911799999999998,-2.35363
39.5285,1.00061,-2.41436
39.5689,0.9025799999999999,-2.423
39.6127,0.797361,-2.37966
39.6608,0.684998,-2.2844700000000002
39.715,0.565063,-2.1366099999999997
39.7784,0.435846,-1.9314799999999999
39.8599,0.289937,-1.64756
39.9675,0.13284,-1.27495
40.0751,0.0145886,-0.9281709999999999
40.1909,-0.0731498,-0.594673
40.3428,-0.13451300000000002,-0.22725
40.5005,-0.146286,0.06136269999999999
40.6582,-0.120604,0.246563
40.8159,-0.0742179,0.32358000000000003
40.9736,-0.024247400000000002,0.29232800000000003
41.1313,0.0124531,0.156039
41.288999999999994,0.0197503,-0.0793627
41.4467,-0.0173296,-0.405092
41.5743,-0.08910139999999998,-0.727113
41.6838,-0.185388,-1.03741
41.7932,-0.31688099999999997,-1.36799
41.8886,-0.461192,-1.6541
41.983999999999995,-0.631423,-1.9038400000000002
42.0586,-0.778838,-2.03694
42.1169,-0.898993,-2.07545
42.1681,-1.00485,-2.0426599999999997
42.2194,-1.1071,-1.9321099999999998
42.2625,-1.18706,-1.77078
42.3055,-1.2586700000000002,-1.5436299999999998
42.3486,-1.3191,-1.25273
42.3857,-1.36017,-0.9573219999999999
42.4227,-1.3896700000000002,-0.6294529999999999
42.4598,-1.40658,-0.280972
42.4969,-1.41041,0.0741752
42.5339,-1.4011799999999999,0.4212
42.571000000000005,-1.3794600000000001,0.7458670000000001
42.6081,-1.3463200000000002,1.03579
42.6451,-1.3032299999999999,1.28139
42.6822,-1.25195,1.47645
42.7193,-1.1944299999999999,1.61808
42.7577,-1.13025,1.7087900000000003
42.7983,-1.06009,1.7454900000000002
42.8415,-0.9848950000000001,1.7244599999999999
42.8883,-0.905803,1.64103
42.9404,-0.82414,1.48786
43.0007,-0.741328,1.24904
43.0755,-0.661004,0.8883770000000001
43.1549,-0.607363,0.45692299999999997
43.2343,-0.58914,-0.000320555
43.3137,-0.60756,-0.46307600000000004
43.3831,-0.653509,-0.8566360000000001
43.4526,-0.725935,-1.22213
43.5221,-0.822148,-1.53709
43.5948,-0.94337,-1.77948
43.6554,-1.05483,-1.88221
43.7054,-1.1493,-1.87785
43.7555,-1.2412100000000001,-1.7776299999999998
43.7962,-1.3107,-1.61869
43.836999999999996,-1.37228,-1.38952
43.8778,-1.42315,-1.09481
43.9128,-1.45633,-0.79793
43.9477,-1.4785700000000002,-0.470545
43.9827,-1.48902,-0.125136
44.0176,-1.48727,0.22425799999999999
44.0526,-1.47346,0.56324
44.0875,-1.44818,0.8783200000000001
44.1225,-1.41248,1.15802
44.1574,-1.36775,1.39368
44.1924,-1.3156299999999999,1.57982
44.2278,-1.25704,1.7156799999999999
44.2648,-1.19193,1.8010099999999998
44.3037,-1.12093,1.8324799999999999
44.3454,-1.0448600000000001,1.80633
44.3909,-0.964612,1.7178
44.4417,-0.8811,1.55895
44.5018,-0.794602,1.31057
44.5749,-0.711672,0.9500940000000001
44.648,-0.6565449999999999,0.554299
44.7211,-0.6309319999999999,0.14592
44.7942,-0.635084,-0.257329
44.8673,-0.668041,-0.639439
44.9404,-0.727641,-0.983095
45.0135,-0.8103279999999999,-1.26712
45.0898,-0.9154909999999999,-1.47109
45.1541,-1.01289,-1.54385
45.2077,-1.09544,-1.5185899999999999
45.2614,-1.17429,-1.40444
45.3057,-1.23311,-1.24007
45.35,-1.28326,-1.0142200000000001
45.3943,-1.32216,-0.733798
45.4329,-1.34517,-0.45441099999999995
45.4715,-1.35694,-0.153321
45.51,-1.3568799999999999,0.157089
45.5486,-1.34487,0.46377399999999996
45.5872,-1.32131,0.754225
45.6258,-1.28703,1.01758
45.6643,-1.24326,1.24545
45.7029,-1.19147,1.43238
45.7423,-1.1320700000000001,1.57835
45.7832,-1.06518,1.68249
45.8263,-0.9912549999999999,1.74279
45.8721,-0.9108219999999999,1.75768
45.9216,-0.82437,1.72593
45.9761,-0.7322890000000001,1.64621
46.0378,-0.634668,1.51588
46.111000000000004,-0.530442,1.32714
46.2142,-0.408477,1.03496
46.3173,-0.316822,0.744093
46.4205,-0.25419,0.474717
46.5276,-0.21683000000000002,0.229282
46.6458,-0.2034,0.00700256
46.7817,-0.21595,-0.178787
46.9238,-0.25015,-0.287218
47.066,-0.29324,-0.303273
47.2082,-0.331925,-0.225336
47.3504,-0.353015,-0.056910199999999994
47.4925,-0.34429899999999997,0.191677
47.6347,-0.295443,0.505038
47.781000000000006,-0.194685,0.8802120000000001
47.9177,-0.0480591,1.27239
48.0217,0.10090299999999999,1.59629
48.1284,0.289774,1.9431200000000002
48.2352,0.515176,2.2720599999999997
48.308,0.687546,2.44713
48.3653,0.8301729999999999,2.5244299999999997
48.4149,0.9556979999999999,2.5249099999999998
48.4645,1.0792700000000002,2.4422200000000003
48.5054,1.17639,2.29803
48.5462,1.26606,2.07661
48.5871,1.34504,1.77502
48.6217,1.4011200000000001,1.4597799999999999
48.6563,1.44545,1.0964200000000002
48.6908,1.47653,0.695717
48.7254,1.4933,0.272
48.76,1.49527,-0.15803699999999998
48.7946,1.4825,-0.576872
48.8292,1.45569,-0.967858
48.8638,1.41604,-1.31676
48.8983,1.36522,-1.61285
48.9329,1.3051700000000002,-1.84948
48.9675,1.2380200000000001,-2.024
49.0026,1.1647399999999999,-2.13857
49.0394,1.08483,-2.19504
49.0785,0.9989290000000001,-2.19107
49.1206,0.907992,-2.12374
49.1666,0.81316,-1.9889599999999998
49.2181,0.715866,-1.7795400000000001
49.278,0.6179439999999999,-1.47964
49.3551,0.5206810000000001,-1.03569
49.4456,0.452459,-0.46649700000000005
49.536,0.436993,0.126649
49.6156,0.467958,0.650778
49.6952,0.5401779999999999,1.1606100000000001
49.7747,0.651662,1.63291
49.8543,0.798039,2.02976
49.9183,0.935731,2.25452
49.9693,1.05344,2.34335
50.013999999999996,1.15825,2.33473
50.0587,1.26057,2.2292799999999997
50.0961,1.3411,2.05766
50.1336,1.41372,1.80699
50.17100000000001,1.4755,1.4797799999999999
50.2032,1.51788,1.14371
50.2354,1.54875,0.766995
50.2677,1.5669899999999999,0.36237600000000003
50.2999,1.57196,-0.05504590000000001
50.3321,1.56348,-0.469041
50.3643,1.54195,-0.8636719999999999
50.3965,1.5082,-1.22466
50.4287,1.46353,-1.5404799999999998
50.4609,1.40953,-1.8030599999999999
50.4932,1.34799,-2.00794
50.5259,1.2796299999999998,-2.15605
50.5601,1.20424,-2.24797
50.5961,1.12239,-2.2810599999999996
50.6347,1.0348600000000001,-2.25242
50.6764,0.9424889999999999,-2.15869
50.7227,0.8462280000000001,-1.9946400000000002
50.7756,0.747031,-1.7497900000000002
50.8404,0.6448470000000001,-1.39376
50.926,0.547592,-0.8720319999999999
51.0116,0.496176,-0.328027
51.0972,0.491325,0.21236
51.1828,0.531856,0.728984
51.2684,0.614823,1.19957
51.354,0.735016,1.59228
51.4278,0.862137,1.83215
51.4855,0.970937,1.92782
51.5355,1.06776,1.92675
51.5856,1.16226,1.83292
51.6274,1.2359200000000001,1.67609
51.6693,1.30149,1.44595
51.7111,1.35595,1.14606
51.7472,1.39185,0.838967
51.7832,1.41602,0.49700500000000003
51.8193,1.4274200000000001,0.132829
51.8553,1.4255,-0.239058
51.8914,1.4102700000000001,-0.603612
51.9274,1.38224,-0.946649
51.9635,1.3424200000000002,-1.25611
51.9995,1.2921799999999999,-1.52296
52.0356,1.23319,-1.74163
52.0716,1.16721,-1.9099700000000002
52.1092,1.0928799999999999,-2.0329599999999997
52.1488,1.0108,-2.10831
52.1908,0.9214540000000001,-2.13497
52.2361,0.825211,-2.11254
52.2855,0.722304,-2.04087
52.3408,0.612648,-1.9192799999999999
52.4048,0.495324,-1.7446599999999999
52.4843,0.3661,-1.50357
52.5909,0.223379,-1.17526
52.6975,0.11474300000000001,-0.867373
52.8079,0.035013,-0.583907
52.9363,-0.021552900000000003,-0.307345
53.0913,-0.0485335,-0.056484400000000004
53.2499,-0.0436795,0.100454
53.4086,-0.0221827,0.153033
53.5672,-0.000641098,0.101303
53.7259,0.004614399999999999,-0.0514559
53.8846,-0.0219818,-0.29889899999999997
54.0226,-0.08218980000000001,-0.583875
54.1382,-0.165665,-0.8658790000000001
54.2538,-0.283572,-1.17717
54.3496,-0.40913299999999997,-1.443
54.4455,-0.559566,-1.6909299999999998
54.5345,-0.718568,-1.86805
54.5997,-0.842828,-1.93465
54.6555,-0.9509290000000001,-1.92757
54.7113,-1.05656,-1.8436099999999997
54.7571,-1.1382,-1.70724
54.803000000000004,-1.21209,-1.50532
54.8488,-1.27522,-1.2385700000000002
54.8877,-1.31821,-0.9664870000000001
54.9266,-1.34994,-0.66072
54.9655,-1.36931,-0.332471
55.0044,-1.37568,0.00471951
55.0432,-1.36901,0.336198
55.0821,-1.3498,0.647626
55.121,-1.31907,0.9263440000000001
55.1599,-1.27831,1.16242
55.1988,-1.2293100000000001,1.34925
55.2377,-1.17406,1.48366
55.2777,-1.11285,1.56714
55.3198,-1.046,1.59786
55.3648,-0.974458,1.5719
55.4138,-0.899382,1.48394
55.4686,-0.822124,1.3250600000000001
55.5336,-0.7438100000000001,1.0731600000000001
55.6103,-0.674922,0.7146319999999999
55.687,-0.635255,0.314977
55.7637,-0.627123,-0.10462300000000001
55.8404,-0.651338,-0.52564
55.9171,-0.707277,-0.928451
55.9937,-0.792643,-1.28845
56.0704,-0.902948,-1.5725
56.1471,-1.03077,-1.73738
56.2021,-1.1272,-1.7546400000000002
56.2491,-1.20851,-1.6876200000000001
56.2962,-1.28472,-1.53729
56.3361,-1.34237,-1.34313
56.376000000000005,-1.39111,-1.09102
56.4159,-1.42875,-0.788824
56.4511,-1.45135,-0.49018100000000003
56.4863,-1.46307,-0.173176
56.5216,-1.46348,0.149612
56.5568,-1.45261,0.465103
56.592,-1.43095,0.760825
56.6272,-1.39937,1.0259200000000002
56.6625,-1.35913,1.2519200000000001
56.6977,-1.3117,1.4331200000000002
56.7338,-1.25725,1.56961
56.7715,-1.1962700000000002,1.65815
56.8112,-1.12951,1.69491
56.8537,-1.05778,1.67586
56.8999,-0.981987,1.5959299999999998
56.9516,-0.9029940000000001,1.44664
57.0134,-0.8207709999999999,1.20638
57.086000000000006,-0.745263,0.8662799999999999
57.1586,-0.695861,0.49123100000000003
57.2311,-0.674257,0.10356300000000002
57.3037,-0.6806939999999999,-0.278614
57.3763,-0.714163,-0.638525
57.4489,-0.772409,-0.9580780000000001
57.5215,-0.8517440000000001,-1.21574
57.5951,-0.9481709999999999,-1.38719
57.6598,-1.04016,-1.4395
57.7136,-1.1169799999999999,-1.39818
57.7675,-1.18929,-1.27141
57.8121,-1.2423600000000001,-1.10064
57.8566,-1.28655,-0.8736659999999999
57.9012,-1.31951,-0.59856
57.9403,-1.3377,-0.32715
57.9795,-1.3449,-0.039081300000000006
58.0186,-1.3407,0.25352399999999997
58.0577,-1.3251600000000001,0.538321
58.0969,-1.29882,0.8038529999999999
58.136,-1.26263,1.0405200000000001
58.1751,-1.21786,1.24124
58.2142,-1.16602,1.40175
58.2549,-1.1063399999999999,1.5244
58.2975,-1.03955,1.6055700000000002
58.3425,-0.9662350000000001,1.64297
58.3908,-0.886966,1.6348
58.4434,-0.802262,1.57934
58.501999999999995,-0.712492,1.47399
58.5701,-0.6174229999999999,1.3127
58.6577,-0.5129060000000001,1.07164
58.7615,-0.41726899999999995,0.770958
58.8653,-0.352475,0.48089799999999994
58.9691,-0.31649299999999997,0.217849
59.0753,-0.306001,-0.013227299999999999
59.1923,-0.319932,-0.21496500000000002
59.3226,-0.35865199999999997,-0.365699
59.4529,-0.411483,-0.430188
59.5652,-0.459396,-0.411182
59.6776,-0.5011869999999999,-0.321223
59.7899,-0.529007,-0.163429
59.9022,-0.535702,0.0528697
60.0145,-0.5154890000000001,0.31293899999999997
60.1268,-0.46438500000000005,0.60034
60.2392,-0.38009499999999996,0.9023190000000001
60.3515,-0.261334,1.21414
60.4718,-0.09445310000000001,1.56325
60.5756,0.0842697,1.88238
60.6794,0.29682600000000003,2.21221
60.7833,0.542812,2.51637
60.8483,0.711324,2.65503
60.9018,0.855049,2.70824
60.9487,0.98185,2.68712
60.9956,1.1057700000000001,2.58215
61.0347,1.2038200000000001,2.41743
61.0738,1.2939200000000002,2.17455
61.1129,1.37293,1.8511400000000002
61.1463,1.4292799999999999,1.51439
61.1797,1.47354,1.12909
61.2131,1.50427,0.706437
61.2465,1.52047,0.26114
61.2799,1.52165,-0.189801
61.3133,1.50793,-0.628638
61.3467,1.47999,-1.03857
61.3801,1.4390399999999999,-1.40527
61.4135,1.38673,-1.71796
61.4469,1.32497,-1.96996
61.4803,1.25585,-2.15861
61.5143,1.18016,-2.28647
61.5499,1.09744,-2.35529
61.5875,1.00832,-2.36307
61.628,0.9136569999999999,-2.30744
61.672,0.814481,-2.18525
61.721000000000004,0.712065,-1.99117
61.777,0.6080899999999999,-1.71433
61.8448,0.504744,-1.32655
61.9453,0.402975,-0.690172
62.0327,0.368044,-0.106294
62.1201,0.384664,0.48687700000000006
62.2075,0.452952,1.0729799999999998
62.2949,0.57135,1.62852
62.3823,0.735536,2.1114
62.4479,0.883552,2.38259
62.4995,1.01006,2.50765
62.5443,1.1233899999999999,2.5300700000000003
62.5892,1.23555,2.4525200000000003
62.6264,1.32426,2.30081
62.6636,1.40575,2.0638
62.7008,1.47681,1.7412900000000002
62.7325,1.52673,1.40444
62.7641,1.5651899999999999,1.01868
62.7958,1.5908200000000001,0.596078
62.8274,1.60269,0.151835
62.8591,1.60038,-0.296952
62.8907,1.5840299999999998,-0.732757
62.9224,1.55431,-1.1392
62.95399999999999,1.5123799999999998,-1.5024
62.9857,1.4597799999999999,-1.81197
63.0173,1.3983299999999999,-2.06147
63.049,1.32996,-2.24831
63.0814,1.25484,-2.3756
63.1154,1.17279,-2.44355
63.1514,1.08441,-2.44981
63.1901,0.990461,-2.39174
63.2324,0.8917959999999999,-2.26593
63.2796,0.78937,-2.06655
63.3342,0.6841149999999999,-1.7808
63.4031,0.575399,-1.3674
63.4912,0.479915,-0.796234
63.5792,0.43553800000000004,-0.211517
63.6673,0.442367,0.363372
63.7554,0.49869300000000005,0.909235
63.8434,0.600973,1.40215
63.9315,0.743017,1.80427
63.9968,0.8679459999999999,2.009
64.0508,0.9791190000000001,2.09238
64.1048,1.09217,2.07511
64.148,1.18005,1.9753
64.1913,1.2618,1.79108
64.2291,1.32538,1.5589
64.267,1.37897,1.2634
64.3048,1.42029,0.91238
64.3426,1.44747,0.518452
64.3759,1.45862,0.14985
64.4092,1.45735,-0.22601
64.4424,1.44365,-0.5956020000000001
64.4757,1.41794,-0.9460649999999999
64.5089,1.38105,-1.26624
64.5422,1.3341399999999999,-1.54748
64.5755,1.2786,-1.7840099999999999
64.6099,1.2136,-1.97901
64.6457,1.13995,-2.12759
64.6832,1.05819,-2.22742
64.7228,0.9687819999999999,-2.2772900000000003
64.7652,0.8721040000000001,-2.2768
64.8112,0.768416,-2.2259900000000004
64.862,0.6577270000000001,-2.1248299999999998
64.9196,0.539481,-1.9720400000000002
64.9881,0.41145,-1.7614599999999998
65.0813,0.261408,-1.45872
65.1856,0.126662,-1.12916
65.2899,0.0249518,-0.8269629999999999
65.40899999999999,-0.0550376,-0.5243760000000001
65.5615,-0.10998699999999999,-0.210207
65.7193,-0.123642,0.0205642
65.8771,-0.108865,0.149419
66.0348,-0.0820079,0.173575
66.1926,-0.0595475,0.0941684
66.3504,-0.0575133,-0.0843831
66.5082,-0.0910044,-0.354686
66.6306,-0.150294,-0.620901
66.7402,-0.232958,-0.8933469999999999
66.8497,-0.34675100000000003,-1.1868299999999998
66.9459,-0.473443,-1.44462
67.0421,-0.6238130000000001,-1.67275
67.123,-0.7649729999999999,-1.8069099999999998
67.1861,-0.880705,-1.84802
67.241,-0.981707,-1.81959
67.2959,-1.0791600000000001,-1.7167299999999999
67.3417,-1.1545,-1.5666
67.3874,-1.2215799999999999,-1.3553600000000001
67.4332,-1.2776299999999998,-1.0857299999999999
67.4724,-1.31505,-0.814072
67.5117,-1.34121,-0.51446
67.551,-1.35524,-0.198446
67.5903,-1.35675,0.120657
67.6295,-1.3459,0.42900200000000005
67.6688,-1.3233700000000002,0.71353
67.7081,-1.2903200000000001,0.963148
67.7474,-1.24829,1.16956
67.7866,-1.19909,1.32766
67.8265,-1.14384,1.43665
67.8681,-1.0826200000000001,1.49607
67.9122,-1.01627,1.5021799999999998
67.9598,-0.9458690000000001,1.45025
68.0122,-0.872662,1.33331
68.0725,-0.797922,1.1370200000000001
68.1448,-0.726159,0.8371299999999999
68.2225,-0.6753779999999999,0.46354700000000004
68.2907,-0.6557109999999999,0.11004000000000001
68.359,-0.660555,-0.25234
68.4273,-0.6900609999999999,-0.610128
68.4955,-0.743417,-0.948358
68.5638,-0.818684,-1.2485700000000002
68.6321,-0.912493,-1.48717
68.7061,-1.02911,-1.64237
68.763,-1.12361,-1.6632900000000002
68.8114,-1.2028299999999998,-1.59951
68.8597,-1.27699,-1.45319
68.9005,-1.33254,-1.26483
68.9412,-1.37926,-1.02047
68.9819,-1.4150200000000002,-0.728162
69.0179,-1.43608,-0.440296
69.0538,-1.44646,-0.135712
69.0897,-1.4457799999999998,0.173247
69.1257,-1.43411,0.473858
69.1616,-1.4119700000000002,0.754096
69.1975,-1.38028,1.0036
69.2335,-1.3403,1.2143899999999999
69.2694,-1.29352,1.3812
69.3065,-1.2398,1.50473
69.3453,-1.17982,1.5808799999999998
69.3863,-1.1143399999999999,1.60566
69.4303,-1.0442200000000001,1.5747200000000001
69.4784,-0.9703459999999999,1.4822
69.5332,-0.893433,1.31716
69.6001,-0.813908,1.0522799999999999
69.6752,-0.747785,0.701278
69.7404,-0.7127140000000001,0.372629
69.8055,-0.699348,0.037565100000000004
69.8707,-0.707674,-0.290948
69.9359,-0.7368640000000001,-0.6005050000000001
70.0011,-0.7852560000000001,-0.877856
70.0675,-0.8516879999999999,-1.1117299999999999
70.1378,-0.936465,-1.28478
70.2109,-1.03377,-1.35788
70.2675,-1.10996,-1.32364
70.3171,-1.17341,-1.2208299999999999
70.3667,-1.23001,-1.04846
70.4099,-1.27104,-0.845167
70.453,-1.30233,-0.598958
70.4962,-1.32225,-0.320038
70.5393,-1.3296700000000001,-0.0215577
70.5825,-1.32405,0.281565
70.6256,-1.30552,0.574186
70.6688,-1.27485,0.8425219999999999
70.7119,-1.23332,1.07548
70.7551,-1.18265,1.26549
70.7982,-1.12479,1.40872
70.8414,-1.06176,1.50484
70.8863,-0.992823,1.55749
70.9341,-0.917947,1.5660100000000001
70.9859,-0.8376110000000001,1.5286600000000001
71.0432,-0.752258,1.44302
71.1088,-0.661932,1.30425
71.1899,-0.564398,1.09646
71.2966,-0.46325,0.798819
71.4032,-0.393867,0.5051680000000001
71.5099,-0.354622,0.23617399999999997
71.6165,-0.342177,0.00414832
71.7282,-0.353078,-0.190391
71.8551,-0.387698,-0.342116
71.9821,-0.43643699999999996,-0.41148199999999996
72.109,-0.488367,-0.39150100000000004
72.2149,-0.525774,-0.304662
72.3207,-0.550725,-0.157133
72.4266,-0.557192,0.0427173
72.5325,-0.5402859999999999,0.282022
72.6383,-0.49660200000000004,0.546255
72.7442,-0.424179,0.8233950000000001
72.8501,-0.322024,1.10759
72.9623,-0.180323,1.41848
73.086,0.0172087,1.7804900000000001
73.1798,0.197791,2.07005
73.2737,0.405632,2.35701
73.3675,0.6386729999999999,2.59622
73.4251,0.791038,2.68222
73.4747,0.924676,2.69177
73.5244,1.05681,2.6179200000000002
73.5648,1.16026,2.48045
73.6053,1.25654,2.26315
73.641,1.3329,2.0009900000000003
73.6767,1.3987100000000001,1.67365
73.7125,1.45175,1.28712
73.7482,1.49009,0.852725
73.7795,1.51047,0.445042
73.8108,1.51786,0.0262108
73.8422,1.51214,-0.38943099999999997
73.8735,1.4936399999999999,-0.787654
73.9048,1.4631100000000001,-1.15551
73.9362,1.42167,-1.4823
73.9675,1.37075,-1.76023
73.9993,1.3108799999999998,-1.9879900000000001
74.0322,1.2425,-2.1631400000000003
74.0664,1.1662700000000001,-2.2823700000000002
74.1024,1.08293,-2.34287
74.1406,0.993301,-2.34223
74.1816,0.8982760000000001,-2.2779599999999998
74.2264,0.798921,-2.14672
74.2764,0.696567,-1.9426599999999998
74.3338,0.592986,-1.6535
74.4044,0.490412,-1.24569
74.4935,0.404251,-0.681774
74.5826,0.369755,-0.0896198
74.6717,0.388563,0.512053
74.7608,0.460768,1.10574
74.8499,0.584616,1.6657799999999998
74.939,0.755246,2.14557
75.0027,0.900432,2.39521
75.0533,1.02494,2.50573
75.0977,1.1365100000000001,2.51618
75.142,1.24642,2.4276
75.1789,1.33346,2.2671900000000003
75.2159,1.4130200000000002,2.02283
75.2529,1.48199,1.69503
75.2844,1.53027,1.35419
75.316,1.56701,0.9662639999999999
75.3476,1.5909200000000001,0.543593
75.3792,1.60114,0.101426
75.4107,1.5973,-0.343263
75.4423,1.57961,-0.773257
75.4739,1.54879,-1.17262
75.5055,1.50603,-1.52799
75.53699999999999,1.45287,-1.8295099999999997
75.5686,1.3911200000000001,-2.07119
75.6002,1.3227200000000001,-2.25081
75.6328,1.24724,-2.37224
75.667,1.16486,-2.4342900000000003
75.7033,1.07623,-2.43446
75.7424,0.9821290000000001,-2.37005
75.7851,0.883438,-2.2374400000000003
75.833,0.781121,-2.03029
75.8887,0.676089,-1.73435
75.9604,0.56702,-1.29951
76.0449,0.480257,-0.74888
76.1295,0.440688,-0.187227
76.214,0.44832799999999995,0.364958
76.2986,0.50165,0.8904120000000001
76.3831,0.597547,1.3678
76.4696,0.734097,1.7719
76.5366,0.8606739999999999,1.9918900000000002
76.5914,0.9727450000000001,2.08486
76.6396,1.07355,2.0830599999999997
76.6878,1.17208,1.98785
76.7283,1.24967,1.8274599999999999
76.7689,1.31922,1.5909
76.8094,1.3776700000000002,1.28094
76.8443,1.41698,0.961609
76.8793,1.4444299999999999,0.603953
76.9142,1.45889,0.22066799999999998
76.9492,1.45973,-0.17340899999999998
76.9841,1.4468299999999998,-0.5626
77.0191,1.42064,-0.931846
77.054,1.38209,-1.26806
77.089,1.3325200000000001,-1.56115
77.1239,1.27356,-1.8045799999999999
77.1589,1.2070100000000001,-1.99541
77.1949,1.13244,-2.13738
77.2326,1.0499399999999999,-2.2301
77.2725,0.959902,-2.27261
77.3152,0.8627040000000001,-2.2645299999999997
77.3617,0.758601,-2.20582
77.4133,0.6475920000000001,-2.09628
77.472,0.5290699999999999,-1.93406
77.5425,0.400508,-1.71133
77.6431,0.24501399999999998,-1.3783100000000001
77.7468,0.119413,-1.04759
77.8526,0.0252031,-0.7398710000000001
77.9743,-0.045545999999999996,-0.431216
78.128,-0.086653,-0.118708
78.2862,-0.0863472,0.105512
78.4444,-0.0587927,0.225088
78.6026,-0.0207577,0.23797800000000002
78.7608,0.0109557,0.14568299999999998
78.919,0.020026699999999998,-0.0472477
79.0772,-0.00890862,-0.333273
79.2131,-0.0747421,-0.645347
79.3263,-0.164487,-0.94534
79.4396,-0.28979099999999997,-1.27115
79.5347,-0.424044,-1.54919
79.6299,-0.583882,-1.8027900000000001
79.7101,-0.7354470000000001,-1.9624099999999998
79.7723,-0.859635,-2.02304
79.8261,-0.9684649999999999,-2.01023
79.8799,-1.0745799999999999,-1.9194799999999999
79.9244,-1.1570799999999999,-1.77567
79.9689,-1.23169,-1.56498
80.0135,-1.29544,-1.28821
80.0514,-1.33904,-1.00555
80.0893,-1.37124,-0.688184
80.1272,-1.3909200000000002,-0.347496
80.1651,-1.3974600000000001,0.00273575
80.203,-1.39078,0.347594
80.2409,-1.3713600000000001,0.67245
80.2788,-1.34022,0.9643440000000001
80.3167,-1.2988,1.21306
80.3546,-1.24888,1.41174
80.3925,-1.19244,1.5569899999999999
80.4314,-1.12988,1.65028
80.4723,-1.0614299999999999,1.6902700000000002
80.5159,-0.9879709999999999,1.6733099999999999
80.5631,-0.910625,1.5947
80.6154,-0.8307129999999999,1.4470399999999999
80.6762,-0.749626,1.2142700000000002
80.7508,-0.671744,0.8641840000000001
80.8294,-0.6199520000000001,0.446622
80.9081,-0.602161,0.0031849
80.9867,-0.619606,-0.446169
81.0556,-0.663639,-0.8289559999999999
81.1245,-0.73322,-1.18465
81.1934,-0.825774,-1.49165
81.265,-0.941684,-1.7281799999999998
81.3274,-1.05328,-1.8345200000000002
81.3783,-1.14694,-1.8314
81.4292,-1.23804,-1.7322
81.4704,-1.30645,-1.57518
81.5116,-1.36695,-1.3489
81.5528,-1.41677,-1.0582200000000002
81.5881,-1.44907,-0.766103
81.6234,-1.4705,-0.444499
81.6587,-1.48024,-0.105826
81.694,-1.47793,0.236021
81.7293,-1.46371,0.566859
81.7646,-1.4382,0.87346
81.7999,-1.40247,1.14463
81.8352,-1.35792,1.37199
81.8705,-1.3062,1.5503
81.9064,-1.24803,1.6792200000000002
81.9439,-1.18346,1.7578900000000002
81.9835,-1.11317,1.78285
82.0259,-1.03797,1.75015
82.0723,-0.958793,1.65462
82.1245,-0.876489,1.48719
82.1875,-0.790868,1.22347
82.2619,-0.713222,0.855197
82.3364,-0.664353,0.454596
82.4108,-0.645777,0.044601199999999994
82.4852,-0.657488,-0.356323
82.5597,-0.6981649999999999,-0.7307130000000001
82.6341,-0.765126,-1.0589899999999999
82.7085,-0.854075,-1.31702
82.7875,-0.965355,-1.48072
82.8475,-1.05548,-1.5057399999999999
82.8987,-1.13144,-1.44577
82.95,-1.20226,-1.30409
82.9933,-1.25502,-1.11972
83.0367,-1.29857,-0.8802180000000001
83.0801,-1.3306799999999999,-0.5939939999999999
83.1234,-1.34959,-0.273758
83.1612,-1.3544,0.020233599999999997
83.1989,-1.34804,0.316126
83.2367,-1.33066,0.6021920000000001
83.2744,-1.30284,0.8677219999999999
83.3122,-1.26552,1.1038700000000001
83.3499,-1.21995,1.3042
83.3887,-1.166,1.4689
83.4289,-1.10425,1.59405
83.471,-1.03526,1.67685
83.5155,-0.9595959999999999,1.7152599999999998
83.5632,-0.877782,1.70773
83.6152,-0.790305,1.6528599999999998
83.67299999999999,-0.697497,1.5486
83.7399,-0.599137,1.39006
83.8237,-0.49204899999999996,1.1593799999999999
83.9357,-0.380363,0.8361299999999999
84.0476,-0.304304,0.52712
84.1596,-0.261101,0.251355
84.2715,-0.2464,0.0191645
84.397,-0.257289,-0.181564
84.5341,-0.29272800000000004,-0.321328
84.6711,-0.34126799999999996,-0.37182800000000005
84.8081,-0.390338,-0.32859499999999997
84.9266,-0.42326400000000003,-0.21564699999999998
85.0451,-0.43887299999999996,-0.0376133
85.1636,-0.429996,0.195555
85.2848,-0.38961599999999996,0.477249
85.4159,-0.305097,0.8169609999999999
85.5662,-0.150895,1.24127
85.6792,0.00855241,1.58592
85.7762,0.17749700000000002,1.89877
85.8732,0.377075,2.2134099999999997
85.9702,0.605754,2.4884
86.0314,0.761877,2.6040099999999997
86.0832,0.897849,2.63827
86.1349,1.0335299999999998,2.58862
86.1764,1.13886,2.47129
86.21799999999999,1.23767,2.27317
86.2543,1.3161,2.02815
86.2907,1.38439,1.71617
86.3271,1.44018,1.3423100000000001
86.3635,1.4814100000000001,0.917209
86.3951,1.50415,0.518211
86.4267,1.51403,0.105341
86.4583,1.51082,-0.307153
86.4899,1.49476,-0.704893
86.5215,1.46654,-1.0745799999999999
86.5532,1.4272200000000002,-1.4050200000000002
86.5848,1.37819,-1.68783
86.6164,1.32105,-1.91779
86.6492,1.2549700000000001,-2.0983099999999997
86.6834,1.18096,-2.22399
86.7192,1.09982,-2.29163
86.7573,1.0123799999999998,-2.29861
86.7981,0.9195260000000001,-2.24232
86.8425,0.822334,-2.1193299999999997
86.89200000000001,0.722119,-1.92387
86.9488,0.6206050000000001,-1.64398
87.0183,0.5198550000000001,-1.2470700000000001
87.1051,0.435017,-0.701516
87.1918,0.398932,-0.127181
87.2786,0.413224,0.456834
87.3654,0.477996,1.0331299999999999
87.4521,0.5916140000000001,1.57755
87.5389,0.749672,2.04827
87.6055,0.8956149999999999,2.31576
87.6576,1.01959,2.43498
87.7027,1.13031,2.4518299999999997
87.7479,1.2396,2.3692599999999997
87.7854,1.32581,2.21443
87.8229,1.40465,1.97603
87.8604,1.47299,1.65462
87.8924,1.52065,1.32051
87.9243,1.5568799999999998,0.939883
87.9563,1.58035,0.525018
87.9882,1.59022,0.0910625
88.0202,1.58615,-0.345143
88.0521,1.5683200000000002,-0.766543
88.0841,1.53749,-1.1573799999999999
88.116,1.4948299999999999,-1.5045
88.148,1.44191,-1.7982
88.1799,1.38055,-2.03266
88.2119,1.31267,-2.2057700000000002
88.2449,1.23776,-2.3214599999999996
88.2796,1.15604,-2.37825
88.3165,1.0682,-2.37357
88.3562,0.975035,-2.30456
88.3998,0.877425,-2.1673299999999998
88.4487,0.776346,-1.95487
88.5061,0.672603,-1.6507599999999998
88.5832,0.563044,-1.18709
88.6647,0.487497,-0.6632520000000001
88.7462,0.4551,-0.132
88.8277,0.465684,0.38858899999999996
88.9092,0.517737,0.882609
88.9908,0.608338,1.3304
89.0761,0.739209,1.7175799999999999
89.1441,0.863876,1.93248
89.1995,0.973814,2.02013
89.2483,1.07245,2.0139
89.29700000000001,1.16859,1.91526
89.338,1.24407,1.75322
89.37899999999999,1.31138,1.51676
89.42,1.36751,1.2092
89.4555,1.40487,0.8934610000000001
89.4909,1.43038,0.541451
89.5263,1.44295,0.165909
89.5617,1.44203,-0.218464
89.5972,1.42755,-0.596317
89.6326,1.4000299999999999,-0.953076
89.66799999999999,1.36043,-1.27625
89.7034,1.31013,-1.55636
89.7388,1.25076,-1.78748
89.7743,1.18411,-1.96715
89.811,1.10915,-2.10003
89.8496,1.0262799999999999,-2.18453
89.8906,0.9359350000000001,-2.2197
89.9346,0.838476,-2.2052400000000003
89.9825,0.734113,-2.14122
90.0359,0.622747,-2.02738
90.0971,0.503532,-1.86159
90.1717,0.373025,-1.63421
90.2783,0.216617,-1.30011
90.385,0.095054,-0.984331
90.4944,0.00360042,-0.694186
90.6235,-0.06666219999999999,-0.40342100000000003
90.7787,-0.10726300000000001,-0.13506500000000002
90.9358,-0.113402,0.0402777
91.0928,-0.0999121,0.114508
91.2498,-0.0827827,0.08679400000000001
91.4068,-0.0778545,-0.0401776
91.5639,-0.10029600000000001,-0.260571
91.6922,-0.148752,-0.503604
91.8205,-0.231582,-0.794663
91.9211,-0.32414,-1.04715
92.0218,-0.442586,-1.30592
92.1224,-0.586363,-1.5447799999999998
92.2231,-0.751376,-1.71848
92.2896,-0.867617,-1.7652700000000001
92.3464,-0.967584,-1.7417599999999998
92.4032,-1.06419,-1.64478
92.4503,-1.1384,-1.50137
92.4973,-1.20446,-1.29825
92.5443,-1.2596100000000001,-1.03816
92.5845,-1.29623,-0.776663
92.6248,-1.32175,-0.488338
92.665,-1.33532,-0.184544
92.7053,-1.33657,0.12165699999999999
92.7455,-1.32568,0.41672
92.7857,-1.30336,0.687921
92.82600000000001,-1.27078,0.924509
92.8662,-1.22953,1.1185100000000001
92.9065,-1.18141,1.2650700000000001
92.9474,-1.12739,1.36371
92.9903,-1.06766,1.41334
93.0359,-1.00312,1.40995
93.0852,-0.9348700000000001,1.34832
93.14,-0.864183,1.22013
93.2045,-0.792067,1.00581
93.2789,-0.728396,0.696956
93.3533,-0.6894279999999999,0.345337
93.4277,-0.677573,-0.0288668
93.5021,-0.69384,-0.407781
93.5765,-0.737911,-0.773143
93.6509,-0.8080069999999999,-1.10346
93.7253,-0.90055,-1.37151
93.7997,-1.00968,-1.5432299999999999
93.8612,-1.10637,-1.5850600000000001
93.9119,-1.1858899999999999,-1.53562
93.9626,-1.26078,-1.4015
94.0046,-1.3160399999999999,-1.2252
94.0465,-1.36273,-0.9929
94.0884,-1.3986299999999998,-0.7124060000000001
94.1252,-1.41981,-0.43662700000000004
94.1619,-1.4305,-0.14394300000000002
94.1986,-1.43032,0.15354
94.2354,-1.4193200000000001,0.44329300000000005
94.2721,-1.39799,0.713436
94.3089,-1.3672600000000001,0.953707
94.3456,-1.32838,1.1561700000000001
94.3823,-1.28284,1.3156
94.4202,-1.23059,1.43236
94.4599,-1.17228,1.5025899999999999
94.5018,-1.1086799999999999,1.52219
94.5469,-1.04065,1.48656
94.5965,-0.969046,1.3892
94.6536,-0.89441,1.21698
94.7216,-0.820418,0.9505370000000001
94.7936,-0.76359,0.622099
94.8656,-0.731396,0.269905
94.9376,-0.724813,-0.08623660000000001
95.0096,-0.74349,-0.428861
95.0816,-0.785833,-0.740575
95.1536,-0.8489399999999999,-1.00213
95.2256,-0.9284180000000001,-1.1913799999999999
95.3006,-1.02199,-1.28522
95.3605,-1.09885,-1.2669700000000002
95.412,-1.1621,-1.17672
95.4635,-1.2188700000000001,-1.01536
95.5077,-1.25965,-0.823132
95.5519,-1.29096,-0.587717
95.596,-1.3110899999999999,-0.31912399999999996
95.6402,-1.3188600000000001,-0.0303742
95.6844,-1.3137,0.263664
95.7286,-1.2957100000000001,0.54783
95.7727,-1.2656399999999999,0.808283
95.8169,-1.22481,1.03387
95.8611,-1.17492,1.21696
95.9053,-1.1179700000000001,1.35372
95.9495,-1.056,1.44379
95.9953,-0.988561,1.4905700000000002
96.0442,-0.9154329999999999,1.4936399999999999
96.0973,-0.837084,1.4509999999999998
96.1563,-0.753938,1.35966
96.2246,-0.6658569999999999,1.2132100000000001
96.3129,-0.5686,0.9862059999999999
96.4128,-0.483796,0.709854
96.5127,-0.426525,0.438722
96.6127,-0.395363,0.189566
96.7126,-0.38754,-0.0268452
96.819,-0.400723,-0.21266500000000002
96.9387,-0.435562,-0.357616
97.0583,-0.48324399999999995,-0.42590900000000004
97.178,-0.534133,-0.41029899999999997
97.2792,-0.572092,-0.329394
97.3805,-0.598815,-0.189198
97.4817,-0.6086630000000001,0.00223606
97.5829,-0.597063,0.23210300000000003
97.6841,-0.5608850000000001,0.485339
97.7854,-0.49847299999999994,0.748514
97.8866,-0.409287,1.01358
97.9878,-0.29323499999999997,1.27976
98.0965,-0.13833,1.57311
98.2168,0.071282,1.9168900000000002
98.3082,0.258945,2.18974
98.3996,0.471267,2.45066
98.4728,0.657049,2.61635
98.5292,0.8071149999999999,2.6866
98.5781,0.938534,2.68234
98.6269,1.06781,2.5953
98.6671,1.16937,2.4471
98.7073,1.2634100000000001,2.22023
98.7475,1.34669,1.9107
98.7815,1.4062700000000001,1.58617
98.8155,1.45393,1.21055
98.8494,1.4881,0.794355
98.8834,1.5076399999999999,0.3519
98.9174,1.5119200000000002,-0.0998065
98.9514,1.50095,-0.542632
98.9854,1.47533,-0.959089
99.0194,1.43623,-1.33398
99.0534,1.38525,-1.65565
99.0874,1.32436,-1.9165900000000002
99.1214,1.25569,-2.11355
99.1554,1.18141,-2.24701
99.191,1.09984,-2.3225
99.2287,1.01176,-2.3376200000000003
99.2691,0.9180520000000001,-2.28999
99.31299999999999,0.819723,-2.1766
99.3617,0.718033,-1.9925099999999998
99.4172,0.614638,-1.7277900000000002
99.4837,0.511763,-1.3577700000000001
99.5813,0.40831300000000004,-0.7529939999999999
99.6789,0.36598400000000003,-0.11043199999999999
99.7765,0.387167,0.544847
99.859,0.45473199999999997,1.0916
99.9414,0.566433,1.61124
100.0,0.670848,1.9458400000000002
