,x,xdot
1e-06,6.04e-10,0.000608
6e-06,3.744e-09,0.000648
3.1e-05,2.2444000000000002e-08,0.000848
0.000156,1.90944e-07,0.001848
0.000781,2.90844e-06,0.00684799
0.003906,6.337069999999999e-05,0.0318478
0.019531,0.00153748,0.156832
0.09765599999999999,0.0381649,0.7802140000000001
0.195923,0.153015,1.55466
0.294191,0.34287199999999995,2.30265
0.392458,0.603228,2.97657
0.44823900000000005,0.778148,3.2813800000000004
0.494701,0.935006,3.4558199999999997
0.5352640000000001,1.07683,3.5212199999999996
0.5758260000000001,1.2192,3.4782599999999997
0.6092529999999999,1.33348,3.3426
0.64268,1.4415,3.10265
0.6721630000000001,1.52871,2.7979
0.701647,1.60562,2.40482
0.7311300000000001,1.6696900000000001,1.9281700000000002
0.760613,1.7186,1.3790799999999999
0.7862100000000001,1.7472900000000002,0.8568870000000001
0.811808,1.7622400000000003,0.307615
0.837405,1.76295,-0.252189
0.8630030000000001,1.74938,-0.80521
0.8886,1.72193,-1.33471
0.9141969999999999,1.6813799999999999,-1.82578
0.939795,1.62889,-2.26635
0.965392,1.56586,-2.6478
0.9909899999999999,1.4938799999999999,-2.96521
1.01741,1.41195,-3.22419
1.04483,1.32069,-3.42107
1.0735,1.22054,-3.55409
1.1037299999999999,1.11189,-3.62261
1.13594,0.9949819999999999,-3.62684
1.17066,0.869916,-3.5674099999999997
1.2086700000000001,0.736484,-3.4448199999999995
1.25116,0.59392,-3.25818
1.30023,0.440179,-3.00227
1.3607200000000002,0.26892699999999997,-2.65663
1.4489299999999998,0.0575933,-2.1343
1.5371299999999999,-0.10764100000000001,-1.6134
1.62883,-0.23103800000000002,-1.07901
1.73596,-0.313666,-0.46612600000000004
1.8549,-0.329871,0.187063
1.95487,-0.285323,0.696934
2.05483,-0.19214,1.1588100000000001
2.1548,-0.0553745,1.5687799999999998
2.2547599999999997,0.119774,1.92639
2.3458799999999997,0.308174,2.19913
2.41854,0.474286,2.36331
2.48029,0.623093,2.4449099999999997
2.53464,0.756502,2.45269
2.5889900000000003,0.888235,2.3797099999999998
2.63415,0.9928899999999999,2.24286
2.6793099999999996,1.08959,2.0263
2.7244599999999997,1.17461,1.72468
2.7629099999999998,1.2349,1.4017600000000001
2.80136,1.28169,1.024
2.83981,1.3130700000000002,0.601979
2.87826,1.3276,0.150489
2.9167,1.32449,-0.312852
2.95515,1.3036299999999998,-0.769504
2.9936,1.26563,-1.20214
3.03205,1.21169,-1.59655
3.07049,1.1434799999999998,-1.94291
3.10894,1.06297,-2.23635
3.14739,0.972196,-2.47668
3.18641,0.8716370000000001,-2.67005
3.2274,0.7588239999999999,-2.8258
3.27122,0.632153,-2.94937
3.3189599999999997,0.488882,-3.04795
3.37246,0.32348000000000005,-3.1317
3.4354400000000003,0.12358599999999999,-3.2155400000000003
3.51718,-0.14362,-3.3231
3.60644,-0.44529799999999997,-3.4309199999999995
3.6662199999999996,-0.651668,-3.4638
3.7149699999999997,-0.8200629999999999,-3.43486
3.75775,-0.96531,-3.34331
3.80053,-1.10491,-3.16724
3.83649,-1.21494,-2.93908
3.87245,-1.3153,-2.6282799999999997
3.90841,-1.40293,-2.2313400000000003
3.9394400000000003,-1.46597,-1.82215
3.9704599999999997,-1.51545,-1.35861
4.00149,-1.54985,-0.8526020000000001
4.03252,-1.56808,-0.319957
4.06355,-1.56962,0.22076500000000002
4.0945800000000006,-1.5545,0.750013
4.12561,-1.52339,1.2491299999999999
4.15664,-1.47746,1.70209
4.18767,-1.41836,2.09674
4.2187,-1.34802,2.42549
4.2497300000000005,-1.26855,2.68525
4.28076,-1.18208,2.877
4.31306,-1.08685,3.0088
4.3470699999999995,-0.983123,3.08059
4.38325,-0.8712549999999999,3.0924099999999997
4.422219999999999,-0.751494,3.0445599999999997
4.46483,-0.623901,2.93682
4.51234,-0.488209,2.76715
4.56694,-0.343483,2.52855
4.63318,-0.186703,2.19917
4.73313,0.00613244,1.6510599999999998
4.833080000000001,0.141843,1.05751
4.9330300000000005,0.216198,0.424221
5.0422,0.22307800000000003,-0.30316
5.18056,0.115558,-1.2544
5.2716199999999995,-0.0274779,-1.88773
5.35438,-0.20754699999999998,-2.46267
5.43715,-0.434644,-3.0189999999999997
5.519909999999999,-0.705303,-3.5011699999999997
5.56773,-0.877827,-3.7000900000000003
5.6089,-1.0323,-3.7898199999999997
5.6500699999999995,-1.18838,-3.7724800000000003
5.683269999999999,-1.31203,-3.65836
5.716480000000001,-1.43016,-3.4376900000000004
5.7455099999999995,-1.526,-3.1480799999999998
5.77455,-1.61206,-2.7645
5.80359,-1.6856400000000002,-2.28919
5.8292,-1.73815,-1.8007400000000002
5.85481,-1.7774299999999998,-1.25851
5.8804300000000005,-1.8022900000000002,-0.67718
5.90604,-1.81194,-0.07446169999999999
5.93165,-1.80608,0.530173
5.957269999999999,-1.78493,1.11707
5.982880000000001,-1.7491700000000001,1.6680000000000001
6.00849,-1.69992,2.16751
6.03411,-1.63867,2.60393
6.0597199999999996,-1.56713,2.96985
6.08534,-1.48716,3.26205
6.11146,-1.39888,3.4847300000000003
6.13863,-1.30192,3.63979
6.16717,-1.1966299999999999,3.72626
6.197430000000001,-1.08344,3.7435199999999997
6.2298599999999995,-0.962694,3.6913300000000002
6.26509,-0.834649,3.5693
6.303999999999999,-0.699363,3.3758199999999996
6.34802,-0.556513,3.10595
6.399830000000001,-0.40478000000000003,2.7456400000000003
6.4665300000000006,-0.238157,2.24602
6.5572,-0.0663831,1.54044
6.6478600000000005,0.0408732,0.824896
6.74735,0.083815,0.0389793
6.88444,0.0157166,-1.02746
6.98135,-0.119423,-1.7572299999999998
7.07826,-0.323756,-2.45171
7.17517,-0.592091,-3.06554
7.22899,-0.764562,-3.32977
7.274830000000001,-0.920909,-3.4773
7.3151600000000006,-1.06234,-3.5217
7.35548,-1.20351,-3.4602199999999996
7.38899,-1.31722,-3.3105800000000003
7.4225,-1.4242299999999999,-3.05852
7.456010000000001,-1.5209700000000002,-2.69674
7.484319999999999,-1.59195,-2.30533
7.51262,-1.6507900000000002,-1.8405
7.54093,-1.69555,-1.31251
7.56924,-1.72465,-0.7366060000000001
7.59755,-1.7369900000000003,-0.132103
7.62585,-1.73206,0.479175
7.654160000000001,-1.7100099999999998,1.0748799999999998
7.6824699999999995,-1.67155,1.6342299999999998
7.710780000000001,-1.61799,2.1398200000000003
7.73908,-1.55104,2.57887
7.76739,-1.47269,2.9438299999999997
7.7957,-1.3851,3.2322
7.82401,-1.2904,3.4459199999999996
7.853089999999999,-1.18789,3.59335
7.88368,-1.07649,3.6786199999999996
7.91625,-0.956082,3.7031
7.95138,-0.826442,3.6684900000000003
7.98988,-0.6868489999999999,3.5766199999999997
8.03302,-0.535613,3.42846
8.08318,-0.368721,3.2212400000000003
8.146519999999999,-0.17363399999999998,2.9363099999999998
8.232660000000001,0.062292499999999994,2.54175
8.3188,0.264363,2.14987
8.409180000000001,0.439834,1.7301799999999998
8.48506,0.5571550000000001,1.3586
8.56093,0.645418,0.964166
8.63681,0.702993,0.551275
8.702160000000001,0.72724,0.191047
8.76752,0.7281569999999999,-0.160366
8.832880000000001,0.706763,-0.48958500000000005
8.89823,0.664902,-0.784982
8.96359,0.605067,-1.03865
9.02895,0.530122,-1.24721
9.09431,0.443008,-1.41146
9.16278,0.34170900000000004,-1.54016
9.23592,0.22535100000000002,-1.63524
9.316410000000001,0.0909486,-1.69743
9.41095,-0.0710566,-1.7212
9.5021,-0.22708299999999998,-1.6937799999999998
9.594660000000001,-0.380313,-1.60569
9.66823,-0.49420299999999995,-1.48108
9.741810000000001,-0.596821,-1.2978299999999998
9.815389999999999,-0.683577,-1.04919
9.878810000000001,-0.741891,-0.781742
9.94224,-0.781799,-0.46998599999999996
10.0057,-0.800778,-0.12383699999999999
10.0691,-0.797072,0.242831
10.1325,-0.7698699999999999,0.6145470000000001
10.1959,-0.719312,0.9772120000000001
10.2594,-0.64632,1.32079
10.3228,-0.552272,1.64094
10.3862,-0.43863800000000003,1.93913
10.454,-0.29686999999999997,2.24054
10.5286,-0.11771199999999998,2.56313
10.6121,0.11133599999999999,2.92509
10.6965,0.373651,3.28621
10.7809,0.6646770000000001,3.59144
10.8289,0.8400190000000001,3.69611
10.8707,0.9948879999999999,3.71351
10.9124,1.14855,3.6335900000000003
10.9464,1.2698399999999999,3.4762199999999996
10.9805,1.38414,3.2211
11.0105,1.4763700000000002,2.90732
11.0405,1.5579,2.5082299999999997
11.0706,1.6262,2.0276
11.1006,1.6789599999999998,1.47564
11.1267,1.7106700000000001,0.951284
11.1528,1.72833,0.399899
11.1788,1.73144,-0.16206600000000002
11.2049,1.7199400000000002,-0.717236
11.231,1.6942400000000002,-1.2486899999999999
11.2571,1.65516,-1.74127
11.2831,1.60388,-2.18264
11.3092,1.54186,-2.56393
11.3353,1.47074,-2.8799900000000003
11.3621,1.38989,-3.13548
11.3899,1.2998299999999998,-3.3274800000000004
11.419,1.20108,-3.4540900000000003
11.4496,1.09412,-3.5143
11.4823,0.979389,-3.50775
11.5174,0.857224,-3.43424
11.5558,0.727847,-3.29304
11.5986,0.591268,-3.08145
11.6477,0.447058,-2.79175
11.7068,0.293441,-2.40184
11.7898,0.118224,-1.8129
11.8796,-0.0147977,-1.1463
11.9733,-0.088738,-0.42938699999999996
12.0863,-0.0874918,0.453637
12.1877,-0.0010574000000000002,1.2512
12.2772,0.142308,1.95081
12.3667,0.347649,2.63226
12.4562,0.61173,3.25135
12.5097,0.794087,3.54733
12.5542,0.956068,3.71406
12.5931,1.102,3.7720599999999997
12.632,1.24814,3.72022
12.6642,1.3655700000000002,3.57525
12.6963,1.47666,3.3236199999999996
12.7284,1.57784,2.9567799999999997
12.7554,1.65248,2.55804
12.7824,1.71528,2.08122
12.8094,1.76426,1.53608
12.8364,1.7977599999999998,0.9375700000000001
12.8634,1.8145900000000001,0.305132
12.8904,1.81414,-0.338827
12.9174,1.7964,-0.970873
12.9444,1.7620099999999999,-1.5686799999999999
12.9714,1.71216,-2.1129700000000002
12.9984,1.64851,-2.58898
13.0254,1.57304,-2.9872
13.0524,1.4879200000000001,-3.30343
13.0794,1.39537,-3.53827
13.1064,1.2975299999999999,-3.69614
13.1349,1.19082,-3.7871
13.1651,1.07588,-3.81015
13.1975,0.9530040000000001,-3.7654099999999997
13.2327,0.822258,-3.65308
13.2717,0.683392,-3.4723300000000004
13.3158,0.535499,-3.21924
13.3681,0.37592,-2.88076
13.4372,0.193273,-2.4033700000000002
13.5212,0.0162145,-1.80867
13.6053,-0.110778,-1.21336
13.7001,-0.194164,-0.5470189999999999
13.8196,-0.21015999999999999,0.274469
13.93,-0.139522,0.9984540000000001
14.0404,0.00857064,1.6764400000000002
14.1508,0.228586,2.2991900000000003
14.2363,0.44372399999999995,2.72253
14.2982,0.62048,2.96874
14.3502,0.7786390000000001,3.10741
14.3956,0.921093,3.1531599999999997
14.440999999999999,1.06355,3.10303
14.4784,1.17746,2.9716299999999998
14.5158,1.28473,2.74535
14.5533,1.38161,2.41607
14.5847,1.45224,2.05808
14.6162,1.5104799999999998,1.6306100000000001
14.6477,1.55429,1.1432799999999999
14.6792,1.5819999999999999,0.610688
14.7107,1.59247,0.0515571
14.7422,1.5851899999999999,-0.512989
14.7737,1.56033,-1.06149
14.8051,1.51872,-1.57433
14.8366,1.46174,-2.03556
14.8681,1.3912,-2.43411
14.8996,1.3091700000000002,-2.76422
14.9311,1.21785,-3.0251
14.9626,1.11937,-3.22018
14.9954,1.01138,-3.36029
15.0301,0.8930530000000001,-3.44905
15.0673,0.7636609999999999,-3.48975
15.107999999999999,0.621753,-3.4866300000000003
15.1533,0.46430600000000005,-3.44466
15.2061,0.284555,-3.36849
15.2731,0.062357100000000006,-3.2576
15.3591,-0.211497,-3.11594
15.4512,-0.49112799999999995,-2.9484
15.5102,-0.660949,-2.80275
15.5618,-0.801423,-2.62696
15.6135,-0.9312459999999999,-2.38758
15.6571,-1.0298100000000001,-2.1253599999999997
15.7007,-1.11565,-1.80295
15.7443,-1.18613,-1.42137
15.7826,-1.23351,-1.04249
15.821,-1.26573,-0.633251
15.8594,-1.28188,-0.206789
15.8977,-1.28157,0.221523
15.9361,-1.26506,0.635676
15.9745,-1.23317,1.0207700000000002
16.0128,-1.18726,1.3645399999999999
16.0512,-1.1291,1.6583299999999999
16.0896,-1.06071,1.8974900000000001
16.1279,-0.9842139999999999,2.0811900000000003
16.1679,-0.898114,2.2161299999999997
16.2099,-0.8030229999999999,2.30145
16.2545,-0.699331,2.33733
16.3026,-0.587236,2.3242599999999998
16.3551,-0.466663,2.2622400000000003
16.4137,-0.33707800000000004,2.14927
16.4815,-0.196936,1.9777799999999999
16.5659,-0.040621199999999996,1.7206
16.6648,0.11256,1.3697
16.7636,0.228543,0.9680770000000001
16.8625,0.302324,0.516414
16.9614,0.32919499999999996,0.020693299999999998
17.0715,0.299317,-0.568433
17.2074,0.170872,-1.32523
17.3042,0.016012799999999997,-1.87627
17.3901,-0.166478,-2.3717099999999998
17.476,-0.391385,-2.85917
17.562,-0.656291,-3.29008
17.6134,-0.830592,-3.4769400000000004
17.6571,-0.984716,-3.5597199999999996
17.7008,-1.14035,-3.5408
17.7358,-1.2625,-3.4304900000000003
17.7708,-1.37906,-3.21865
17.8012,-1.4732,-2.94185
17.8317,-1.55755,-2.57563
17.8622,-1.62939,-2.12227
17.8891,-1.68028,-1.6576799999999998
17.916,-1.7179900000000001,-1.1429200000000002
17.9428,-1.7413599999999998,-0.592395
17.9697,-1.74965,-0.0234358
17.9965,-1.74262,0.5450550000000001
18.0234,-1.7205400000000002,1.09415
18.0503,-1.6841700000000002,1.60645
18.0771,-1.6347,2.06745
18.104,-1.57366,2.4664099999999998
18.1308,-1.50282,2.79676
18.1577,-1.42405,3.0560099999999997
18.1853,-1.3369,3.2494099999999997
18.2141,-1.24138,3.3770599999999997
18.2444,-1.13795,3.43775
18.2766,-1.02709,3.4306300000000003
18.3113,-0.9092870000000001,3.3550400000000002
18.3491,-0.784945,3.2097599999999997
18.3911,-0.654402,2.99175
18.4391,-0.517817,2.69333
18.4964,-0.374734,2.2941700000000003
18.5735,-0.21990900000000002,1.71795
18.6657,-0.0944472,1.0011299999999999
18.76,-0.03518640000000001,0.253787
18.8709,-0.055964099999999996,-0.628432
18.9699,-0.157032,-1.4096799999999998
19.069000000000003,-0.33453099999999997,-2.1674700000000002
19.1681,-0.5843430000000001,-2.85754
19.2265,-0.7614850000000001,-3.1886
19.2744,-0.919012,-3.38046
19.3159,-1.0613299999999999,-3.4606
19.3574,-1.20482,-3.4323300000000003
19.3914,-1.3196,-3.30913
19.4254,-1.42845,-3.0815099999999997
19.4552,-1.5163,-2.78822
19.4851,-1.59406,-2.40615
19.5149,-1.65914,-1.9396400000000003
19.5448,-1.70915,-1.39942
19.5706,-1.7387299999999999,-0.885782
19.5964,-1.75465,-0.34404
19.6222,-1.7564,0.209396
19.6481,-1.7438900000000002,0.75725
19.6739,-1.71748,1.28273
19.6997,-1.6779700000000002,1.77079
19.7255,-1.62647,2.20917
19.7513,-1.56439,2.58906
19.7772,-1.4933100000000001,2.90529
19.8037,-1.41251,3.16265
19.8313,-1.32247,3.3581800000000004
19.8601,-1.22365,3.4900800000000003
19.8905,-1.11643,3.5575699999999997
19.9229,-1.00112,3.56066
19.9577,-0.877864,3.4998
19.9959,-0.746563,3.37525
20.0385,-0.606636,3.18587
20.0876,-0.45641400000000004,2.9262599999999996
20.1478,-0.290664,2.5765599999999997
20.2373,-0.0841683,2.0356
20.3268,0.07381739999999999,1.49529
20.4195,0.186804,0.944852
20.5304,0.255804,0.302625
20.6648,0.246346,-0.43370600000000004
20.7698,0.172773,-0.960522
20.8747,0.046559699999999996,-1.4363299999999999
20.9796,-0.12676500000000002,-1.85775
21.074,-0.317794,-2.1806900000000002
21.1469,-0.484175,-2.37542
21.2084,-0.6340720000000001,-2.48101
21.2624,-0.768935,-2.50818
21.3163,-0.903127,-2.4523900000000003
21.3608,-1.0097399999999999,-2.32819
21.4053,-1.10904,-2.1217599999999996
21.4498,-1.1972,-1.8267
21.4874,-1.26009,-1.50824
21.525,-1.3099,-1.1318
21.5626,-1.3446200000000001,-0.707484
21.6002,-1.36269,-0.24981399999999998
21.6378,-1.36321,0.223446
21.6754,-1.3459299999999998,0.693184
21.713,-1.31135,1.1411
21.7506,-1.26058,1.5517100000000001
21.7882,-1.19525,1.9138400000000002
21.8258,-1.11733,2.22128
21.8634,-1.0289,2.47273
21.901,-0.9320229999999999,2.67104
21.9403,-0.823852,2.82792
21.9821,-0.703067,2.94826
22.0272,-0.567763,3.03782
22.0772,-0.41418699999999997,3.1046099999999996
22.1346,-0.23433,3.15978
22.2056,-0.00784818,3.2198900000000004
22.2949,0.28321199999999996,3.29693
22.3843,0.580209,3.34155
22.4364,0.753923,3.3144699999999996
22.4819,0.9032959999999999,3.2301
22.5275,1.0470700000000002,3.06508
22.5653,1.15904,2.85142
22.603,1.26144,2.55766
22.6408,1.35115,2.17925
22.6732,1.41555,1.7892
22.7056,1.46642,1.34528
22.7379,1.5022,0.8587799999999999
22.7703,1.5217399999999999,0.345092
22.8027,1.52445,-0.17751199999999998
22.8351,1.5103600000000001,-0.689628
22.8674,1.48011,-1.17265
22.8998,1.4349100000000001,-1.61056
22.9322,1.3764399999999999,-1.9912400000000001
22.9646,1.3066799999999998,-2.30714
22.9969,1.22779,-2.55531
23.0293,1.14194,-2.7368099999999997
23.0629,1.04766,-2.85931
23.0984,0.9450209999999999,-2.92331
23.1361,0.8343799999999999,-2.92893
23.1768,0.716001,-2.87633
23.2215,0.589979,-2.76507
23.2714,0.45610600000000007,-2.59255
23.329,0.313537,-2.3506299999999998
23.3996,0.159245,-2.01388
23.5064,-0.026185900000000005,-1.4503700000000002
23.6131,-0.14868,-0.83635
23.7199,-0.203227,-0.178904
23.8423,-0.17693399999999998,0.6139140000000001
23.9516,-0.0701966,1.3418
24.0426,0.0798793,1.9555
24.1337,0.28583400000000003,2.56663
24.2247,0.546191,3.1407700000000003
24.2841,0.742286,3.45148
24.3312,0.909333,3.6238900000000003
24.3719,1.05837,3.68981
24.4126,1.20802,3.6494199999999997
24.4457,1.3272,3.51732
24.4789,1.4403,3.2808699999999997
24.5081,1.5318100000000001,2.9790900000000002
24.5373,1.6132,2.5871299999999997
24.5664,1.6818799999999998,2.1086400000000003
24.5956,1.73545,1.55379
24.6208,1.76803,1.0258200000000002
24.646,1.78688,0.46753199999999995
24.6712,1.7914599999999998,-0.104526
24.6963,1.78165,-0.6727380000000001
24.7215,1.75775,-1.21975
24.7467,1.7205099999999998,-1.7298099999999998
24.7719,1.6710200000000002,-2.1898
24.7971,1.61069,-2.59004
24.8223,1.54109,-2.9245400000000004
24.848000000000003,1.46214,-3.1960599999999997
24.8747,1.37408,-3.4031
24.9025,1.27739,-3.5435199999999996
24.9317,1.17256,-3.61591
24.9628,1.06006,-3.61954
24.9961,0.940271,-3.55398
25.0324,0.813516,-3.4184699999999997
25.0727,0.6799470000000001,-3.21075
25.1184,0.539399,-2.92455
25.1727,0.390782,-2.54267
25.2445,0.227635,-2.0019299999999998
25.3337,0.0799683,-1.3050899999999999
25.4229,-0.00503292,-0.59938
25.5266,-0.0246356,0.22046
25.641,0.051733900000000006,1.1114600000000001
25.737,0.19341,1.837
25.8329,0.403017,2.52202
25.9089,0.613374,2.99912
25.9633,0.784185,3.26764
26.0091,0.937602,3.4145300000000005
26.0495,1.0765799999999999,3.45756
26.0899,1.21522,3.3942
26.1234,1.32691,3.2429200000000002
26.156999999999996,1.43184,2.9897099999999996
26.1906,1.52645,2.62792
26.219,1.5956700000000001,2.23758
26.2473,1.65278,1.7753900000000002
26.2757,1.69587,1.2519
26.3041,1.7234099999999999,0.682516
26.3325,1.73436,0.0865388
26.3609,1.72827,-0.514407
26.3893,1.7053200000000002,-1.0983399999999999
26.4176,1.66628,-1.64494
26.445999999999998,1.61246,-2.13733
26.4744,1.54559,-2.5632200000000003
26.5028,1.46766,-2.91545
26.5312,1.38081,-3.19184
26.5595,1.2871700000000001,-3.39445
26.5889,1.1855200000000001,-3.53195
26.6197,1.0751600000000001,-3.60711
26.6526,0.956089,-3.6209599999999997
26.6881,0.828167,-3.5748599999999997
26.7271,0.690823,-3.47019
26.7708,0.542625,-3.3071599999999997
26.8216,0.380065,-3.08181
26.8859,0.191945,-2.7728200000000003
26.9739,-0.033125,-2.3412
27.0619,-0.22038400000000002,-1.9141
27.1549,-0.377477,-1.4622700000000002
27.2501,-0.49426499999999995,-0.990394
27.3315,-0.558175,-0.579256
27.4129,-0.58863,-0.170525
27.4943,-0.586404,0.220958
27.5757,-0.5535640000000001,0.579159
27.6571,-0.49336599999999997,0.8914780000000001
27.7385,-0.409851,1.15159
27.8199,-0.307302,1.35962
27.9013,-0.18979200000000002,1.52014
27.987,-0.0539009,1.6440700000000001
28.0867,0.11500999999999999,1.73511
28.1755,0.27076,1.76483
28.2539,0.408573,1.74059
28.3323,0.542148,1.6540000000000001
28.3968,0.6449090000000001,1.52409
28.4613,0.737329,1.33206
28.5257,0.81523,1.0733700000000002
28.5817,0.8677229999999999,0.796337
28.6376,0.903495,0.476754
28.6935,0.920449,0.125459
28.7494,0.9172,-0.24329099999999998
28.8053,0.8932059999999999,-0.613896
28.8612,0.84878,-0.971935
28.9172,0.784949,-1.30645
28.9731,0.7032229999999999,-1.61141
29.029,0.6053,-1.8860599999999998
29.0866,0.48911499999999997,-2.14155
29.1483,0.34923200000000004,-2.39259
29.2165,0.176973,-2.65662
29.2948,-0.042682300000000006,-2.95705
29.3801,-0.309076,-3.2842
29.4655,-0.602201,-3.57175
29.5161,-0.786287,-3.6817800000000003
29.5595,-0.9467030000000001,-3.70652
29.6028,-1.10625,-3.6365
29.6377,-1.23081,-3.49002
29.6726,-1.3486200000000002,-3.2469200000000003
29.7032,-1.44366,-2.94515
29.7339,-1.52814,-2.5575799999999997
29.7645,-1.5994700000000002,-2.08696
29.7951,-1.6552200000000001,-1.54262
29.8216,-1.68927,-1.02521
29.848000000000003,-1.7092200000000002,-0.478596
29.8745,-1.71449,0.08093289999999999
29.9009,-1.70497,0.63595
29.9274,-1.68103,1.1693
29.9539,-1.64343,1.6654400000000003
29.9803,-1.59334,2.11158
30.0068,-1.5322200000000001,2.49841
30.0332,-1.46171,2.82038
30.0603,-1.38168,3.08068
30.0883,-1.29239,3.2780400000000003
30.1176,-1.19433,3.4107199999999995
30.1484,-1.08797,3.47776
30.1812,-0.973714,3.4788300000000003
30.2165,-0.8519040000000001,3.4138699999999997
30.2551,-0.722733,3.28232
30.2979,-0.5861689999999999,3.08186
30.3469,-0.441723,2.80547
30.4057,-0.287558,2.4329400000000003
30.4868,-0.11253099999999999,1.8783
30.576999999999998,0.0278415,1.22922
30.6698,0.109948,0.5373479999999999
30.7788,0.123189,-0.29725300000000004
30.892,0.039824599999999995,-1.17569
30.9825,-0.0983183,-1.8764599999999998
31.074,-0.302116,-2.5724
31.1656,-0.567757,-3.2168400000000004
31.221999999999998,-0.758848,-3.5442
31.2678,-0.9257270000000001,-3.7324300000000004
31.3074,-1.0755299999999999,-3.8094099999999997
31.346999999999998,-1.2263,-3.77675
31.3795,-1.3469,-3.6478
31.4119,-1.46161,-3.41119
31.4404,-1.55469,-3.10605
31.4689,-1.63774,-2.70741
31.4974,-1.70813,-2.21863
31.5259,-1.76342,-1.64967
31.5504,-1.7974,-1.1067799999999999
31.575,-1.81759,-0.5308470000000001
31.5996,-1.82338,0.06137769999999999
31.6242,-1.8145799999999999,0.651918
31.6488,-1.7914700000000001,1.22294
31.6734,-1.75472,1.7580799999999999
31.698,-1.7054,2.24361
31.7226,-1.64485,2.6692099999999996
31.7472,-1.57464,3.02834
31.7722,-1.49506,3.3225
31.7981,-1.40611,3.5516900000000002
31.825,-1.30818,3.7139699999999998
31.8532,-1.2017200000000001,3.8081199999999997
31.8832,-1.08709,3.8337199999999996
31.9153,-0.964566,3.79089
31.9501,-0.834247,3.67975
31.9886,-0.695952,3.4994400000000003
32.0322,-0.548916,3.2461
32.0835,-0.390853,2.9073
32.1502,-0.21245100000000003,2.4351700000000003
32.2359,-0.030462799999999998,1.8116599999999998
32.3216,0.09792410000000001,1.18547
32.416,0.177399,0.499175
32.5361,0.185669,-0.356836
32.6457,0.105252,-1.1048200000000001
32.7552,-0.054828199999999994,-1.8097900000000002
32.8648,-0.28929699999999997,-2.45925
32.9425,-0.496454,-2.86118
33.0011,-0.6716489999999999,-3.10146
33.0505,-0.828367,-3.23287
33.0939,-0.9697600000000001,-3.2697599999999998
33.1373,-1.1107,-3.20798
33.1733,-1.22385,-3.06426
33.2093,-1.3301100000000001,-2.8238
33.2453,-1.42585,-2.47919
33.2757,-1.49576,-2.10635
33.3061,-1.55326,-1.6636799999999998
33.3365,-1.59635,-1.16123
33.3669,-1.62343,-0.614004
33.3973,-1.63343,-0.040926
33.4277,-1.6258700000000001,0.536741
33.4581,-1.60095,1.09748
33.4886,-1.55949,1.62161
33.519,-1.50286,2.09309
33.5494,-1.43284,2.50068
33.5798,-1.3514700000000002,2.8383700000000003
33.6102,-1.26092,3.10511
33.6406,-1.1633,3.30404
33.6723,-1.05633,3.44573
33.7057,-0.939363,3.5332199999999996
33.7416,-0.811898,3.56924
33.7806,-0.672848,3.5574
33.8238,-0.519918,3.5018199999999995
33.8736,-0.348075,3.4060599999999996
33.9348,-0.143719,3.2688099999999998
34.0189,0.123091,3.0765
34.1062,0.382918,2.87364
34.1734,0.5702520000000001,2.69158
34.2302,0.71775,2.49721
34.287,0.852677,2.24562
34.334,0.952385,1.98238
34.3811,1.0384200000000001,1.6643
34.4282,1.1082,1.29234
34.4695,1.15421,0.926901
34.5109,1.1845299999999999,0.5353319999999999
34.5523,1.19832,0.130616
34.5936,1.19536,-0.27223200000000003
34.635,1.17604,-0.657875
34.6764,1.14136,-1.01241
34.7177,1.09286,-1.32482
34.7591,1.03244,-1.58784
34.8005,0.962217,-1.79817
34.8426,0.882993,-1.95839
34.8864,0.794473,-2.07127
34.9326,0.696967,-2.1371900000000004
34.982,0.590721,-2.15671
35.0356,0.475743,-2.13022
35.0948,0.351624,-2.0569
35.1621,0.217142,-1.93219
35.2429,0.06848480000000001,-1.7399
35.3433,-0.0920694,-1.44933
35.4437,-0.220742,-1.10471
35.5441,-0.312046,-0.7048770000000001
35.6445,-0.360527,-0.25285
35.7449,-0.36142399999999997,0.240689
35.8568,-0.30225599999999997,0.821008
35.9832,-0.155977,1.49634
36.0781,0.010561,2.01385
36.1627,0.200596,2.48044
36.2472,0.42981099999999994,2.9353599999999997
36.3318,0.695293,3.32445
36.3812,0.863509,3.4769699999999997
36.4238,1.01312,3.53139
36.4664,1.16301,3.48489
36.501,1.28151,3.3527199999999997
36.5356,1.39376,3.1208299999999998
36.5659,1.48427,2.82738
36.5963,1.56456,2.44769
36.6266,1.63205,1.98541
36.657,1.6843700000000001,1.45065
36.6832,1.71583,0.943142
36.7094,1.73358,0.407915
36.7356,1.73711,-0.13881300000000002
36.7619,1.72635,-0.679858
36.7881,1.70167,-1.19842
36.8143,1.66385,-1.6793900000000002
36.8405,1.61405,-2.11035
36.8667,1.55372,-2.48234
36.8929,1.4844600000000001,-2.7900099999999997
36.9199,1.40584,-3.03723
36.9478,1.3183,-3.22135
36.977,1.2224,-3.34019
37.0077,1.11866,-3.39236
37.0405,1.0076,-3.377
37.0758,0.8896940000000001,-3.2933800000000004
37.1144,0.765389,-3.1400900000000003
37.1574,0.635046,-2.91363
37.2067,0.49887200000000004,-2.60533
37.266,0.356444,-2.1919999999999997
37.3482,0.201154,-1.5780299999999998
37.4406,0.0883421,-0.861915
37.5373,0.0418439,-0.0984482
37.6517,0.0825553,0.809475
37.7468,0.195035,1.5554700000000001
37.8418,0.377415,2.27615
37.9368,0.625395,2.92351
37.9927,0.797456,3.2248900000000003
38.0391,0.951509,3.3947199999999995
38.0797,1.09085,3.45546
38.1203,1.23054,3.40765
38.1538,1.34264,3.26816
38.1873,1.4483700000000002,3.02522
38.2169,1.53352,2.71885
38.2464,1.60833,2.32582
38.275999999999996,1.67029,1.85143
38.3056,1.71715,1.3072
38.3313,1.7442,0.7905369999999999
38.357,1.75761,0.248842
38.3828,1.7569299999999999,-0.301421
38.4085,1.74217,-0.8431690000000001
38.4342,1.71376,-1.36001
38.4599,1.6725400000000001,-1.8374700000000002
38.4857,1.6196700000000002,-2.26395
38.5114,1.55657,-2.63128
38.5371,1.48484,-2.9349
38.5638,1.4031,-3.1813
38.5915,1.31219,-3.36562
38.6205,1.21262,-3.4859199999999997
38.6511,1.10481,-3.54141
38.6838,0.9890629999999999,-3.5320699999999996
38.7191,0.865559,-3.4581800000000005
38.7578,0.734223,-3.31964
38.8012,0.594518,-3.11464
38.8515,0.44480299999999995,-2.83622
38.9138,0.279517,-2.45954
39.0049,0.0815038,-1.8902
39.0959,-0.0646348,-1.32216
39.191,-0.162537,-0.7389979999999999
39.3081,-0.208038,-0.0429622
39.4291,-0.171721,0.635005
39.55,-0.0567332,1.25571
39.671,0.129393,1.80975
39.7699,0.328325,2.20065
39.8426,0.49698100000000006,2.4315
39.9036,0.64961,2.56487
39.9566,0.7872180000000001,2.61393
40.0096,0.9252540000000001,2.57701
40.0529,1.03483,2.46595
40.0963,1.13778,2.26925
40.1344,1.21986,2.01871
40.1726,1.2909700000000002,1.6945700000000001
40.2108,1.34836,1.30126
40.249,1.38957,0.849332
40.2822,1.41076,0.420483
40.3155,1.41734,-0.026816200000000002
40.3487,1.4089399999999999,-0.47743
40.382,1.38571,-0.916168
40.4153,1.34828,-1.3292
40.4485,1.2977100000000001,-1.7052599999999998
40.4818,1.23536,-2.03641
40.515,1.1628,-2.3183700000000003
40.5494,1.07884,-2.5573200000000003
40.5852,0.983759,-2.7519
40.6227,0.877451,-2.9031700000000003
40.6626,0.759338,-3.01404
40.7056,0.6280819999999999,-3.08915
40.7528,0.48092299999999993,-3.13502
40.8064,0.31206300000000003,-3.16033
40.871,0.107454,-3.1766400000000004
40.9597,-0.175372,-3.19925
41.0514,-0.46961800000000004,-3.21093
41.1107,-0.659297,-3.17908
41.1607,-0.816331,-3.09905
41.2106,-0.967598,-2.94386
41.251000000000005,-1.08276,-2.74611
41.2914,-1.18841,-2.47189
41.3318,-1.28134,-2.11518
41.3661,-1.34775,-1.7482099999999998
41.4004,-1.4006399999999999,-1.32815
41.4347,-1.43835,-0.8654780000000001
41.468999999999994,-1.4596799999999999,-0.37499699999999997
41.5033,-1.46396,0.125399
41.5376,-1.45118,0.616482
41.5718,-1.422,1.0797
41.6061,-1.37763,1.49904
41.6404,-1.31982,1.86244
41.6747,-1.25062,2.16245
41.708999999999996,-1.17226,2.39627
41.7433,-1.08701,2.56517
41.7788,-0.9937,2.67636
41.8163,-0.8922040000000001,2.7311099999999997
41.8563,-0.782838,2.72959
41.8995,-0.665882,2.67185
41.9471,-0.541456,2.55709
42.0005,-0.40939200000000003,2.38199
42.0626,-0.268885,2.13654
42.1401,-0.116521,1.78866
42.2415,0.039771600000000004,1.2848600000000001
42.343,0.142617,0.73583
42.4484,0.18825,0.12356900000000001
42.5759,0.15449100000000002,-0.659377
42.6832,0.0472121,-1.3413
42.7745,-0.101991,-1.93002
42.8657,-0.304967,-2.517
42.957,-0.560227,-3.06606
43.0163,-0.7513890000000001,-3.3592400000000002
43.0638,-0.9149309999999999,-3.5194400000000003
43.1049,-1.0609,-3.57559
43.1459,-1.2071100000000001,-3.52675
43.1795,-1.32359,-3.3891199999999997
43.2131,-1.43375,-3.14922
43.2427,-1.52265,-2.8464099999999997
43.2723,-1.6012899999999999,-2.45626
43.3019,-1.66715,-1.9830599999999998
43.3315,-1.7179,-1.4375200000000001
43.3571,-1.74817,-0.9195629999999999
43.3827,-1.76478,-0.374342
43.4083,-1.7672599999999998,0.181725
43.4339,-1.75553,0.7313529999999999
43.4596,-1.7299799999999999,1.2577200000000002
43.4852,-1.6914099999999999,1.7457200000000002
43.5108,-1.64097,2.18303
43.5364,-1.58006,2.56071
43.562,-1.51031,2.87345
43.5884,-1.43106,3.12567
43.6157,-1.34285,3.31409
43.6443,-1.24624,3.43643
43.6744,-1.14174,3.49128
43.7065,-1.0298399999999999,3.47784
43.74100000000001,-0.9109940000000001,3.3954199999999997
43.7788,-0.785586,3.2427799999999998
43.8208,-0.653892,3.01668
43.8689,-0.515944,2.70891
43.9268,-0.370902,2.29711
44.0072,-0.210477,1.6865900000000003
44.0968,-0.0907307,0.984878
44.1903,-0.033236400000000006,0.24481999999999998
44.3012,-0.0547066,-0.630513
44.4025,-0.158528,-1.41602
44.5038,-0.340569,-2.17064
44.6051,-0.595724,-2.84672
44.662,-0.7668050000000001,-3.14839
44.7096,-0.920942,-3.32134
44.7511,-1.06051,-3.3863800000000004
44.7926,-1.20066,-3.3444800000000003
44.8268,-1.3130899999999999,-3.2112
44.861000000000004,-1.41923,-2.97542
44.8912,-1.50473,-2.67618
44.9214,-1.57989,-2.2906299999999997
44.9516,-1.6421599999999998,-1.8238
44.9817,-1.6892599999999998,-1.2869700000000002
45.008,-1.71639,-0.777041
45.0342,-1.7297799999999999,-0.24180500000000002
45.0604,-1.7289900000000002,0.30235700000000004
45.0866,-1.714,0.838433
45.1128,-1.68523,1.3501100000000001
45.1391,-1.64353,1.8230000000000002
45.1653,-1.59007,2.24563
45.1915,-1.5262799999999999,2.6099799999999997
45.2177,-1.45375,2.91166
45.2449,-1.37105,3.1573900000000004
45.2732,-1.27899,3.34263
45.3028,-1.17805,3.4658
45.3341,-1.06853,3.52656
45.3675,-0.950634,3.5254300000000005
45.4036,-0.8243229999999999,3.46335
45.4432,-0.689178,3.3411
45.4879,-0.544014,3.1579
45.54,-0.385774,2.9079
45.6064,-0.204046,2.56442
45.6972,0.00702465,2.0859400000000003
45.788000000000004,0.174897,1.61371
45.8846,0.306899,1.11796
45.9924,0.397926,0.572642
46.1002,0.430982,0.0452131
46.1924,0.41547399999999995,-0.375915
46.2845,0.362982,-0.755628
46.3767,0.27774899999999997,-1.08576
46.4688,0.164464,-1.36471
46.56100000000001,0.027736900000000002,-1.59509
46.6634,-0.146545,-1.79597
46.7498,-0.307091,-1.9135900000000001
46.8247,-0.45270299999999997,-1.96403
46.8907,-0.5823550000000001,-1.9531900000000002
46.9568,-0.709104,-1.8731099999999998
47.0117,-0.808709,-1.7409299999999999
47.0667,-0.8991969999999999,-1.54023
47.1216,-0.976667,-1.26698
47.1689,-1.0299,-0.9754709999999999
47.2162,-1.06823,-0.638518
47.2635,-1.08976,-0.26708000000000004
47.3108,-1.0931799999999998,0.12433599999999999
47.3581,-1.07794,0.519389
47.4054,-1.04424,0.90209
47.4527,-0.993009,1.2589299999999999
47.5001,-0.9257,1.58051
47.5474,-0.844115,1.8622599999999998
47.5947,-0.7501479999999999,2.10436
47.6434,-0.642329,2.3166
47.6951,-0.5173979999999999,2.50905
47.7514,-0.370973,2.69215
47.8147,-0.19445,2.88163
47.8896,0.029585400000000005,3.10143
47.9767,0.311023,3.35704
48.0638,0.61348,3.57115
48.1136,0.7930619999999999,3.63265
48.1568,0.949674,3.6180199999999996
48.1999,1.10379,3.51205
48.235,1.22451,3.33859
48.2702,1.3375299999999999,3.07272
48.3054,1.43945,2.7058400000000002
48.335,1.51407,2.31688
48.3647,1.57612,1.8592400000000002
48.3943,1.6237,1.34241
48.4239,1.65526,0.780984
48.4536,1.66975,0.193725
48.4832,1.6667,-0.397971
48.5129,1.6463299999999998,-0.972109
48.5425,1.60945,-1.5082200000000001
48.5722,1.55746,-1.98922
48.6018,1.49219,-2.40266
48.6314,1.4157600000000001,-2.7412900000000002
48.6611,1.33044,-3.00287
48.6907,1.2384899999999999,-3.1895
48.7212,1.13917,-3.3089800000000005
48.7534,1.03177,-3.3641199999999998
48.7876,0.916488,-3.35515
48.8246,0.793593,-3.28209
48.8651,0.663191,-3.14431
48.9105,0.5251020000000001,-2.93891
48.9628,0.37852199999999997,-2.65721
49.0268,0.220557,-2.2728099999999998
49.1235,0.0308757,-1.6453400000000002
49.2201,-0.09628869999999999,-0.9809950000000001
49.3179,-0.158147,-0.279123
49.4378,-0.138646,0.608019
49.5381,-0.0399362,1.36055
49.626999999999995,0.11051400000000002,2.0268900000000003
49.7158,0.319787,2.68197
49.8046,0.585464,3.2860300000000002
49.8596,0.774925,3.5903199999999997
49.9046,0.940693,3.7618
49.9437,1.08943,3.8246800000000003
49.9828,1.2385899999999999,3.77834
50.015,1.35809,3.63838
50.0471,1.47141,3.39151
50.0755,1.56329,3.07765
50.1038,1.64497,2.6715400000000002
50.1322,1.71386,2.17703
50.1605,1.76761,1.60456
50.185,1.80037,1.05881
50.2096,1.81932,0.481746
50.2341,1.8238900000000002,-0.10981800000000001
50.2587,1.8139599999999998,-0.697972
50.2832,1.78981,-1.26506
50.3077,1.7521799999999998,-1.7950099999999998
50.3323,1.7021400000000002,-2.27442
50.3568,1.64105,-2.69332
50.3813,1.5705,-3.04549
50.4064,1.4904600000000001,-3.33355
50.4323,1.40109,-3.55632
50.4593,1.30283,-3.71176
50.4876,1.19615,-3.7986
50.5177,1.08141,-3.81639
50.55,0.958933,-3.7650900000000003
50.5851,0.8288610000000001,-3.64459
50.6238,0.6910890000000001,-3.45361
50.6678,0.544987,-3.18752
50.7197,0.388527,-2.83228
50.7877,0.21283400000000002,-2.3344099999999997
50.8734,0.0403066,-1.68677
50.9592,-0.076401,-1.03444
51.0554,-0.14078800000000002,-0.30549
51.1833,-0.118737,0.6451899999999999
51.2883,-0.0112058,1.39624
51.3934,0.17333900000000002,2.10928
51.4985,0.429903,2.75973
51.5625,0.617448,3.09178
51.6146,0.784241,3.2933800000000004
51.6594,0.9342440000000001,3.3889699999999996
51.7042,1.08637,3.3833
51.7404,1.20725,3.2837400000000003
51.7765,1.32273,3.08275
51.8082,1.41621,2.81482
51.8398,1.4998,2.4571
51.8714,1.5706799999999999,2.01179
51.8993,1.6205399999999999,1.5530000000000002
51.9272,1.65687,1.04345
51.9551,1.6784400000000002,0.497605
51.983000000000004,1.6844700000000001,-0.06716889999999999
52.0109,1.6746900000000002,-0.632001
52.0388,1.64937,-1.17814
52.0667,1.60927,-1.68858
52.0946,1.5556,-2.1493700000000002
52.1225,1.4898799999999999,-2.55055
52.1504,1.4138600000000001,-2.8864400000000003
52.1783,1.32941,-3.1555
52.2072,1.2353100000000001,-3.36533
52.2373,1.13154,-3.5165
52.269,1.01817,-3.60974
52.3029,0.895058,-3.6467699999999996
52.3395,0.761649,-3.63021
52.3798,0.6166149999999999,-3.5631
52.4253,0.45706199999999997,-3.4479
52.4791,0.276041,-3.28355
52.5513,0.0473346,-3.0476799999999997
52.635,-0.196302,-2.77515
52.7222,-0.42581,-2.48363
52.7898,-0.58541,-2.23086
52.8495,-0.710871,-1.97143
52.9091,-0.819541,-1.66609
52.9609,-0.898084,-1.35923
53.0127,-0.9597540000000001,-1.01556
53.0645,-1.00281,-0.642497
53.1163,-1.02604,-0.252625
53.1681,-1.02898,0.13786199999999998
53.22,-1.01205,0.511519
53.2718,-0.976543,0.8522879999999999
53.3236,-0.9245129999999999,1.14771
53.3754,-0.858526,1.3902299999999999
53.4272,-0.781408,1.57736
53.479,-0.6959960000000001,1.71098
53.5319,-0.603085,1.7972700000000001
53.5879,-0.500959,1.8413700000000002
53.6484,-0.389233,1.8441900000000002
53.7152,-0.267178,1.80489
53.7913,-0.132826,1.71829
53.8848,0.0209967,1.5633700000000001
53.9835,0.16505899999999998,1.34744
54.0822,0.285089,1.0756
54.1809,0.37537800000000004,0.744306
54.2795,0.43007399999999996,0.355211
54.3782,0.443906,-0.0815738
54.4769,0.412948,-0.5495899999999999
54.5798,0.330597,-1.0532700000000002
54.6861,0.190574,-1.5811600000000001
54.7924,-0.00600416,-2.1177
54.8763,-0.201683,-2.54733
54.9602,-0.433154,-2.96588
55.0336,-0.662766,-3.28185
55.0847,-0.834917,-3.4355900000000004
55.1284,-0.986411,-3.49197
55.172,-1.13832,-3.44941
55.2073,-1.2578200000000002,-3.32228
55.2425,-1.37116,-3.09668
55.2733,-1.46249,-2.81008
55.3042,-1.54366,-2.43775
55.335,-1.61205,-1.9829700000000001
55.3659,-1.66526,-1.4555
55.3925,-1.6973799999999999,-0.95505
55.419,-1.7157799999999999,-0.42652799999999996
55.4456,-1.7199400000000002,0.113975
55.4722,-1.70977,0.649343
55.4988,-1.6856200000000001,1.1628
55.5254,-1.64828,1.6392
55.5519,-1.5989200000000001,2.06613
55.5785,-1.53896,2.43456
55.6051,-1.4700600000000001,2.73912
55.6324,-1.3918700000000002,2.98331
55.6606,-1.3048,3.1649
55.6902,-1.20938,3.28177
55.7214,-1.10616,3.3325199999999997
55.7545,-0.9956659999999999,3.3163
55.7903,-0.878387,3.23233
55.8294,-0.754785,3.07912
55.873000000000005,-0.625267,2.85307
55.923,-0.49012,2.54528
55.9832,-0.349096,2.13211
56.067,-0.196144,1.51614
56.1608,-0.08748550000000001,0.797478
56.2592,-0.04680019999999999,0.027083799999999998
56.3753,-0.0967687,-0.8878209999999999
56.4682,-0.21296199999999998,-1.61312
56.56100000000001,-0.395573,-2.31402
56.6539,-0.640452,-2.94192
56.7091,-0.8115100000000001,-3.23598
56.7551,-0.964549,-3.39946
56.7954,-1.10294,-3.4543699999999995
56.8357,-1.2414399999999999,-3.4005699999999996
56.869,-1.35264,-3.25604
56.9024,-1.4573200000000002,-3.00835
56.9357,-1.55193,-2.65073
56.9637,-1.62106,-2.26461
56.9918,-1.6783299999999999,-1.80625
57.0199,-1.72184,-1.28615
57.0479,-1.75006,-0.719638
57.076,-1.7619599999999997,-0.125997
57.104,-1.75708,0.473109
57.1321,-1.73557,1.05556
57.1601,-1.6982,1.60079
57.1882,-1.6462599999999998,2.09156
57.2162,-1.5814700000000002,2.51515
57.2443,-1.50583,2.8639200000000002
57.2724,-1.42149,3.13517
57.3004,-1.3306200000000001,3.33054
57.3293,-1.23253,3.45755
57.3596,-1.12645,3.51894
57.391999999999996,-1.01258,3.5147699999999995
57.4268,-0.8911479999999999,3.4451199999999997
57.4649,-0.762216,3.3097300000000005
57.5075,-0.625495,3.1067299999999998
57.5565,-0.479897,2.82972
57.6163,-0.321696,2.4576
57.7078,-0.12403499999999999,1.8616700000000002
57.7992,0.0188406,1.26301
57.8932,0.10898499999999998,0.6570050000000001
58.0086,0.14285799999999998,-0.0646021
58.1331,0.0883678,-0.802175
58.2576,-0.0544852,-1.48194
58.3821,-0.277636,-2.08803
58.4604,-0.454233,-2.41065
58.5246,-0.6159,-2.61551
58.5791,-0.761787,-2.72286
58.6336,-0.9112319999999999,-2.74114
58.6769,-1.02851,-2.6719999999999997
58.7201,-1.1409,-2.51241
58.7576,-1.23116,-2.29145
58.795,-1.3116299999999999,-1.9895599999999998
58.8325,-1.3792799999999998,-1.6083
58.8654,-1.4258600000000001,-1.21444
58.8983,-1.4587,-0.775555
58.9312,-1.47655,-0.30530100000000004
58.9641,-1.47862,0.179978
58.997,-1.4647299999999999,0.66273
59.0299,-1.43523,1.1259
59.0628,-1.3910200000000001,1.55455
59.0957,-1.33345,1.9371200000000002
59.1286,-1.26415,2.26614
59.1615,-1.18496,2.53837
59.1949,-1.0964200000000002,2.75715
59.2296,-0.997509,2.92762
59.2662,-0.887927,3.05172
59.3053,-0.7671100000000001,3.13233
59.3475,-0.633789,3.1738
59.3942,-0.485324,3.18186
59.4475,-0.31604499999999996,3.1634900000000004
59.5126,-0.11143199999999999,3.12627
59.6011,0.163127,3.07596
59.6944,0.447309,3.01484
59.7565,0.6325149999999999,2.93919
59.809,0.7842979999999999,2.8263700000000003
59.8616,0.928444,2.6448
59.9045,1.03746,2.43078
59.9473,1.13584,2.14794
59.9902,1.22056,1.7926900000000001
60.027,1.27997,1.4329100000000001
60.0637,1.32534,1.02936
60.1005,1.35524,0.593431
60.1372,1.36874,0.14013299999999998
60.174,1.36553,-0.313338
60.2107,1.3459299999999998,-0.7493989999999999
60.2475,1.3108600000000001,-1.15196
60.2842,1.26183,-1.5079799999999999
60.321000000000005,1.20071,-1.8085099999999998
60.3577,1.12964,-2.0489599999999997
60.3945,1.05085,-2.22884
60.4322,0.9641129999999999,-2.35358
60.4719,0.8691450000000001,-2.4250599999999998
60.5141,0.766318,-2.44333
60.5595,0.6560239999999999,-2.4083200000000002
60.6091,0.538555,-2.31941
60.6644,0.414041,-2.174
60.728,0.282304,-1.96445
60.805,0.14206300000000002,-1.6683599999999998
60.9215,-0.0232669,-1.1589399999999999
61.038000000000004,-0.125628,-0.5889300000000001
61.1545,-0.158474,0.032781
61.2934,-0.0994574,0.824564
61.3923,0.0109153,1.41089
61.4823,0.162321,1.95459
61.5723,0.362642,2.49412
61.6623,0.609938,2.9875
61.7194,0.788058,3.23334
61.7664,0.943364,3.3605699999999996
61.8075,1.08231,3.3891400000000003
61.8486,1.2203899999999999,3.31483
61.8826,1.3307200000000001,3.15823
61.9166,1.4340700000000002,2.90351
61.9506,1.527,2.54454
61.9793,1.5946799999999999,2.16115
62.008,1.6503700000000001,1.70993
62.0367,1.6922599999999999,1.2015200000000001
62.0654,1.71892,0.65125
62.0941,1.72941,0.0781282
62.1228,1.72338,-0.496704
62.1515,1.7011,-1.05188
62.1802,1.6634,-1.56776
62.2088,1.61166,-2.02808
62.2375,1.54766,-2.4210599999999998
62.2662,1.4734399999999999,-2.73984
62.2949,1.39116,-2.98232
62.3236,1.30301,-3.15045
62.3534,1.20743,-3.25177
62.3849,1.1044200000000002,-3.28645
62.4184,0.9944620000000001,-3.25356
62.4547,0.87808,-3.1520099999999998
62.4945,0.755814,-2.97972
62.5392,0.6281899999999999,-2.7319999999999998
62.5908,0.495659,-2.39756
62.6541,0.358031,-1.9454200000000001
62.7544,0.20086800000000002,-1.1830399999999999
62.8546,0.121486,-0.398298
62.9566,0.121822,0.40460300000000005
63.068000000000005,0.21530100000000002,1.2711299999999999
63.1584,0.361239,1.9505700000000001
63.2489,0.5664520000000001,2.57363
63.3124,0.741927,2.93749
63.363,0.896444,3.1480599999999996
63.4066,1.0361200000000002,3.2437099999999996
63.4502,1.17773,3.23163
63.4856,1.29045,3.1231299999999997
63.521,1.39754,2.91181
63.552,1.48367,2.63545
63.5829,1.55989,2.27222
63.6139,1.6235700000000002,1.8264099999999999
63.6449,1.67229,1.3086799999999998
63.6716,1.70075,0.817508
63.6983,1.7157,0.299501
63.725,1.71665,-0.229248
63.7517,1.7035200000000001,-0.751859
63.7784,1.6767,-1.252
63.8051,1.63699,-1.71511
63.8318,1.58555,-2.12947
63.8585,1.52379,-2.48671
63.8852,1.45331,-2.78211
63.9128,1.37315,-3.0209099999999998
63.9414,1.2839200000000002,-3.1996599999999997
63.9714,1.1860899999999999,-3.3165699999999996
64.003,1.08005,-3.37092
64.0368,0.9661200000000001,-3.3627300000000004
64.0733,0.84444,-3.2923400000000003
64.1134,0.714905,-3.15977
64.1585,0.5768949999999999,-2.96338
64.2108,0.42855200000000004,-2.69639
64.2765,0.26339,-2.33318
64.3705,0.06921000000000001,-1.7985099999999998
64.4645,-0.074895,-1.26988
64.5637,-0.173794,-0.7266090000000001
64.6877,-0.223208,-0.0762823
64.8086,-0.196374,0.511567
64.9294,-0.102013,1.03948
65.0502,0.052072400000000005,1.49925
65.1711,0.257207,1.8817099999999998
65.2503,0.41444899999999996,2.0752599999999997
65.3185,0.560076,2.1858400000000002
65.3781,0.691674,2.22107
65.4377,0.823149,2.17815
65.4866,0.927275,2.0693200000000003
65.5354,1.0242200000000001,1.88284
65.5843,1.11001,1.61229
65.6256,1.17062,1.3188799999999998
65.6668,1.21799,0.970888
65.708,1.25006,0.578216
65.7492,1.26525,0.155083
65.7905,1.2626600000000001,-0.28127199999999997
65.8317,1.24213,-0.712549
65.8729,1.20422,-1.1216
65.9141,1.15015,-1.49443
65.9554,1.0816299999999999,-1.82151
65.9966,1.00066,-2.09835
66.0378,0.909315,-2.32516
66.0796,0.808137,-2.5082400000000002
66.1237,0.6942189999999999,-2.65778
66.1709,0.565508,-2.78002
66.2229,0.418419,-2.88326
66.2818,0.24553699999999998,-2.97962
66.35300000000001,0.0295075,-3.08802
66.4452,-0.261736,-3.23076
66.5374,-0.565307,-3.34415
66.5905,-0.743692,-3.3568599999999997
66.6365,-0.897077,-3.30643
66.6825,-1.04633,-3.1726900000000002
66.72,-1.16224,-2.9838400000000003
66.7576,-1.2695100000000001,-2.71108
66.7952,-1.36484,-2.3478
66.827,-1.43379,-1.96895
66.8589,-1.48969,-1.53059
66.8908,-1.53081,-1.04302
66.9226,-1.5558,-0.521139
66.9545,-1.56386,0.0166857
66.9864,-1.5547799999999998,0.550271
67.0182,-1.52904,1.05964
67.0501,-1.4877,1.52696
67.082,-1.43232,1.93813
67.1138,-1.3648799999999999,2.2837
67.1457,-1.2875299999999998,2.5590900000000003
67.1776,-1.2025299999999999,2.76417
67.21,-1.11058,2.9041200000000003
67.2439,-1.01052,2.98366
67.2799,-0.9025620000000001,3.00299
67.3186,-0.787047,2.96211
67.3607,-0.664234,2.8606599999999998
67.4074,-0.534203,2.69672
67.4606,-0.39669299999999996,2.4644
67.5239,-0.25051799999999996,2.1468599999999998
67.6084,-0.0886745,1.68019
67.7085,0.0500185,1.0837299999999999
67.8086,0.12708,0.450115
67.9226,0.135545,-0.306834
68.0464,0.045262300000000005,-1.15554
68.138,-0.08985850000000001,-1.79309
68.2318,-0.288478,-2.4419299999999997
68.3255,-0.5465720000000001,-3.05182
68.38600000000001,-0.741495,-3.37998
68.4337,-0.907518,-3.5638699999999996
68.4748,-1.05582,-3.6388800000000003
68.5159,-1.2051100000000001,-3.60699
68.5494,-1.3239,-3.4816199999999995
68.5828,-1.43679,-3.25163
68.6121,-1.5280799999999999,-2.95572
68.6415,-1.60937,-2.56947
68.6708,-1.67803,-2.0964400000000003
68.7002,-1.73165,-1.54672
68.7255,-1.76425,-1.02372
68.7508,-1.7832,-0.47019099999999997
68.7761,-1.78793,0.0974171
68.8014,-1.7783,0.661533
68.8267,-1.75463,1.20484
68.852,-1.71764,1.7115799999999999
68.8773,-1.6684299999999999,2.16865
68.9026,-1.60839,2.56635
68.9279,-1.53911,2.89865
68.9538,-1.46054,3.16814
68.9805,-1.37291,3.37345
69.0084,-1.27668,3.51245
69.0377,-1.17236,3.5837
69.0689,-1.0604,3.5864300000000005
69.1024,-0.9412209999999999,3.52017
69.1389,-0.815134,3.38412
69.1793,-0.6823130000000001,3.17596
69.2253,-0.542619,2.8893400000000002
69.28,-0.394983,2.5068799999999998
69.3525,-0.23280900000000002,1.9638200000000001
69.4416,-0.0884484,1.27359
69.5307,-0.00599212,0.5765560000000001
69.6347,0.0117708,-0.233422
69.7496,-0.06576280000000001,-1.11216
69.8473,-0.20997800000000003,-1.83405
69.945,-0.42277200000000004,-2.5097
70.0173,-0.620354,-2.94425
70.0717,-0.787725,-3.1987799999999997
70.1177,-0.938326,-3.3348199999999997
70.1637,-1.0929,-3.3662
70.2002,-1.21479,-3.2939300000000005
70.2367,-1.33219,-3.1176
70.2683,-1.42718,-2.8704099999999997
70.3,-1.51288,-2.53081
70.3316,-1.58639,-2.1000400000000004
70.3593,-1.63855,-1.65409
70.3871,-1.67757,-1.15429
70.4148,-1.70215,-0.6146560000000001
70.4425,-1.71143,-0.052365999999999996
70.4702,-1.70502,0.513574
70.4979,-1.6831099999999999,1.0639399999999999
70.5256,-1.6463599999999998,1.58094
70.5533,-1.5959299999999998,2.04966
70.581,-1.53331,2.45903
70.6087,-1.4602600000000001,2.80231
70.6365,-1.37863,3.0769900000000003
70.6647,-1.28849,3.28784
70.6942,-1.1892399999999999,3.43776
70.7252,-1.08104,3.5269199999999996
70.7582,-0.9640049999999999,3.5560699999999996
70.7938,-0.838008,3.52664
70.8326,-0.7025060000000001,3.44029
70.876,-0.556122,3.29797
70.9262,-0.39557,3.09746
70.9885,-0.211115,2.8239099999999997
71.07600000000001,0.018940900000000004,2.42992
71.1636,0.21467600000000003,2.04068
71.2565,0.385038,1.62703
71.3507,0.517993,1.19307
71.4275,0.595567,0.824154
71.5043,0.644414,0.446747
71.5812,0.6642979999999999,0.0726421
71.658,0.656065,-0.282408
71.7348,0.621794,-0.60275
71.8117,0.5646399999999999,-0.876554
71.8885,0.488447,-1.0978700000000001
71.9653,0.397283,-1.26664
72.0422,0.295049,-1.3869799999999999
72.1218,0.181068,-1.46707
72.2098,0.0497939,-1.5098200000000002
72.3169,-0.112147,-1.50314
72.4104,-0.250244,-1.44268
72.5039,-0.37999,-1.32266
72.5825,-0.47819399999999995,-1.16721
72.6611,-0.562006,-0.9557959999999999
72.7397,-0.626934,-0.686891
72.8183,-0.668602,-0.365394
72.8969,-0.683305,-0.00327273
72.9755,-0.668501,0.382307
73.0541,-0.623073,0.773097
73.1327,-0.547218,1.15467
73.2113,-0.44198699999999996,1.52014
73.2899,-0.308636,1.8711400000000002
73.3715,-0.141408,2.22864
73.4603,0.0740914,2.62112
73.5492,0.32461799999999996,3.0139099999999996
73.6381,0.608715,3.36424
73.6905,0.788985,3.5078300000000002
73.735,0.9464819999999999,3.5593
73.7795,1.10425,3.5147
73.8151,1.22733,3.38824
73.8506,1.34422,3.16452
73.8817,1.43846,2.8803099999999997
73.9129,1.52252,2.50995
73.944,1.59374,2.05592
73.9751,1.64965,1.52728
74.0018,1.68386,1.02516
74.0285,1.7042099999999998,0.493208
74.0553,1.7101099999999998,-0.052524400000000006
74.082,1.70143,-0.594779
74.1088,1.67849,-1.1165
74.1355,1.64205,-1.60216
74.1622,1.59324,-2.03892
74.189,1.5335299999999998,-2.41735
74.2157,1.46454,-2.7317400000000003
74.243,1.3863299999999998,-2.9845599999999997
74.2713,1.2991,-3.17489
74.3008,1.20335,-3.3008300000000004
74.3319,1.09958,-3.3611400000000002
74.365,0.988284,-3.3551300000000004
74.4006,0.8699110000000001,-3.2823
74.4395,0.744835,-3.1415900000000003
74.4828,0.6133270000000001,-2.93003
74.5322,0.475447,-2.6398900000000003
74.5914,0.33056199999999997,-2.25041
74.6716,0.17266099999999998,-1.6817400000000002
74.7658,0.0470026,-0.9814879999999999
74.8631,-0.0124059,-0.23735
74.9802,0.013070600000000002,0.674004
75.0774,0.115478,1.43234
75.1639,0.26836,2.0981400000000003
75.2505,0.477724,2.7315400000000003
75.3219,0.68975,3.18788
75.373,0.859117,3.4367
75.4162,1.01072,3.56425
75.4594,1.1656,3.5828
75.4938,1.28786,3.4966800000000005
75.5283,1.40534,3.30323
75.5582,1.5004899999999999,3.03817
75.5882,1.5863,2.67865
75.6181,1.65995,2.22637
75.6444,1.71243,1.7597200000000002
75.6706,1.7519099999999999,1.23848
75.6969,1.7771400000000002,0.676962
75.7232,1.7872700000000001,0.0926284
75.7494,1.78197,-0.495224
75.7757,1.7614,-1.06703
75.80199999999999,1.72622,-1.60455
75.8282,1.6775400000000003,-2.09234
75.8545,1.61684,-2.51867
75.8808,1.54583,-2.87608
75.907,1.46638,-3.16135
75.9338,1.37886,-3.37808
75.9616,1.28273,-3.52906
75.9908,1.17826,-3.61352
76.0217,1.06586,-3.63099
76.055,0.945815,-3.58143
76.0911,0.81829,-3.4647
76.1311,0.683184,-3.27958
76.1766,0.539854,-3.02155
76.2305,0.38616500000000004,-2.67666
76.30199999999999,0.21214299999999997,-2.18876
76.3886,0.048653800000000004,-1.58365
76.4753,-0.0623819,-0.9797739999999999
76.5748,-0.125753,-0.296187
76.7074,-0.10616600000000001,0.58418
76.8194,-0.00105696,1.28589
76.9314,0.17995,1.93775
77.0433,0.430119,2.51347
77.1077,0.600789,2.77928
77.1621,0.7567,2.93743
77.2094,0.8975280000000001,3.00045
77.2568,1.03919,2.9683599999999997
77.2955,1.15218,2.85305
77.3342,1.25892,2.64378
77.3683,1.34463,2.375
77.4023,1.41982,2.02533
77.4364,1.48176,1.5988799999999999
77.4705,1.528,1.10606
77.5,1.5538399999999999,0.637528
77.5296,1.56545,0.145424
77.5591,1.56236,-0.35446
77.5887,1.5445799999999998,-0.845829
77.6182,1.5126,-1.31329
77.6478,1.46733,-1.7436
77.6773,1.41001,-2.12665
77.7069,1.34217,-2.45592
77.7369,1.26409,-2.73257
77.7679,1.1756799999999998,-2.9574
77.8003,1.0770899999999999,-3.1299900000000003
77.8343,0.9683709999999999,-3.25106
77.8705,0.84926,-3.3226699999999996
77.9095,0.718996,-3.3481
77.9523,0.575889,-3.33165
78.0006,0.41635200000000006,-3.27815
78.0575,0.231922,-3.19151
78.1342,-0.00805186,-3.06561
78.2248,-0.278915,-2.9197
78.3034,-0.503166,-2.77631
78.3638,-0.666558,-2.62913
78.4166,-0.80101,-2.45293
78.4694,-0.9246040000000001,-2.21549
78.5143,-1.01842,-1.9562
78.5592,-1.09933,-1.6402299999999999
78.6041,-1.16482,-1.2697
78.6489,-1.21261,-0.853203
78.6876,-1.23824,-0.468336
78.7263,-1.24872,-0.0727685
78.765,-1.24391,0.319456
78.8037,-1.22422,0.694231
78.8424,-1.19056,1.03884
78.8811,-1.1443299999999998,1.34314
78.9198,-1.08721,1.60029
78.9586,-1.02111,1.8069
78.9988,-0.9450149999999999,1.9679400000000002
79.0407,-0.8598540000000001,2.08065
79.085,-0.7662439999999999,2.1442900000000003
79.1321,-0.664674,2.15879
79.183,-0.555513,2.12407
79.2389,-0.43898400000000004,2.03913
79.3017,-0.315075,1.9002700000000001
79.3748,-0.183239,1.69658
79.4674,-0.039918199999999994,1.39135
79.5895,0.102059,0.9233819999999999
79.7115,0.182755,0.388321
79.8336,0.194499,-0.20434000000000002
79.973,0.115728,-0.933001
80.0711,-0.00188213,-1.46852
80.1618,-0.15802,-1.97545
80.2525,-0.360217,-2.48037
80.3432,-0.606727,-2.94165
80.4009,-0.783409,-3.1694299999999997
80.4484,-0.9371370000000001,-3.2836199999999995
80.49,-1.07443,-3.30245
80.5316,-1.2105,-3.22055
80.5661,-1.3191,-3.05954
80.6006,-1.42051,-2.80278
80.6351,-1.5113299999999998,-2.4447900000000002
80.6643,-1.57726,-2.06426
80.6935,-1.63111,-1.6185399999999999
80.7226,-1.67114,-1.1185100000000001
80.7518,-1.6959799999999998,-0.579576
80.781,-1.70475,-0.0205935
80.8101,-1.6971900000000002,0.537656
80.8393,-1.6736,1.07438
80.8685,-1.63491,1.57066
80.8976,-1.58253,2.01104
80.9268,-1.51825,2.38453
80.956,-1.44414,2.68497
80.9851,-1.36236,2.91078
81.0143,-1.27505,3.0642400000000003
81.0449,-1.1799,3.15311
81.0772,-1.0774299999999999,3.17603
81.1118,-0.9682280000000001,3.1318599999999996
81.1492,-0.8528959999999999,3.0192200000000002
81.1904,-0.732055,2.83553
81.2368,-0.6063810000000001,2.5751
81.2908,-0.476584,2.22443
81.3581,-0.342841,1.7451299999999998
81.4542,-0.20975100000000002,1.01955
81.5503,-0.147553,0.27300100000000005
81.652,-0.160315,-0.523763
81.7587,-0.26045300000000005,-1.35048
81.8471,-0.409107,-2.00957
81.9354,-0.61366,-2.60711
81.9964,-0.7835340000000001,-2.94285
82.0458,-0.9338200000000001,-3.13234
82.0885,-1.06974,-3.2092099999999997
82.1313,-1.2067299999999999,-3.178
82.1663,-1.31602,-3.05388
82.2013,-1.41923,-2.82815
82.23200000000001,-1.5019799999999999,-2.54011
82.2628,-1.57457,-2.16787
82.2935,-1.63448,-1.71681
82.3243,-1.67946,-1.1984700000000001
82.3509,-1.7049400000000001,-0.707875
82.3776,-1.7169999999999999,-0.194071
82.4043,-1.71523,0.326871
82.4309,-1.69965,0.8383700000000001
82.4576,-1.6707400000000001,1.3246200000000001
82.4842,-1.6293600000000001,1.7718
82.5109,-1.5767,2.16892
82.5376,-1.51421,2.50842
82.5646,-1.4424700000000001,2.78955
82.5925,-1.36153,3.0121599999999997
82.6214,-1.27181,3.17398
82.6518,-1.17377,3.27338
82.6839,-1.06784,3.30953
82.7183,-0.9543780000000001,3.2822199999999997
82.7555,-0.833621,3.19136
82.7966,-0.705591,3.03622
82.8429,-0.56988,2.8137
82.8973,-0.42496000000000006,2.51402
82.9668,-0.264374,2.1011900000000003
83.0631,-0.0901902,1.51509
83.1595,0.0277398,0.9356180000000001
83.26299999999999,0.0931079,0.33115
83.397,0.08717639999999999,-0.410681
83.522,-0.00449317,-1.04645
83.6469,-0.171571,-1.61529
83.7426,-0.344515,-1.9907400000000002
83.8176,-0.503292,-2.22857
83.8807,-0.648492,-2.36705
83.9356,-0.780402,-2.4207400000000003
83.9906,-0.9130280000000001,-2.3892700000000002
84.0356,-1.01847,-2.28389
84.0806,-1.11733,-2.0948
84.1202,-1.19579,-1.85332
84.1599,-1.26328,-1.5410700000000002
84.1995,-1.3170600000000001,-1.16306
84.2391,-1.35474,-0.7302310000000001
84.2737,-1.37296,-0.32069899999999996
84.3082,-1.3767200000000002,0.10452
84.3428,-1.3657299999999999,0.530671
84.3774,-1.3402,0.9431950000000001
84.4119,-1.30083,1.3290899999999999
84.4465,-1.24874,1.67803
84.4811,-1.18533,1.9830400000000001
84.5161,-1.11116,2.24385
84.5522,-1.02599,2.46191
84.5899,-0.9298049999999999,2.63753
84.6296,-0.82235,2.77238
84.6719,-0.7028479999999999,2.8698200000000003
84.7177,-0.569605,2.9350099999999997
84.7686,-0.419129,2.97512
84.8273,-0.243808,2.99978
84.9005,-0.023259900000000003,3.02258
84.9928,0.257144,3.05508
85.0866,0.544725,3.06395
85.1427,0.7156,3.0219400000000003
85.1915,0.8609690000000001,2.92936
85.2403,1.0000799999999999,2.76182
85.2806,1.10756,2.55182
85.321,1.2051,2.26795
85.3613,1.2896100000000001,1.9068200000000002
85.396,1.34945,1.53766
85.4307,1.39565,1.1212
85.4653,1.42676,0.6689729999999999
85.5,1.44179,0.1962
85.5346,1.44032,-0.279542
85.5693,1.42258,-0.74007
85.604,1.3894,-1.16846
85.6386,1.34212,-1.55067
85.6733,1.2825600000000001,-1.87663
85.7079,1.21275,-2.14066
85.7426,1.1349,-2.34134
85.7779,1.0496299999999998,-2.48272
85.8148,0.9562309999999999,-2.56819
85.8539,0.8550629999999999,-2.5976
85.8958,0.74659,-2.57072
85.9413,0.631234,-2.48698
85.9917,0.509346,-2.3444700000000003
86.0488,0.381168,-2.1377
86.1161,0.24665700000000002,-1.8519999999999999
86.2029,0.103572,-1.43918
86.3192,-0.0289327,-0.8299
86.4355,-0.0875038,-0.169654
86.5679,-0.0575476,0.629333
86.6697,0.0388734,1.2675100000000001
86.76,0.17921800000000002,1.84265
86.8502,0.371386,2.41178
86.9405,0.6132449999999999,2.93273
86.9983,0.790837,3.1972099999999997
87.0456,0.945688,3.3372300000000004
87.0868,1.0844200000000002,3.3757
87.1281,1.22269,3.31008
87.1621,1.3331,3.1598900000000003
87.1962,1.43674,2.9106099999999997
87.2302,1.5301,2.55587
87.2589,1.59809,2.17585
87.2876,1.65419,1.7271299999999998
87.3162,1.69655,1.22027
87.3449,1.72373,0.670505
87.3736,1.7347599999999999,0.0968605
87.4022,1.7292599999999998,-0.479441
87.4309,1.7074599999999998,-1.03688
87.4596,1.67019,-1.55559
87.4882,1.61881,-2.01907
87.5169,1.55508,-2.41529
87.5456,1.48105,-2.7372
87.5742,1.39889,-2.9825
87.6029,1.31077,-3.1530299999999998
87.6326,1.21546,-3.25616
87.6639,1.11274,-3.29256
87.6973,1.00306,-3.26135
87.7334,0.8869530000000001,-3.1614299999999997
87.773,0.764945,-2.99077
87.8174,0.637547,-2.74479
87.8686,0.505179,-2.41249
87.9314,0.367558,-1.96355
88.0305,0.21009099999999997,-1.21123
88.1295,0.128328,-0.438705
88.2301,0.12383499999999999,0.348756
88.34100000000001,0.21011799999999997,1.20405
88.4337,0.353908,1.8925599999999998
88.5264,0.559185,2.52231
88.5904,0.732712,2.88348
88.6417,0.886251,3.09347
88.6858,1.02519,3.18927
88.7299,1.1661,3.17813
88.7657,1.27825,3.07113
88.8015,1.38479,2.8620900000000002
88.8328,1.47041,2.58848
88.8642,1.5461,2.22874
88.8955,1.60922,1.78722
88.9268,1.65735,1.2745799999999998
88.9538,1.6852900000000002,0.788373
88.9809,1.6997099999999998,0.275887
89.0079,1.7001099999999998,-0.24685300000000002
89.0349,1.6864299999999999,-0.763079
89.0619,1.6590799999999999,-1.25661
89.0889,1.6188799999999999,-1.7131
89.1159,1.56697,-2.12101
89.1429,1.50479,-2.47224
89.17,1.43395,-2.76227
89.1979,1.35332,-2.9967799999999998
89.227,1.26356,-3.17205
89.2574,1.16515,-3.28646
89.2895,1.05846,-3.33945
89.3239,0.94373,-3.3312699999999995
89.361,0.8210370000000001,-3.2625
89.4019,0.690132,-3.1334299999999997
89.448,0.550124,-2.94267
89.5018,0.398537,-2.68345
89.5704,0.22648200000000002,-2.32737
89.6652,0.0296875,-1.8267799999999998
89.76,-0.120022,-1.3352
89.8617,-0.22960999999999998,-0.822752
89.9868,-0.294421,-0.21919699999999998
90.1013,-0.289718,0.293597
90.2157,-0.22927199999999998,0.752218
90.3302,-0.119946,1.14654
90.4447,0.030702800000000002,1.47397
90.5625,0.220568,1.73689
90.6453,0.370157,1.86562
90.7177,0.507628,1.9243400000000002
90.79,0.646949,1.9130900000000002
90.8477,0.75549,1.83825
90.9054,0.8577049999999999,1.6919400000000002
90.9559,0.938418,1.4983
91.0063,1.00775,1.24084
91.0567,1.06255,0.922536
91.1072,1.0999299999999999,0.5525220000000001
91.1511,1.11653,0.199765
91.195,1.1172600000000001,-0.168166
91.2389,1.10174,-0.537415
91.2828,1.07023,-0.894591
91.3268,1.0235100000000001,-1.22832
91.3707,0.9627979999999999,-1.53041
91.4146,0.889605,-1.79644
91.4597,0.8030390000000001,-2.03167
91.5068,0.702386,-2.23867
91.5566,0.586227,-2.42203
91.6103,0.451665,-2.5893900000000003
91.6697,0.292837,-2.75277
91.7385,0.0973841,-2.93111
91.8223,-0.157497,-3.14983
91.9112,-0.44758400000000004,-3.37151
91.9727,-0.658682,-3.483
92.0215,-0.8298,-3.5127099999999998
92.064,-0.9784309999999999,-3.46926
92.1065,-1.1233899999999999,-3.3360300000000005
92.1418,-1.23785,-3.14033
92.1771,-1.34385,-2.8557
92.2123,-1.43816,-2.4762
92.2424,-1.5067700000000002,-2.0786599999999997
92.2724,-1.56247,-1.61879
92.3025,-1.60355,-1.10735
92.3326,-1.62866,-0.5596479999999999
92.3626,-1.63701,0.00552387
92.3927,-1.62836,0.5675439999999999
92.4227,-1.60313,1.10592
92.4528,-1.5623200000000002,1.6022
92.4828,-1.5074,2.0416
92.5129,-1.44028,2.41391
92.5429,-1.36304,2.7138
92.573,-1.2779,2.9405200000000002
92.6034,-1.18592,3.09849
92.6352,-1.08576,3.19334
92.6688,-0.977627,3.2252
92.7048,-0.861869,3.19398
92.7439,-0.738779,3.0994599999999997
92.7869,-0.608492,2.94024
92.8356,-0.47085699999999997,2.71183
92.8926,-0.325045,2.40156
92.9647,-0.167191,1.9684700000000002
93.0688,0.00310979,1.2969
93.1728,0.10141499999999999,0.586679
93.28200000000001,0.123331,-0.189642
93.4084,0.0413364,-1.11105
93.4996,-0.0905652,-1.7817599999999998
93.59299999999999,-0.288977,-2.46228
93.6865,-0.5494439999999999,-3.09971
93.7459,-0.744142,-3.43816
93.7931,-0.911183,-3.63069
93.8337,-1.06067,-3.7121
93.8743,-1.21136,-3.6851800000000003
93.9074,-1.33142,-3.56245
93.9404,-1.44571,-3.33342
93.9694,-1.53829,-3.03674
93.9984,-1.62093,-2.64784
94.0274,-1.6909900000000002,-2.1699599999999997
94.0564,-1.7460099999999998,-1.61297
94.0814,-1.7797599999999998,-1.0822399999999999
94.1064,-1.79981,-0.519192
94.1314,-1.8055700000000001,0.0596168
94.1563,-1.79685,0.636407
94.1813,-1.77394,1.19355
94.2063,-1.7375200000000002,1.71491
94.2313,-1.6886700000000001,2.1869400000000003
94.2563,-1.62876,2.59952
94.2812,-1.55935,2.9462200000000003
94.3067,-1.48069,3.2286799999999998
94.3329,-1.3928399999999999,3.44659
94.3603,-1.29623,3.59789
94.3891,-1.19133,3.6812
94.4196,-1.07856,3.6958699999999998
94.4524,-0.958283,3.64166
94.4879,-0.830736,3.51816
94.5273,-0.695959,3.3237400000000004
94.5719,-0.553585,3.05336
94.6246,-0.40214099999999997,2.69246
94.6931,-0.234643,2.18824
94.7818,-0.07034,1.5145
94.8705,0.0338793,0.8354209999999999
94.9702,0.0792459,0.07618849999999999
95.1055,0.0210142,-0.930941
95.2076,-0.11152999999999999,-1.66032
95.3097,-0.316576,-2.34743
95.3946,-0.538076,-2.8548400000000003
95.4525,-0.711919,-3.1324400000000003
95.5011,-0.868189,-3.2905599999999997
95.5436,-1.00955,-3.34689
95.5861,-1.1512200000000001,-3.30033
95.6212,-1.2649299999999999,-3.16603
95.6563,-1.3722,-2.9315700000000002
95.6914,-1.46937,-2.58902
95.7209,-1.54045,-2.2164599999999997
95.7504,-1.59945,-1.77142
95.7799,-1.6443599999999998,-1.26373
95.8094,-1.67355,-0.708292
95.8389,-1.6858799999999998,-0.124133
95.8684,-1.68081,0.46714700000000003
95.8979,-1.6584599999999998,1.04341
95.9274,-1.6195899999999999,1.5841100000000001
95.9569,-1.5655,2.07213
95.9864,-1.49795,2.49507
96.0159,-1.41897,2.8458
96.0454,-1.33075,3.12227
96.0749,-1.23543,3.32681
96.1053,-1.13214,3.4681300000000004
96.1373,-1.01973,3.55061
96.1714,-0.8979360000000001,3.5760699999999996
96.2083,-0.766293,3.54681
96.249,-0.623656,3.4653199999999997
96.2949,-0.46746899999999997,3.3332699999999997
96.3491,-0.291511,3.14815
96.4219,-0.0721048,2.8837900000000003
96.5063,0.158524,2.57764
96.5936,0.369667,2.26
96.6691,0.529419,1.96626
96.7352,0.650109,1.67973
96.8013,0.750677,1.35651
96.8591,0.820124,1.04226
96.9169,0.870648,0.7027899999999999
96.9747,0.9010459999999999,0.347666
97.0325,0.91079,-0.0094773
97.0903,0.9002120000000001,-0.353065
97.1481,0.8705350000000001,-0.668149
97.2058,0.823773,-0.942723
97.2636,0.762509,-1.1691799999999999
97.3214,0.689628,-1.3446799999999999
97.3792,0.608054,-1.47054
97.4386,0.518089,-1.5526200000000001
97.5016,0.41872700000000007,-1.5944
97.5698,0.309723,-1.5959999999999999
97.6454,0.190339,-1.55501
97.7328,0.05808580000000001,-1.4621600000000001
97.8502,-0.10298299999999999,-1.27148
97.9505,-0.219881,-1.0496
98.0508,-0.311695,-0.7710779999999999
98.1511,-0.372705,-0.43602399999999997
98.2515,-0.397497,-0.050681800000000006
98.3547,-0.380486,0.38553200000000004
98.4684,-0.307976,0.8941370000000001
98.5929,-0.16084,1.47141
98.6923,0.00882656,1.94567
98.7793,0.196484,2.36967
98.8663,0.420887,2.78563
98.9533,0.67943,3.14157
99.0047,0.8449270000000001,3.2808
99.04899999999999,0.991456,3.32615
99.0932,1.13794,3.27408
99.1291,1.25336,3.14089
99.165,1.36232,2.9119599999999997
99.1965,1.44979,2.62508
99.2281,1.52693,2.25632
99.2596,1.59121,1.8098900000000002
99.2911,1.64032,1.2963
99.3184,1.6691099999999999,0.8106
99.3456,1.6843,0.301005
99.3729,1.68545,-0.216583
99.4002,1.6725700000000001,-0.725548
99.4274,1.64611,-1.2098799999999998
99.4547,1.60695,-1.6554200000000001
99.4819,1.55631,-2.05082
99.5092,1.49566,-2.3881
99.5365,1.42667,-2.66286
99.5647,1.34816,-2.88059
99.5941,1.26102,-3.03673
99.6249,1.16587,-3.12898
99.6575,1.0633,-3.1559
99.6923,0.953895,-3.11646
99.73,0.8382350000000001,-3.00941
99.7715,0.716925,-2.83242
99.8181,0.590607,-2.58013
99.8722,0.459971,-2.23989
99.9392,0.325333,-1.77663
100.0,0.23072600000000001,-1.33237
