,x,xdot
1e-06,6.03999e-10,0.000607998
6e-06,3.74397e-09,0.000647989
3.1e-05,2.2443e-08,0.000847933
0.000156,1.9090699999999998e-07,0.00184743
0.000781,2.90599e-06,0.00683928
0.003906,6.31195e-05,0.0316585
0.019531,0.00150779,0.152312
0.069009,0.0178283,0.498659
0.129054,0.058757000000000004,0.853417
0.19261099999999998,0.12312000000000001,1.16119
0.259855,0.21030300000000002,1.42139
0.334357,0.324784,1.64018
0.406588,0.44893,1.7864900000000001
0.46925,0.563434,1.85953
0.531911,0.6808310000000001,1.8779299999999999
0.5837359999999999,0.777555,1.8475599999999999
0.6355609999999999,0.871555,1.77237
0.6873859999999999,0.96045,1.6503299999999999
0.73201,1.03104,1.50793
0.776634,1.09455,1.3332700000000002
0.821258,1.14962,1.13078
0.8658819999999999,1.19515,0.907084
0.9105059999999999,1.2303899999999999,0.6706449999999999
0.9551299999999999,1.25496,0.43115200000000004
0.9997540000000001,1.2689700000000002,0.19861900000000002
1.04598,1.2729,-0.024906599999999997
1.09561,1.26629,-0.235569
1.15178,1.2474100000000001,-0.428126
1.21092,1.2175,-0.573026
1.2717200000000002,1.1797,-0.660991
1.33251,1.13826,-0.693858
1.3933,1.0962399999999999,-0.682003
1.4540899999999999,1.0560100000000001,-0.637173
1.51488,1.01921,-0.5707770000000001
1.5756700000000001,0.986844,-0.492841
1.64088,0.957551,-0.405669
1.7128900000000002,0.9316909999999999,-0.313922
1.7976299999999998,0.90917,-0.22089499999999998
1.8880299999999999,0.8927950000000001,-0.145886
1.97842,0.8819670000000001,-0.0982502
2.06882,0.8742409999999999,-0.0768147
2.15921,0.867394,-0.07808580000000001
2.2496099999999997,0.859583,-0.0972951
2.34,0.8494209999999999,-0.129235
2.4304,0.835986,-0.16892200000000002
2.52382,0.8181350000000001,-0.21354
2.6267,0.793621,-0.262729
2.74471,0.7594479999999999,-0.31558600000000003
2.86639,0.718015,-0.364437
2.99249,0.669162,-0.40966800000000003
3.12509,0.611885,-0.453921
3.26487,0.54519,-0.500779
3.4094800000000003,0.46901899999999996,-0.553795
3.53534,0.396068,-0.606697
3.6612,0.315947,-0.668011
3.78706,0.227503,-0.739132
3.9129199999999997,0.129455,-0.820627
4.03878,0.020530200000000002,-0.911684
4.16464,-0.10030599999999999,-1.00909
4.31094,-0.256205,-1.1204100000000001
4.45725,-0.42703800000000003,-1.20848
4.5446599999999995,-0.534057,-1.2359
4.6227599999999995,-0.630725,-1.23517
4.70085,-0.726174,-1.2036
4.76463,-0.8013979999999999,-1.15104
4.82841,-0.872447,-1.07255
4.89219,-0.937665,-0.9684299999999999
4.95597,-0.9954879999999999,-0.8413010000000001
5.01975,-1.0446,-0.696328
5.0835300000000005,-1.08409,-0.5409010000000001
5.14731,-1.11356,-0.383891
5.21108,-1.1332200000000001,-0.234552
5.274859999999999,-1.14382,-0.10130800000000001
5.345219999999999,-1.1465299999999998,0.0192287
5.41862,-1.1415600000000001,0.110106
5.49201,-1.13127,0.164196
5.556109999999999,-1.12,0.183501
5.62021,-1.10822,0.18066300000000002
5.68431,-1.09721,0.160467
5.74841,-1.08791,0.12806900000000002
5.8137,-1.08084,0.08771860000000001
5.88186,-1.07639,0.042839
5.95461,-1.07497,-0.00310288
6.03536,-1.07705,-0.046690499999999996
6.130809999999999,-1.0833899999999999,-0.0832112
6.21304,-1.091,-0.099564
6.29528,-1.09938,-0.102015
6.37751,-1.10744,-0.0921945
6.45975,-1.11428,-0.0727855
6.541980000000001,-1.11924,-0.0470487
6.624219999999999,-1.12194,-0.018346400000000002
6.70645,-1.12226,0.0102822
6.79097,-1.1202299999999998,0.0371119
6.88351,-1.11562,0.0615156
6.992039999999999,-1.10774,0.0823956
7.1051899999999995,-1.09758,0.09587180000000001
7.2215300000000004,-1.08595,0.10324000000000001
7.33787,-1.07369,0.10716500000000001
7.4649600000000005,-1.05984,0.110978
7.585260000000001,-1.0461799999999999,0.116533
7.70556,-1.03168,0.125184
7.82585,-1.01593,0.137103
7.94615,-0.9985809999999999,0.151804
8.06645,-0.9793299999999999,0.16851
8.18675,-0.957988,0.18646
8.30705,-0.934441,0.205109
8.42735,-0.9086219999999999,0.22419899999999998
8.54765,-0.880481,0.243754
8.67222,-0.8488190000000001,0.264753
8.80045,-0.81342,0.287614
8.93242,-0.773807,0.313054
9.06927,-0.729009,0.342192
9.21418,-0.676956,0.376985
9.36219,-0.618214,0.417756
9.5102,-0.552971,0.46505799999999997
9.65821,-0.48015399999999997,0.5203479999999999
9.782910000000001,-0.41197399999999995,0.5743560000000001
9.90762,-0.33657600000000004,0.636278
10.0323,-0.252911,0.7070890000000001
10.157,-0.159826,0.787389
10.2817,-0.056145400000000005,0.876868
10.4064,0.0591683,0.973376
10.5415,0.19783299999999998,1.07944
10.7006,0.378581,1.18739
10.7963,0.494436,1.22833
10.8784,0.595816,1.23842
10.9604,0.6967869999999999,1.21705
11.0257,0.774911,1.17282
11.0909,0.8492850000000001,1.10185
11.1562,0.9181360000000001,1.00366
11.2133,0.972499,0.8968709999999999
11.2704,1.0202799999999999,0.773759
11.3275,1.06067,0.63894
11.3847,1.0931600000000001,0.49828199999999995
11.4418,1.1176,0.358363
11.5006,1.1346100000000001,0.222045
11.5634,1.14439,0.0923267
11.6348,1.1465,-0.027728500000000003
11.7084,1.14099,-0.11591900000000001
11.782,1.13035,-0.167231
11.845999999999998,1.1189799999999999,-0.18425899999999998
11.91,1.10723,-0.17961
11.974,1.0963399999999999,-0.158109
12.038,1.08724,-0.124901
12.1035,1.08037,-0.0840045
12.1719,1.07617,-0.0388791
12.2452,1.07503,0.00700477
12.327,1.07744,0.0502409
12.4225,1.08406,0.085325
12.5041,1.0917299999999999,0.100267
12.5856,1.10005,0.101612
12.6672,1.10798,0.09105269999999999
12.7488,1.11465,0.0712698
12.8304,1.11944,0.0454685
12.9119,1.122,0.0169248
12.9935,1.12221,-0.011418799999999998
13.0782,1.12008,-0.0381707
13.1712,1.1153600000000001,-0.06246090000000001
13.2798,1.10738,-0.0830661
13.3931,1.09715,-0.0962961
13.5091,1.08551,-0.103478
13.6252,1.07326,-0.10733699999999999
13.753,1.05931,-0.111203
13.8728,1.04567,-0.116825
13.9927,1.03118,-0.125539
14.1125,1.01545,-0.137492
14.2323,0.9981190000000001,-0.15219100000000002
14.3522,0.9788969999999999,-0.16886400000000001
14.472000000000001,0.9575959999999999,-0.186763
14.5919,0.934105,-0.20535100000000003
14.7117,0.9083600000000001,-0.224377
14.8315,0.880307,-0.243867
14.9561,0.84864,-0.264869
15.0843,0.813222,-0.28774299999999997
15.2163,0.773584,-0.313202
15.3532,0.7287520000000001,-0.34236500000000003
15.4982,0.676647,-0.377198
15.6462,0.6178710000000001,-0.418001
15.7942,0.552588,-0.465343
15.9422,0.47972600000000004,-0.520682
16.0669,0.411526,-0.5747180000000001
16.1915,0.336109,-0.636668
16.3162,0.252423,-0.7075060000000001
16.4409,0.15931900000000002,-0.787829
16.5655,0.055619100000000005,-0.877318
16.6902,-0.059709000000000005,-0.973815
16.8254,-0.198568,-1.07996
16.9841,-0.378941,-1.18756
17.0798,-0.494767,-1.22841
17.1618,-0.596105,-1.23841
17.2438,-0.6970270000000001,-1.21695
17.309,-0.7751279999999999,-1.17266
17.3743,-0.849475,-1.1016299999999999
17.4395,-0.9182959999999999,-1.00339
17.4967,-0.9726389999999999,-0.896553
17.5538,-1.0204,-0.773408
17.6109,-1.0607600000000001,-0.638573
17.668,-1.09323,-0.497914
17.7251,-1.11765,-0.358013
17.7839,-1.13465,-0.22170700000000002
17.8468,-1.1444,-0.0920105
17.9182,-1.14649,0.028019400000000003
17.9918,-1.14096,0.11611400000000001
18.0654,-1.13032,0.167328
18.1294,-1.11894,0.184276
18.1934,-1.10719,0.179565
18.2574,-1.0963100000000001,0.158019
18.3214,-1.08721,0.12478299999999999
18.3869,-1.08036,0.0838685
18.4553,-1.07616,0.0387354
18.5286,-1.07503,-0.00714543
18.6104,-1.07745,-0.050368199999999995
18.706,-1.08408,-0.0854003
18.7875,-1.09175,-0.10029199999999999
18.8691,-1.10007,-0.101597
18.9506,-1.1079999999999999,-0.0910115
19.0322,-1.11467,-0.07121480000000001
19.1137,-1.11945,-0.0454107
19.1953,-1.122,-0.0168723
19.2768,-1.12221,0.011461200000000001
19.3615,-1.12008,0.0382099
19.4545,-1.11535,0.062495400000000007
19.5631,-1.10737,0.08308960000000001
19.6764,-1.09713,0.0963098
19.7925,-1.0855,0.103485
19.9085,-1.07325,0.107341
20.0363,-1.05929,0.11120899999999999
20.1561,-1.04566,0.116834
20.276,-1.0311700000000001,0.125551
20.3958,-1.01544,0.137505
20.5156,-0.9981049999999999,0.152203
20.6354,-0.978884,0.168875
20.7553,-0.957586,0.186772
20.8751,-0.934097,0.205357
20.9949,-0.9083549999999999,0.22438000000000002
21.116,-0.880006,0.244071
21.2407,-0.8482700000000001,0.26511
21.369,-0.812805,0.288011
21.500999999999998,-0.773115,0.313504
21.638,-0.728217,0.34271799999999997
21.7831,-0.6760109999999999,0.377631
21.9311,-0.617165,0.41850200000000004
22.0791,-0.551802,0.465926
22.2271,-0.47884499999999997,0.521366
22.3517,-0.41060699999999994,0.5754600000000001
22.4762,-0.335148,0.63747
22.6008,-0.25142,0.7083649999999999
22.7254,-0.158274,0.788734
22.8499,-0.0545357,0.878244
22.9745,0.0608225,0.9747180000000001
23.1099,0.200087,1.08103
23.2679,0.379715,1.18792
23.3635,0.49546999999999997,1.2285700000000002
23.4455,0.59672,1.23838
23.5274,0.697538,1.21675
23.5926,0.7755890000000001,1.17231
23.6578,0.849878,1.10115
23.7231,0.918636,1.00281
23.7802,0.972938,0.8958780000000001
23.8373,1.02065,0.772663
23.8944,1.06097,0.637791
23.9515,1.0933899999999999,0.49713199999999996
24.0086,1.11776,0.357268
24.0674,1.1347200000000002,0.220989
24.1303,1.1444299999999998,0.0913381
24.2018,1.14648,-0.0286383
24.2754,1.14091,-0.116529
24.349,1.13024,-0.167533
24.413,1.11886,-0.184313
24.476999999999997,1.10711,-0.17946800000000002
24.541,1.0962399999999999,-0.157827
24.605,1.0871600000000001,-0.12453199999999999
24.6705,1.0803200000000002,-0.08357869999999999
24.739,1.0761399999999999,-0.0384293
24.8123,1.07503,0.007445
24.8942,1.07748,0.050639300000000005
24.9897,1.0841399999999999,0.0855603
25.0712,1.09181,0.100346
25.1527,1.10012,0.101566
25.2343,1.10804,0.09092339999999999
25.3158,1.11469,0.0710971
25.3973,1.11947,0.0452871
25.4788,1.122,0.0167599
25.5603,1.12221,-0.0115522
25.645,1.1200700000000001,-0.038294
25.738000000000003,1.11533,-0.0625695
25.8467,1.10734,-0.08313999999999999
25.96,1.0971,-0.0963392
26.076,1.08546,-0.103498
26.191999999999997,1.07322,-0.107349
26.3199,1.05925,-0.111222
26.4397,1.04562,-0.116853
26.5594,1.0311299999999999,-0.125575
26.6792,1.0154,-0.137532
26.799,0.998074,-0.15223
26.9188,0.978856,-0.168898
27.0386,0.9575629999999999,-0.18679
27.1584,0.9340809999999999,-0.20536999999999997
27.2781,0.9083459999999999,-0.22438699999999998
27.3992,0.8799959999999999,-0.244077
27.5239,0.848259,-0.265117
27.6522,0.812793,-0.288019
27.7842,0.7731020000000001,-0.313513
27.9212,0.728202,-0.34272800000000003
28.0663,0.675992,-0.377644
28.2143,0.6171449999999999,-0.418516
28.3623,0.551779,-0.46594300000000005
28.5103,0.47881999999999997,-0.521386
28.6349,0.41058,-0.575481
28.7595,0.33512,-0.637493
28.884,0.251391,-0.70839
29.0086,0.158244,-0.78876
29.1332,0.0545045,-0.8782709999999999
29.2577,-0.0608545,-0.974744
29.3932,-0.200131,-1.0810600000000001
29.5511,-0.379738,-1.18793
29.6467,-0.49549,-1.2285700000000002
29.7287,-0.596738,-1.23838
29.8106,-0.697553,-1.21674
29.8758,-0.7756029999999999,-1.1723
29.941,-0.8498899999999999,-1.10114
30.0063,-0.918646,-1.00279
30.0634,-0.9729469999999999,-0.895858
30.1205,-1.0206600000000001,-0.772642
30.1776,-1.06097,-0.637768
30.2347,-1.0933899999999999,-0.497109
30.2918,-1.1177700000000002,-0.357246
30.3506,-1.1347200000000002,-0.22096799999999997
30.4135,-1.1444299999999998,-0.0913184
30.485,-1.14648,0.0286565
30.5586,-1.14091,0.116541
30.6322,-1.13024,0.16753900000000002
30.6962,-1.11885,0.184314
30.7602,-1.10711,0.179465
30.8242,-1.0962399999999999,0.15782100000000002
30.8882,-1.0871600000000001,0.124525
30.9537,-1.0803200000000002,0.0835702
31.0222,-1.0761399999999999,0.038420300000000004
31.0955,-1.07503,-0.00745381
31.1774,-1.07748,-0.050647199999999996
31.2729,-1.0841399999999999,-0.085565
31.3544,-1.09181,-0.100347
31.4359,-1.10012,-0.101565
31.5175,-1.10804,-0.09092080000000001
31.599,-1.1147,-0.0710936
31.6805,-1.11947,-0.0452834
31.761999999999997,-1.122,-0.016756599999999996
31.8435,-1.12221,0.0115549
31.9282,-1.1200700000000001,0.0382965
32.0212,-1.11533,0.0625717
32.1299,-1.10734,0.0831415
32.2432,-1.0971,0.09634010000000001
32.3592,-1.08546,0.10349900000000001
32.4752,-1.07321,0.107349
32.6031,-1.05925,0.111223
32.7228,-1.04562,0.116854
32.8426,-1.0311299999999999,0.125576
32.9624,-1.0154,0.137533
33.0822,-0.998073,0.152231
33.202,-0.978856,0.168899
33.3218,-0.9575620000000001,0.186791
33.4415,-0.9340799999999999,0.20536999999999997
33.5613,-0.9083450000000001,0.22438699999999998
33.6824,-0.8799959999999999,0.244077
33.8071,-0.848259,0.265117
33.9354,-0.812793,0.288019
34.0674,-0.773101,0.313513
34.2044,-0.728201,0.34272800000000003
34.3495,-0.675992,0.377644
34.4975,-0.6171439999999999,0.41851700000000003
34.6455,-0.551778,0.46594399999999997
34.7935,-0.47881899999999994,0.5213869999999999
34.9181,-0.41058,0.5754819999999999
35.0426,-0.33512,0.637494
35.1672,-0.25139,0.708391
35.2918,-0.158243,0.7887609999999999
35.4163,-0.05450359999999999,0.8782719999999999
35.5409,0.06085549999999999,0.9747450000000001
35.6764,0.200132,1.0810600000000001
35.8343,0.379739,1.18793
35.9299,0.49549099999999996,1.2285700000000002
36.0119,0.596738,1.23838
36.0938,0.697554,1.21674
36.159,0.7756029999999999,1.1723
36.2242,0.8498899999999999,1.10114
36.2894,0.918646,1.00279
36.3466,0.9729469999999999,0.895857
36.4037,1.0206600000000001,0.772641
36.4608,1.06097,0.637767
36.5179,1.0933899999999999,0.497108
36.575,1.1177700000000002,0.357245
36.6338,1.1347200000000002,0.22096799999999997
36.6967,1.1444299999999998,0.0913178
36.7682,1.14648,-0.028657099999999998
36.8418,1.14091,-0.116541
36.9154,1.13024,-0.16753900000000002
36.9794,1.11885,-0.184314
37.0434,1.10711,-0.179465
37.1074,1.0962399999999999,-0.15782100000000002
37.1714,1.0871600000000001,-0.124524
37.2369,1.0803200000000002,-0.08357
37.3054,1.0761399999999999,-0.038419999999999996
37.3787,1.07503,0.00745407
37.4606,1.07748,0.050647500000000005
37.5561,1.0841399999999999,0.0855651
37.6376,1.09181,0.100347
37.7191,1.10012,0.101565
37.8006,1.10804,0.0909207
37.8821,1.1147,0.07109349999999999
37.9636,1.11947,0.045283300000000005
38.0451,1.122,0.0167565
38.1267,1.12221,-0.011555
38.2114,1.1200700000000001,-0.0382966
38.3044,1.11533,-0.0625717
38.413000000000004,1.10734,-0.0831415
38.5263,1.0971,-0.09634010000000001
38.6423,1.08546,-0.10349900000000001
38.7584,1.07321,-0.107349
38.8862,1.05925,-0.111223
39.006,1.04562,-0.116854
39.1258,1.0311299999999999,-0.125576
39.2456,1.0154,-0.137533
39.3654,0.998073,-0.152231
39.4852,0.978856,-0.168899
39.6049,0.9575620000000001,-0.186791
39.7247,0.9340799999999999,-0.20536999999999997
39.8445,0.9083450000000001,-0.22438699999999998
39.9656,0.8799959999999999,-0.244077
40.0903,0.848259,-0.265117
40.2186,0.812793,-0.288019
40.3506,0.773101,-0.313513
40.4876,0.728201,-0.34272800000000003
40.6327,0.675992,-0.377644
40.7807,0.6171439999999999,-0.41851700000000003
40.9287,0.551778,-0.46594399999999997
41.0767,0.47881899999999994,-0.5213869999999999
41.2013,0.41057899999999997,-0.5754819999999999
41.3258,0.33512,-0.637494
41.4504,0.25139,-0.708391
41.575,0.158243,-0.7887609999999999
41.6995,0.05450359999999999,-0.8782719999999999
41.8241,-0.06085549999999999,-0.9747450000000001
41.9595,-0.200132,-1.0810600000000001
42.1175,-0.379739,-1.18793
42.2131,-0.49549099999999996,-1.2285700000000002
42.295,-0.596738,-1.23838
42.376999999999995,-0.697554,-1.21674
42.4422,-0.7756029999999999,-1.1723
42.5074,-0.8498899999999999,-1.10114
42.5726,-0.918646,-1.00279
42.6297,-0.9729469999999999,-0.895857
42.6869,-1.0206600000000001,-0.772641
42.744,-1.06097,-0.637767
42.8011,-1.0933899999999999,-0.497108
42.8582,-1.1177700000000002,-0.357245
42.917,-1.1347200000000002,-0.22096799999999997
42.9799,-1.1444299999999998,-0.0913178
43.0514,-1.14648,0.028657099999999998
43.125,-1.14091,0.116541
43.1986,-1.13024,0.16753900000000002
43.2626,-1.11885,0.184314
43.3266,-1.10711,0.179465
43.3906,-1.0962399999999999,0.15782100000000002
43.4546,-1.0871600000000001,0.124524
43.52,-1.0803200000000002,0.08356989999999999
43.5886,-1.0761399999999999,0.038419999999999996
43.6619,-1.07503,-0.00745408
43.7438,-1.07748,-0.050647500000000005
43.8393,-1.0841399999999999,-0.0855652
43.9208,-1.09181,-0.100347
44.0023,-1.10012,-0.101565
44.0838,-1.10804,-0.0909207
44.1653,-1.1147,-0.07109349999999999
44.2468,-1.11947,-0.045283300000000005
44.3283,-1.122,-0.0167565
44.4098,-1.12221,0.011555
44.4946,-1.1200700000000001,0.0382966
44.5876,-1.11533,0.0625717
44.6962,-1.10734,0.0831415
44.8095,-1.0971,0.09634010000000001
44.9255,-1.08546,0.10349900000000001
45.0415,-1.07321,0.107349
45.1694,-1.05925,0.111223
45.2892,-1.04562,0.116854
45.409,-1.0311299999999999,0.125576
45.5288,-1.0154,0.137533
45.6486,-0.998073,0.152231
45.7683,-0.978856,0.168899
45.8881,-0.9575620000000001,0.186791
46.0079,-0.9340799999999999,0.20536999999999997
46.1277,-0.9083450000000001,0.22438699999999998
46.2488,-0.8799959999999999,0.244077
46.3734,-0.848259,0.265117
46.5017,-0.812793,0.288019
46.6338,-0.773101,0.313513
46.7707,-0.728201,0.34272800000000003
46.9159,-0.675992,0.377644
47.0639,-0.6171439999999999,0.41851700000000003
47.2119,-0.551778,0.46594399999999997
47.3599,-0.47881899999999994,0.5213869999999999
47.4845,-0.41057899999999997,0.5754819999999999
47.608999999999995,-0.33512,0.637494
47.7336,-0.25139,0.708391
47.8581,-0.158243,0.7887609999999999
47.9827,-0.05450359999999999,0.8782719999999999
48.1073,0.06085549999999999,0.9747450000000001
48.2427,0.200132,1.0810600000000001
48.4007,0.379739,1.18793
48.4963,0.49549099999999996,1.2285700000000002
48.5782,0.596738,1.23838
48.6602,0.697554,1.21674
48.7254,0.7756029999999999,1.1723
48.7906,0.8498899999999999,1.10114
48.8558,0.918646,1.00279
48.9129,0.9729469999999999,0.895857
48.97,1.0206600000000001,0.772641
49.0271,1.06097,0.637767
49.0843,1.0933899999999999,0.497108
49.1414,1.1177700000000002,0.357245
49.2002,1.1347200000000002,0.22096799999999997
49.2631,1.1444299999999998,0.0913178
49.3346,1.14648,-0.028657099999999998
49.4082,1.14091,-0.116541
49.4817,1.13024,-0.16753900000000002
49.5457,1.11885,-0.184314
49.6097,1.10711,-0.179465
49.6737,1.0962399999999999,-0.15782100000000002
49.7377,1.0871600000000001,-0.124524
49.8032,1.0803200000000002,-0.08356989999999999
49.8717,1.0761399999999999,-0.038419999999999996
49.9451,1.07503,0.00745408
50.027,1.07748,0.050647500000000005
50.1225,1.0841399999999999,0.0855652
50.20399999999999,1.09181,0.100347
50.2855,1.10012,0.101565
50.367,1.10804,0.0909207
50.4485,1.1147,0.07109349999999999
50.53,1.11947,0.045283300000000005
50.6115,1.122,0.0167565
50.693000000000005,1.12221,-0.011555
50.7778,1.1200700000000001,-0.0382966
50.8708,1.11533,-0.0625717
50.9794,1.10734,-0.0831415
51.0927,1.0971,-0.09634010000000001
51.2087,1.08546,-0.10349900000000001
51.3247,1.07321,-0.107349
51.4526,1.05925,-0.111223
51.5724,1.04562,-0.116854
51.6922,1.0311299999999999,-0.125576
51.812,1.0154,-0.137533
51.9318,0.998073,-0.152231
52.0515,0.978856,-0.168899
52.1713,0.9575620000000001,-0.186791
52.2911,0.9340799999999999,-0.20536999999999997
52.4109,0.9083450000000001,-0.22438699999999998
52.5319,0.8799959999999999,-0.244077
52.6566,0.848259,-0.265117
52.7849,0.812793,-0.288019
52.917,0.773101,-0.313513
53.0539,0.728201,-0.34272800000000003
53.199,0.675992,-0.377644
53.347,0.6171439999999999,-0.41851700000000003
53.4951,0.551778,-0.46594399999999997
53.6431,0.47881899999999994,-0.5213869999999999
53.7676,0.41057899999999997,-0.5754819999999999
53.8922,0.33512,-0.637494
54.0168,0.25139,-0.708391
54.1413,0.158243,-0.7887609999999999
54.2659,0.05450359999999999,-0.8782719999999999
54.3905,-0.06085549999999999,-0.9747450000000001
54.5259,-0.200132,-1.0810600000000001
54.6838,-0.379739,-1.18793
54.7795,-0.49549099999999996,-1.2285700000000002
54.8614,-0.596738,-1.23838
54.9433,-0.697554,-1.21674
55.0086,-0.7756029999999999,-1.1723
55.0738,-0.8498899999999999,-1.10114
55.138999999999996,-0.918646,-1.00279
55.1961,-0.9729469999999999,-0.895857
55.2532,-1.0206600000000001,-0.772641
55.3103,-1.06097,-0.637767
55.3674,-1.0933899999999999,-0.497108
55.4245,-1.1177700000000002,-0.357245
55.4834,-1.1347200000000002,-0.22096799999999997
55.5463,-1.1444299999999998,-0.0913178
55.6178,-1.14648,0.028657099999999998
55.6913,-1.14091,0.116541
55.7649,-1.13024,0.16753900000000002
55.8289,-1.11885,0.184314
55.8929,-1.10711,0.179465
55.9569,-1.0962399999999999,0.15782100000000002
56.0209,-1.0871600000000001,0.124524
56.0864,-1.0803200000000002,0.08356989999999999
56.1549,-1.0761399999999999,0.038419999999999996
56.2283,-1.07503,-0.00745408
56.3101,-1.07748,-0.050647500000000005
56.4057,-1.0841399999999999,-0.0855652
56.4872,-1.09181,-0.100347
56.5687,-1.10012,-0.101565
56.6502,-1.10804,-0.0909207
56.7317,-1.1147,-0.07109349999999999
56.8132,-1.11947,-0.045283300000000005
56.8947,-1.122,-0.0167565
56.9762,-1.12221,0.011555
57.0609,-1.1200700000000001,0.0382966
57.1539,-1.11533,0.0625717
57.2626,-1.10734,0.0831415
57.3759,-1.0971,0.09634010000000001
57.4919,-1.08546,0.10349900000000001
57.6079,-1.07321,0.107349
57.7358,-1.05925,0.111223
57.8556,-1.04562,0.116854
57.9754,-1.0311299999999999,0.125576
58.0952,-1.0154,0.137533
58.2149,-0.998073,0.152231
58.3347,-0.978856,0.168899
58.4545,-0.9575620000000001,0.186791
58.5743,-0.9340799999999999,0.20536999999999997
58.6941,-0.9083450000000001,0.22438699999999998
58.8151,-0.8799959999999999,0.244077
58.9398,-0.848259,0.265117
59.0681,-0.812793,0.288019
59.2002,-0.773101,0.313513
59.3371,-0.728201,0.34272800000000003
59.4822,-0.675992,0.377644
59.6302,-0.6171439999999999,0.41851700000000003
59.7782,-0.551778,0.46594399999999997
59.9263,-0.47881899999999994,0.5213869999999999
60.0508,-0.41057899999999997,0.5754819999999999
60.1754,-0.33512,0.637494
60.3,-0.25139,0.708391
60.4245,-0.158243,0.7887609999999999
60.5491,-0.05450359999999999,0.8782719999999999
60.6736,0.06085549999999999,0.9747450000000001
60.8091,0.200132,1.0810600000000001
60.967,0.379739,1.18793
61.0627,0.49549099999999996,1.2285700000000002
61.1446,0.596738,1.23838
61.2265,0.697554,1.21674
61.2917,0.7756029999999999,1.1723
61.357,0.8498899999999999,1.10114
61.4222,0.918646,1.00279
61.4793,0.9729469999999999,0.895857
61.5364,1.0206600000000001,0.772641
61.5935,1.06097,0.637767
61.6506,1.0933899999999999,0.497108
61.7077,1.1177700000000002,0.357245
61.7666,1.1347200000000002,0.22096799999999997
61.8294,1.1444299999999998,0.0913178
61.901,1.14648,-0.028657099999999998
61.9745,1.14091,-0.116541
62.0481,1.13024,-0.16753900000000002
62.1121,1.11885,-0.184314
62.1761,1.10711,-0.179465
62.2401,1.0962399999999999,-0.15782100000000002
62.3041,1.0871600000000001,-0.124524
62.3696,1.0803200000000002,-0.08356989999999999
62.4381,1.0761399999999999,-0.038419999999999996
62.5115,1.07503,0.00745408
62.5933,1.07748,0.050647500000000005
62.6889,1.0841399999999999,0.0855652
62.7704,1.09181,0.100347
62.8519,1.10012,0.101565
62.9334,1.10804,0.0909207
63.0149,1.1147,0.07109349999999999
63.0964,1.11947,0.045283300000000005
63.1779,1.122,0.0167565
63.2594,1.12221,-0.011555
63.3441,1.1200700000000001,-0.0382966
63.4371,1.11533,-0.0625717
63.5458,1.10734,-0.0831415
63.6591,1.0971,-0.09634010000000001
63.7751,1.08546,-0.10349900000000001
63.8911,1.07321,-0.107349
64.01899999999999,1.05925,-0.111223
64.1388,1.04562,-0.116854
64.2586,1.0311299999999999,-0.125576
64.3783,1.0154,-0.137533
64.4981,0.998073,-0.152231
64.6179,0.978856,-0.168899
64.7377,0.9575620000000001,-0.186791
64.8575,0.9340799999999999,-0.20536999999999997
64.9773,0.9083450000000001,-0.22438699999999998
65.0983,0.8799959999999999,-0.244077
65.223,0.848259,-0.265117
65.3513,0.812793,-0.288019
65.4834,0.773101,-0.313513
65.6203,0.728201,-0.34272800000000003
65.7654,0.675992,-0.377644
65.9134,0.6171439999999999,-0.41851700000000003
66.0614,0.551778,-0.46594399999999997
66.2094,0.47881899999999994,-0.5213869999999999
66.334,0.41057899999999997,-0.5754819999999999
66.4586,0.33512,-0.637494
66.5831,0.25139,-0.708391
66.7077,0.158243,-0.7887609999999999
66.8323,0.05450359999999999,-0.8782719999999999
66.9568,-0.06085549999999999,-0.9747450000000001
67.0923,-0.200132,-1.0810600000000001
67.2502,-0.379739,-1.18793
67.3458,-0.49549099999999996,-1.2285700000000002
67.4278,-0.596738,-1.23838
67.5097,-0.697554,-1.21674
67.5749,-0.7756029999999999,-1.1723
67.6402,-0.8498899999999999,-1.10114
67.7054,-0.918646,-1.00279
67.7625,-0.9729469999999999,-0.895857
67.8196,-1.0206600000000001,-0.772641
67.8767,-1.06097,-0.637767
67.9338,-1.0933899999999999,-0.497108
67.9909,-1.1177700000000002,-0.357245
68.0498,-1.1347200000000002,-0.22096799999999997
68.1126,-1.1444299999999998,-0.0913178
68.1841,-1.14648,0.028657099999999998
68.2577,-1.14091,0.116541
68.3313,-1.13024,0.16753900000000002
68.3953,-1.11885,0.184314
68.4593,-1.10711,0.179465
68.5233,-1.0962399999999999,0.15782100000000002
68.5873,-1.0871600000000001,0.124524
68.6528,-1.0803200000000002,0.08356989999999999
68.7213,-1.0761399999999999,0.038419999999999996
68.7946,-1.07503,-0.00745408
68.8765,-1.07748,-0.050647500000000005
68.9721,-1.0841399999999999,-0.0855652
69.0536,-1.09181,-0.100347
69.1351,-1.10012,-0.101565
69.2166,-1.10804,-0.0909207
69.2981,-1.1147,-0.07109349999999999
69.3796,-1.11947,-0.045283300000000005
69.4611,-1.122,-0.0167565
69.5426,-1.12221,0.011555
69.6273,-1.1200700000000001,0.0382966
69.7203,-1.11533,0.0625717
69.829,-1.10734,0.0831415
69.9423,-1.0971,0.09634010000000001
70.0583,-1.08546,0.10349900000000001
70.1743,-1.07321,0.107349
70.3022,-1.05925,0.111223
70.422,-1.04562,0.116854
70.5417,-1.0311299999999999,0.125576
70.6615,-1.0154,0.137533
70.7813,-0.998073,0.152231
70.9011,-0.978856,0.168899
71.0209,-0.9575620000000001,0.186791
71.1407,-0.9340799999999999,0.20536999999999997
71.2604,-0.9083450000000001,0.22438699999999998
71.3815,-0.8799959999999999,0.244077
71.5062,-0.848259,0.265117
71.6345,-0.812793,0.288019
71.7665,-0.773101,0.313513
71.9035,-0.728201,0.34272800000000003
72.0486,-0.675992,0.377644
72.1966,-0.6171439999999999,0.41851700000000003
72.3446,-0.551778,0.46594399999999997
72.4926,-0.47881899999999994,0.5213869999999999
72.6172,-0.41057899999999997,0.5754819999999999
72.7418,-0.33512,0.637494
72.8663,-0.25139,0.708391
72.9909,-0.158243,0.7887609999999999
73.1155,-0.05450359999999999,0.8782719999999999
73.24,0.06085549999999999,0.9747450000000001
73.3755,0.200132,1.0810600000000001
73.5334,0.379739,1.18793
73.62899999999999,0.49549099999999996,1.2285700000000002
73.711,0.596738,1.23838
73.7929,0.697554,1.21674
73.8581,0.7756029999999999,1.1723
73.9233,0.8498899999999999,1.10114
73.9886,0.918646,1.00279
74.0457,0.9729469999999999,0.895857
74.1028,1.0206600000000001,0.772641
74.1599,1.06097,0.637767
74.217,1.0933899999999999,0.497108
74.2741,1.1177700000000002,0.357245
74.3329,1.1347200000000002,0.22096799999999997
74.3958,1.1444299999999998,0.0913178
74.4673,1.14648,-0.028657099999999998
74.5409,1.14091,-0.116541
74.6145,1.13024,-0.16753900000000002
74.6785,1.11885,-0.184314
74.7425,1.10711,-0.179465
74.8065,1.0962399999999999,-0.15782100000000002
74.8705,1.0871600000000001,-0.124524
74.936,1.0803200000000002,-0.08356989999999999
75.0045,1.0761399999999999,-0.038419999999999996
75.0778,1.07503,0.00745408
75.1597,1.07748,0.050647500000000005
75.2552,1.0841399999999999,0.0855652
75.3367,1.09181,0.100347
75.4182,1.10012,0.101565
75.4997,1.10804,0.0909207
75.5813,1.1147,0.07109349999999999
75.6628,1.11947,0.045283300000000005
75.7443,1.122,0.0167565
75.8258,1.12221,-0.011555
75.9105,1.1200700000000001,-0.0382966
76.0035,1.11533,-0.0625717
76.1122,1.10734,-0.0831415
76.2255,1.0971,-0.09634010000000001
76.3415,1.08546,-0.10349900000000001
76.4575,1.07321,-0.107349
76.5854,1.05925,-0.111223
76.7051,1.04562,-0.116854
76.8249,1.0311299999999999,-0.125576
76.9447,1.0154,-0.137533
77.0645,0.998073,-0.152231
77.1843,0.978856,-0.168899
77.3041,0.9575620000000001,-0.186791
77.4238,0.9340799999999999,-0.20536999999999997
77.5436,0.9083450000000001,-0.22438699999999998
77.6647,0.8799959999999999,-0.244077
77.7894,0.848259,-0.265117
77.9177,0.812793,-0.288019
78.0497,0.773101,-0.313513
78.1867,0.728201,-0.34272800000000003
78.3318,0.675992,-0.377644
78.4798,0.6171439999999999,-0.41851700000000003
78.6278,0.551778,-0.46594399999999997
78.7758,0.47881899999999994,-0.5213869999999999
78.9004,0.41057899999999997,-0.5754819999999999
79.0249,0.33512,-0.637494
79.1495,0.25139,-0.708391
79.2741,0.158243,-0.7887609999999999
79.3986,0.05450359999999999,-0.8782719999999999
79.5232,-0.06085549999999999,-0.9747450000000001
79.6587,-0.200132,-1.0810600000000001
79.8166,-0.379739,-1.18793
79.9122,-0.49549099999999996,-1.2285700000000002
79.9941,-0.596738,-1.23838
80.0761,-0.697554,-1.21674
80.1413,-0.7756029999999999,-1.1723
80.2065,-0.8498899999999999,-1.10114
80.2717,-0.918646,-1.00279
80.3289,-0.9729469999999999,-0.895857
80.38600000000001,-1.0206600000000001,-0.772641
80.4431,-1.06097,-0.637767
80.5002,-1.0933899999999999,-0.497108
80.5573,-1.1177700000000002,-0.357245
80.6161,-1.1347200000000002,-0.22096799999999997
80.679,-1.1444299999999998,-0.0913178
80.7505,-1.14648,0.028657099999999998
80.8241,-1.14091,0.116541
80.8977,-1.13024,0.16753900000000002
80.9617,-1.11885,0.184314
81.0257,-1.10711,0.179465
81.0897,-1.0962399999999999,0.15782100000000002
81.1537,-1.0871600000000001,0.124524
81.2192,-1.0803200000000002,0.08356989999999999
81.2877,-1.0761399999999999,0.038419999999999996
81.361,-1.07503,-0.00745408
81.4429,-1.07748,-0.050647500000000005
81.5384,-1.0841399999999999,-0.0855652
81.6199,-1.09181,-0.100347
81.7014,-1.10012,-0.101565
81.7829,-1.10804,-0.0909207
81.8644,-1.1147,-0.07109349999999999
81.9459,-1.11947,-0.045283300000000005
82.0274,-1.122,-0.0167565
82.1089,-1.12221,0.011555
82.1937,-1.1200700000000001,0.0382966
82.2867,-1.11533,0.0625717
82.3953,-1.10734,0.0831415
82.5086,-1.0971,0.09634010000000001
82.6246,-1.08546,0.10349900000000001
82.7406,-1.07321,0.107349
82.8685,-1.05925,0.111223
82.9883,-1.04562,0.116854
83.1081,-1.0311299999999999,0.125576
83.2279,-1.0154,0.137533
83.3477,-0.998073,0.152231
83.4675,-0.978856,0.168899
83.5872,-0.9575620000000001,0.186791
83.70700000000001,-0.9340799999999999,0.20536999999999997
83.8268,-0.9083450000000001,0.22438699999999998
83.9479,-0.8799959999999999,0.244077
84.0726,-0.848259,0.265117
84.2009,-0.812793,0.288019
84.3329,-0.773101,0.313513
84.4699,-0.728201,0.34272800000000003
84.615,-0.675992,0.377644
84.76299999999999,-0.6171439999999999,0.41851700000000003
84.911,-0.551778,0.46594399999999997
85.059,-0.47881899999999994,0.5213869999999999
85.1836,-0.41057899999999997,0.5754819999999999
85.3081,-0.33512,0.637494
85.4327,-0.25139,0.708391
85.5573,-0.158243,0.7887609999999999
85.6818,-0.05450359999999999,0.8782719999999999
85.8064,0.06085549999999999,0.9747450000000001
85.9418,0.200132,1.0810600000000001
86.0998,0.379739,1.18793
86.1954,0.49549099999999996,1.2285700000000002
86.2773,0.596738,1.23838
86.3593,0.697554,1.21674
86.4245,0.7756029999999999,1.1723
86.4897,0.8498899999999999,1.10114
86.5549,0.918646,1.00279
86.61200000000001,0.9729469999999999,0.895857
86.6691,1.0206600000000001,0.772641
86.7263,1.06097,0.637767
86.7834,1.0933899999999999,0.497108
86.8405,1.1177700000000002,0.357245
86.8993,1.1347200000000002,0.22096799999999997
86.9622,1.1444299999999998,0.0913178
87.0337,1.14648,-0.028657099999999998
87.1073,1.14091,-0.116541
87.1809,1.13024,-0.16753900000000002
87.2449,1.11885,-0.184314
87.3089,1.10711,-0.179465
87.3729,1.0962399999999999,-0.15782100000000002
87.4369,1.0871600000000001,-0.124524
87.5023,1.0803200000000002,-0.08356989999999999
87.5709,1.0761399999999999,-0.038419999999999996
87.6442,1.07503,0.00745408
87.7261,1.07748,0.050647500000000005
87.8216,1.0841399999999999,0.0855652
87.9031,1.09181,0.100347
87.9846,1.10012,0.101565
88.0661,1.10804,0.0909207
88.1476,1.1147,0.07109349999999999
88.2291,1.11947,0.045283300000000005
88.3106,1.122,0.0167565
88.3921,1.12221,-0.011555
88.4769,1.1200700000000001,-0.0382966
88.5699,1.11533,-0.0625717
88.6785,1.10734,-0.0831415
88.7918,1.0971,-0.09634010000000001
88.9078,1.08546,-0.10349900000000001
89.0238,1.07321,-0.107349
89.1517,1.05925,-0.111223
89.2715,1.04562,-0.116854
89.3913,1.0311299999999999,-0.125576
89.5111,1.0154,-0.137533
89.6309,0.998073,-0.152231
89.7506,0.978856,-0.168899
89.8704,0.9575620000000001,-0.186791
89.9902,0.9340799999999999,-0.20536999999999997
90.11,0.9083450000000001,-0.22438699999999998
90.23100000000001,0.8799959999999999,-0.244077
90.3557,0.848259,-0.265117
90.484,0.812793,-0.288019
90.6161,0.773101,-0.313513
90.75299999999999,0.728201,-0.34272800000000003
90.8981,0.675992,-0.377644
91.0462,0.6171439999999999,-0.41851700000000003
91.1942,0.551778,-0.46594399999999997
91.3422,0.47881899999999994,-0.5213869999999999
91.4667,0.41057899999999997,-0.5754819999999999
91.5913,0.33512,-0.637494
91.7159,0.25139,-0.708391
91.8404,0.158243,-0.7887609999999999
91.965,0.05450359999999999,-0.8782719999999999
92.0896,-0.06085549999999999,-0.9747450000000001
92.225,-0.200132,-1.0810600000000001
92.383,-0.379739,-1.18793
92.4786,-0.49549099999999996,-1.2285700000000002
92.5605,-0.596738,-1.23838
92.6425,-0.697554,-1.21674
92.7077,-0.7756029999999999,-1.1723
92.7729,-0.8498899999999999,-1.10114
92.8381,-0.918646,-1.00279
92.8952,-0.9729469999999999,-0.895857
92.9523,-1.0206600000000001,-0.772641
93.0094,-1.06097,-0.637767
93.0666,-1.0933899999999999,-0.497108
93.1237,-1.1177700000000002,-0.357245
93.1825,-1.1347200000000002,-0.22096799999999997
93.2454,-1.1444299999999998,-0.0913178
93.3169,-1.14648,0.028657099999999998
93.3905,-1.14091,0.116541
93.464,-1.13024,0.16753900000000002
93.52799999999999,-1.11885,0.184314
93.59200000000001,-1.10711,0.179465
93.656,-1.0962399999999999,0.15782100000000002
93.72,-1.0871600000000001,0.124524
93.7855,-1.0803200000000002,0.08356989999999999
93.854,-1.0761399999999999,0.038419999999999996
93.9274,-1.07503,-0.00745408
94.0093,-1.07748,-0.050647500000000005
94.1048,-1.0841399999999999,-0.0855652
94.1863,-1.09181,-0.100347
94.2678,-1.10012,-0.101565
94.3493,-1.10804,-0.0909207
94.4308,-1.1147,-0.07109349999999999
94.5123,-1.11947,-0.045283300000000005
94.5938,-1.122,-0.0167565
94.6753,-1.12221,0.011555
94.76,-1.1200700000000001,0.0382966
94.8531,-1.11533,0.0625717
94.9617,-1.10734,0.0831415
95.075,-1.0971,0.09634010000000001
95.191,-1.08546,0.10349900000000001
95.307,-1.07321,0.107349
95.4349,-1.05925,0.111223
95.5547,-1.04562,0.116854
95.6745,-1.0311299999999999,0.125576
95.7943,-1.0154,0.137533
95.914,-0.998073,0.152231
96.0338,-0.978856,0.168899
96.1536,-0.9575620000000001,0.186791
96.2734,-0.9340799999999999,0.20536999999999997
96.3932,-0.9083450000000001,0.22438699999999998
96.5142,-0.8799959999999999,0.244077
96.6389,-0.848259,0.265117
96.7672,-0.812793,0.288019
96.8993,-0.773101,0.313513
97.0362,-0.728201,0.34272800000000003
97.1813,-0.675992,0.377644
97.3293,-0.6171439999999999,0.41851700000000003
97.4774,-0.551778,0.46594399999999997
97.6254,-0.47881899999999994,0.5213869999999999
97.7499,-0.41057899999999997,0.5754819999999999
97.8745,-0.33512,0.637494
97.9991,-0.25139,0.708391
98.1236,-0.158243,0.7887609999999999
98.2482,-0.05450359999999999,0.8782719999999999
98.3728,0.06085549999999999,0.9747450000000001
98.5082,0.200132,1.0810600000000001
98.6661,0.379739,1.18793
98.7618,0.49549099999999996,1.2285700000000002
98.8437,0.596738,1.23838
98.9256,0.697554,1.21674
98.9909,0.7756029999999999,1.1723
99.0561,0.8498899999999999,1.10114
99.1213,0.918646,1.00279
99.1784,0.9729469999999999,0.895857
99.2355,1.0206600000000001,0.772641
99.2926,1.06097,0.637767
99.3497,1.0933899999999999,0.497108
99.4068,1.1177700000000002,0.357245
99.4657,1.1347200000000002,0.22096799999999997
99.5285,1.1444299999999998,0.0913178
99.6001,1.14648,-0.028657099999999998
99.6736,1.14091,-0.116541
99.7472,1.13024,-0.16753900000000002
99.8112,1.11885,-0.184314
99.8752,1.10711,-0.179465
99.9392,1.0962399999999999,-0.15782100000000002
100.0,1.08756,-0.12640099999999999
