,x,xdot
1e-06,6.04e-10,0.000608
6e-06,3.744e-09,0.000648
3.1e-05,2.2444000000000002e-08,0.000848
0.000156,1.90944e-07,0.001848
0.000781,2.90844e-06,0.00684797
0.003906,6.337e-05,0.0318473
0.019531,0.0015374,0.15682000000000001
0.09765599999999999,0.038154900000000005,0.779909
0.196097,0.153204,1.55479
0.294537,0.343401,2.30249
0.392978,0.6041489999999999,2.97516
0.448615,0.778469,3.2774900000000002
0.495036,0.934975,3.4504300000000003
0.535586,1.07651,3.5147800000000005
0.576136,1.21856,3.4710900000000002
0.609572,1.3326200000000001,3.33511
0.643008,1.4404299999999999,3.09519
0.672509,1.52747,2.79071
0.70201,1.60422,2.39823
0.731511,1.66815,1.9225599999999998
0.761013,1.7169400000000001,1.37481
0.78664,1.74557,0.85375
0.812267,1.76047,0.305805
0.8378950000000001,1.7611599999999998,-0.252508
0.8635219999999999,1.7475900000000002,-0.803916
0.88915,1.72016,-1.33172
0.9147770000000001,1.67966,-1.82108
0.9404040000000001,1.62725,-2.25996
0.966032,1.56433,-2.63979
0.9916590000000001,1.4925,-2.95567
1.01814,1.41068,-3.21338
1.04561,1.3195299999999999,-3.4090199999999995
1.07435,1.21951,-3.5408
1.10465,1.1110200000000001,-3.60806
1.13694,0.994295,-3.61098
1.1717600000000001,0.86945,-3.55018
1.20989,0.7362890000000001,-3.42611
1.25253,0.594069,-3.2378099999999996
1.3018,0.440774,-2.97992
1.36259,0.27010500000000004,-2.63159
1.45108,0.0604141,-2.10656
1.53957,-0.10281099999999999,-1.58356
1.63179,-0.224017,-1.0467600000000001
1.74042,-0.30394499999999997,-0.427784
1.86263,-0.315128,0.237398
1.96344,-0.265262,0.744337
2.06425,-0.166713,1.20213
2.16506,-0.0246477,1.60755
2.26587,0.155615,1.95927
2.3507,0.33260500000000004,2.2047
2.42188,0.495345,2.35758
2.48264,0.641108,2.4293099999999996
2.5434,0.7889729999999999,2.42237
2.59166,0.9042459999999999,2.34238
2.63992,1.01376,2.18135
2.68195,1.1011600000000001,1.96662
2.72397,1.17802,1.67891
2.76599,1.24127,1.3203
2.80802,1.28811,0.899259
2.84422,1.31348,0.497846
2.88041,1.32388,0.0740274
2.91661,1.31875,-0.357442
2.95281,1.29809,-0.7813720000000001
2.98901,1.26244,-1.1836799999999998
3.02521,1.2128,-1.55273
3.0614,1.1505299999999998,-1.88028
3.0976,1.07723,-2.16189
3.13475,0.9923059999999999,-2.40232
3.1733700000000002,0.895497,-2.60292
3.21398,0.786346,-2.76592
3.25723,0.663767,-2.89552
3.3041,0.525509,-2.9981299999999997
3.3562,0.36700000000000005,-3.08299
3.4166,0.178325,-3.1634599999999997
3.49261,-0.0658232,-3.26052
3.58216,-0.362914,-3.37278
3.6502199999999996,-0.594615,-3.4264300000000003
3.70165,-0.770787,-3.41497
3.74615,-0.921409,-3.3420199999999998
3.79066,-1.06702,-3.18582
3.8275,-1.1808100000000001,-2.97712
3.86435,-1.2854,-2.68545
3.9012,-1.37763,-2.30558
3.9327099999999997,-1.44425,-1.9119099999999998
3.96423,-1.49753,-1.46115
3.99574,-1.53586,-0.964276
4.02726,-1.55799,-0.43660699999999997
4.05877,-1.56324,0.103403
4.09029,-1.55155,0.635857
4.1218,-1.52345,1.1413799999999998
4.15331,-1.48007,1.6029799999999998
4.184830000000001,-1.4230200000000002,2.00745
4.21634,-1.3542399999999999,2.3462
4.24786,-1.27587,2.61538
4.27937,-1.19012,2.81537
4.31176,-1.0965200000000002,2.95282
4.34578,-0.994567,3.03015
4.3819300000000005,-0.884542,3.04753
4.4208,-0.766732,3.00516
4.46321,-0.641278,2.90283
4.51037,-0.508062,2.7387
4.56431,-0.366438,2.50653
4.62907,-0.21425100000000002,2.18748
4.71966,-0.038041900000000003,1.6954900000000002
4.81548,0.09782539999999999,1.13401
4.9113,0.178136,0.536691
5.01888,0.198207,-0.168718
5.1561,0.111371,-1.10103
5.24881,-0.0203243,-1.7405400000000002
5.3333,-0.19203599999999998,-2.3237799999999997
5.4177800000000005,-0.412546,-2.8910299999999998
5.50226,-0.678683,-3.39059
5.55197,-0.8529370000000001,-3.6077
5.59435,-1.0084,-3.7128300000000003
5.6367400000000005,-1.16618,-3.7116800000000003
5.67063,-1.29054,-3.61151
5.70452,-1.4097600000000001,-3.4053400000000003
5.734030000000001,-1.50643,-3.12948
5.76355,-1.5935700000000002,-2.75959
5.793069999999999,-1.6684299999999999,-2.2973
5.81902,-1.722,-1.8210099999999998
5.84497,-1.76247,-1.2900200000000002
5.87093,-1.7886099999999998,-0.718673
5.89688,-1.79958,-0.12447799999999999
5.92283,-1.7950400000000002,0.473175
5.94879,-1.7751599999999998,1.0545799999999999
5.97474,-1.7406,1.60133
6.0006900000000005,-1.69248,2.09776
6.02664,-1.63225,2.53192
6.0526,-1.56166,2.89613
6.07855,-1.48256,3.18695
6.10493,-1.39542,3.40775
6.13235,-1.2997100000000001,3.56132
6.16115,-1.19575,3.64669
6.19168,-1.08398,3.66313
6.2244,-0.9648,3.61026
6.259930000000001,-0.838514,3.4875300000000005
6.29919,-0.705268,3.29317
6.34359,-0.564898,3.0220599999999997
6.3958,-0.41640200000000005,2.66005
6.46282,-0.254769,2.15916
6.55585,-0.08739580000000001,1.43611
6.64888,0.0121505,0.703421
6.750589999999999,0.0429672,-0.0964313
6.88667,-0.0420055,-1.14696
6.982589999999999,-0.186495,-1.8611099999999998
7.0785,-0.3977,-2.53293
7.15326,-0.604753,-2.99229
7.2077800000000005,-0.77542,-3.25549
7.253760000000001,-0.92875,-3.3990199999999997
7.294289999999999,-1.06765,-3.4399800000000003
7.33482,-1.2061600000000001,-3.3755
7.36856,-1.31778,-3.22402
7.4023,-1.42261,-2.97135
7.43605,-1.5171,-2.6109
7.464589999999999,-1.58626,-2.2219900000000004
7.4931399999999995,-1.6432799999999999,-1.76167
7.5216899999999995,-1.6862599999999999,-1.24045
7.55024,-1.71366,-0.67371
7.57878,-1.7244700000000002,-0.08066569999999999
7.60733,-1.71822,0.5171439999999999
7.63588,-1.69511,1.09785
7.66442,-1.6559,1.64127
7.69297,-1.60192,2.1306599999999998
7.72152,-1.53488,2.5539
7.75006,-1.4568,2.9039599999999997
7.7786100000000005,-1.3698,3.17877
7.8071600000000005,-1.27601,3.3805099999999997
7.83668,-1.1740000000000002,3.51807
7.8678,-1.0631700000000002,3.59401
7.900980000000001,-0.9435020000000001,3.6094699999999995
7.93681,-0.814786,3.56601
7.97615,-0.676345,3.4652199999999995
8.02035,-0.5265340000000001,3.30761
8.07196,-0.361344,3.08945
8.13787,-0.167553,2.78836
8.22626,0.06079690000000001,2.37928
8.31465,0.253209,1.9749599999999998
8.408430000000001,0.418209,1.5418399999999999
8.49008,0.5282560000000001,1.15121
8.57173,0.605784,0.745761
8.65338,0.649837,0.333311
8.72418,0.660932,-0.0177022
8.79497,0.647795,-0.349045
8.86577,0.6122609999999999,-0.648621
8.93657,0.556914,-0.907586
9.00737,0.484814,-1.1215899999999999
9.07817,0.399163,-1.2906799999999998
9.151589999999999,0.299315,-1.4220899999999999
9.22983,0.18399300000000002,-1.51886
9.316239999999999,0.0497531,-1.58097
9.42066,-0.116818,-1.5992
9.51175,-0.261204,-1.56188
9.60285,-0.399568,-1.4648299999999999
9.67765,-0.5044489999999999,-1.33036
9.75245,-0.5971569999999999,-1.13825
9.82725,-0.673191,-0.884331
9.90206,-0.727964,-0.5708
9.967089999999999,-0.755073,-0.257492
10.0321,-0.760883,0.08208410000000001
10.0972,-0.744125,0.434216
10.1622,-0.704434,0.785233
10.2272,-0.642261,1.1241700000000001
10.2922,-0.558624,1.44477
10.3585,-0.45255,1.75193
10.4284,-0.319326,2.05894
10.5045,-0.150396,2.38364
10.5892,0.066799,2.74595
10.6761,0.321884,3.11744
10.7631,0.607973,3.44685
10.8147,0.7893939999999999,3.5798400000000004
10.8586,0.9479620000000001,3.62301
10.9026,1.1064399999999999,3.57047
10.9378,1.23017,3.4377
10.972999999999999,1.34756,3.20779
11.0039,1.4422700000000002,2.91783
11.0347,1.52672,2.54168
11.0656,1.59825,2.08184
11.0965,1.65441,1.54742
11.123,1.6888599999999998,1.03938
11.1496,1.70938,0.50143
11.1762,1.71538,-0.0503075
11.2027,1.7067299999999999,-0.598503
11.2293,1.68376,-1.12602
11.2559,1.6472200000000001,-1.6172799999999998
11.2824,1.59826,-2.05938
11.309000000000001,1.53831,-2.4428400000000003
11.3356,1.46902,-2.7619
11.3627,1.3904,-3.01918
11.3908,1.3026799999999998,-3.21367
11.4202,1.20634,-3.3435
11.450999999999999,1.1018700000000001,-3.4074699999999996
11.4839,0.9897610000000001,-3.405
11.5193,0.870417,-3.3357099999999997
11.5578,0.744168,-3.19873
11.6008,0.611206,-2.99137
11.6498,0.471442,-2.7063099999999998
11.7083,0.323945,-2.32356
11.7875,0.16184400000000002,-1.7659099999999999
11.8806,0.0292045,-1.07781
11.9763,-0.0391937,-0.34963099999999997
12.091,-0.028360700000000003,0.540421
12.1912,0.06497180000000001,1.32189
12.2793,0.211443,2.00223
12.3674,0.416959,2.6577599999999997
12.4554,0.6773779999999999,3.23521
12.5062,0.848475,3.4870699999999997
12.5494,1.00222,3.6189699999999996
12.5926,1.15943,3.6421900000000003
12.6269,1.28336,3.5598300000000003
12.6613,1.40265,3.36979
12.6911,1.4994,3.10725
12.7209,1.58691,2.7492099999999997
12.7507,1.6623299999999999,2.29693
12.7768,1.7163599999999999,1.8292
12.8029,1.75741,1.30526
12.829,1.7841799999999999,0.739265
12.8552,1.79581,0.148646
12.8813,1.7919,-0.447183
12.9074,1.7725799999999998,-1.02839
12.9335,1.7384700000000002,-1.57636
12.9596,1.69065,-2.07518
12.9858,1.63059,-2.51264
13.0119,1.55999,-2.88084
13.038,1.48072,-3.17616
13.0645,1.3935600000000001,-3.4012599999999997
13.0919,1.2977299999999998,-3.5601199999999995
13.1208,1.19351,-3.65202
13.1514,1.0812700000000002,-3.67646
13.1842,0.961324,-3.6334199999999996
13.2197,0.833834,-3.5228300000000004
13.259,0.6987220000000001,-3.3436800000000004
13.3035,0.5553939999999999,-3.09198
13.356,0.401909,-2.7553
13.4241,0.229973,-2.2865900000000003
13.5123,0.0558735,-1.6643
13.6004,-0.0633236,-1.04214
13.6982,-0.13183,-0.359844
13.8269,-0.121745,0.509892
13.9388,-0.024283900000000004,1.22586
14.0506,0.15063800000000002,1.8933400000000002
14.1624,0.396617,2.49
14.2292,0.5731470000000001,2.78365
14.2848,0.733211,2.96252
14.3328,0.877567,3.04338
14.3807,1.0236299999999998,3.02902
14.4196,1.1396700000000002,2.92808
14.4585,1.24999,2.73211
14.4925,1.33883,2.47437
14.5265,1.4174799999999999,2.13346
14.5606,1.48315,1.7124099999999998
14.5946,1.53324,1.22075
14.624,1.56228,0.752265
14.6533,1.57713,0.256781
14.6827,1.57724,-0.24993600000000002
14.712,1.56251,-0.751311
14.7414,1.53335,-1.23139
14.7707,1.49058,-1.6761700000000002
14.8001,1.4354200000000001,-2.0746599999999997
14.8294,1.36934,-2.4194299999999997
14.8587,1.29398,-2.70683
14.8892,1.20783,-2.94409
14.9209,1.11145,-3.12865
14.9541,1.00499,-3.26063
14.9894,0.888332,-3.3416699999999997
15.0273,0.760893,-3.37469
15.0687,0.621345,-3.36361
15.115,0.46685699999999997,-3.31301
15.1687,0.291031,-3.22687
15.2371,0.0746123,-3.1033
15.3251,-0.191572,-2.9456900000000004
15.42,-0.46276999999999996,-2.7654099999999997
15.4827,-0.631601,-2.61235
15.5372,-0.7695390000000001,-2.4344900000000003
15.5918,-0.896223,-2.19727
15.6378,-0.991555,-1.94137
15.6838,-1.07385,-1.6299299999999999
15.7297,-1.14058,-1.26462
15.7703,-1.18464,-0.9042469999999999
15.8108,-1.21353,-0.5181060000000001
15.8513,-1.22646,-0.119197
15.8918,-1.22322,0.277587
15.9324,-1.2041899999999999,0.6571020000000001
15.9729,-1.1703700000000001,1.0056200000000002
16.0134,-1.12325,1.3122
16.054000000000002,-1.06467,1.56955
16.0945,-0.9967280000000001,1.7742099999999998
16.1358,-0.920048,1.92868
16.1789,-0.8345450000000001,2.03475
16.2243,-0.74068,2.09223
16.2727,-0.6389229999999999,2.10111
16.3251,-0.529645,2.06123
16.3828,-0.41307,1.97128
16.4479,-0.289194,1.82686
16.5244,-0.157402,1.6151
16.6237,-0.012789100000000001,1.28902
16.7407,0.11255599999999999,0.8431700000000001
16.8577,0.182142,0.33684899999999995
16.9778,0.188637,-0.236688
17.1189,0.104649,-0.9614729999999999
17.2157,-0.0135311,-1.4816799999999999
17.3063,-0.170174,-1.9792
17.3968,-0.37190300000000004,-2.47358
17.4874,-0.616819,-2.9220099999999998
17.5446,-0.790559,-3.13896
17.592,-0.9423159999999999,-3.24537
17.6336,-1.07792,-3.25785
17.6752,-1.21205,-3.17043
17.7098,-1.3191700000000002,-3.00556
17.7444,-1.41897,-2.7462
17.779,-1.50809,-2.38747
17.8084,-1.57267,-2.00725
17.8377,-1.62516,-1.56354
17.867,-1.6638400000000002,-1.06741
17.8963,-1.6873900000000002,-0.5343180000000001
17.9256,-1.6949900000000002,0.0169596
17.955,-1.68642,0.5659109999999999
17.9843,-1.66203,1.09215
18.0136,-1.62278,1.57725
18.0429,-1.5701,2.0062900000000004
18.0722,-1.50579,2.36878
18.1016,-1.43191,2.65895
18.1309,-1.3506,2.87554
18.1602,-1.26399,3.0209900000000003
18.1911,-1.1691799999999999,3.1031299999999997
18.2238,-1.0671,3.11953
18.2589,-0.958432,3.06888
18.2969,-0.8438,2.94962
18.3389,-0.7238899999999999,2.75884
18.3862,-0.599467,2.49018
18.4416,-0.47138199999999997,2.1286
18.5115,-0.339908,1.62972
18.6077,-0.21778000000000003,0.903309
18.7039,-0.166643,0.157665
18.8053,-0.190693,-0.631862
18.9087,-0.297245,-1.4259600000000001
18.9973,-0.45270299999999997,-2.07591
19.0859,-0.662963,-2.65235
19.1437,-0.825298,-2.9464799999999998
19.1915,-0.9702700000000001,-3.10595
19.2333,-1.10156,-3.15713
19.2751,-1.2328299999999999,-3.10101
19.3097,-1.33794,-2.95709
19.3443,-1.43638,-2.71391
19.3789,-1.52459,-2.36642
19.4081,-1.58836,-1.9940099999999998
19.4373,-1.6402700000000001,-1.55529
19.4664,-1.67855,-1.06138
19.4956,-1.7018,-0.527809
19.5248,-1.70913,0.0264817
19.5539,-1.70025,0.5807329999999999
19.5831,-1.67546,1.11425
19.6123,-1.63564,1.60826
19.6415,-1.58217,2.04751
19.6706,-1.51683,2.42122
19.6998,-1.44163,2.72342
19.729,-1.35867,2.9527200000000002
19.7581,-1.27007,3.11159
19.7887,-1.17317,3.20843
19.8211,-1.0685,3.24218
19.8558,-0.956442,3.21245
19.8934,-0.8372940000000001,3.11896
19.9348,-0.711166,2.9607099999999997
19.9816,-0.577799,2.73432
20.0365,-0.43595100000000003,2.4294599999999997
20.1067,-0.279905,2.00906
20.204,-0.113446,1.4118700000000002
20.3014,-0.00488742,0.821677
20.4058,0.0486679,0.20833400000000002
20.5387,0.0266983,-0.529675
20.6827,-0.102968,-1.25732
20.8065,-0.293498,-1.80434
20.8875,-0.451959,-2.10166
20.9551,-0.600901,-2.29046
21.0131,-0.736872,-2.38669
21.0711,-0.8760680000000001,-2.39731
21.1175,-0.9858979999999999,-2.32595
21.1639,-1.09048,-2.16919
21.2042,-1.17394,-1.95567
21.2445,-1.24727,-1.66773
21.2849,-1.3075299999999999,-1.30834
21.3205,-1.34764,-0.939392
21.355999999999998,-1.37391,-0.532505
21.3916,-1.38524,-0.101381
21.4272,-1.38103,0.338198
21.4628,-1.36127,0.7699050000000001
21.4983,-1.3265200000000001,1.17851
21.5339,-1.27785,1.55132
21.5695,-1.21668,1.8792400000000002
21.6051,-1.14473,2.15713
21.6406,-1.0638100000000001,2.3838
21.6776,-0.972046,2.56752
21.7165,-0.869394,2.70906
21.7577,-0.755383,2.81092
21.8022,-0.628837,2.87732
21.851,-0.487289,2.9142099999999997
21.9064,-0.32550999999999997,2.92952
21.9728,-0.130804,2.9336900000000004
22.0656,0.141775,2.94082
22.1619,0.42532,2.94415
22.2274,0.61751,2.91322
22.2813,0.7728010000000001,2.83897
22.3352,0.9223020000000001,2.69409
22.3784,1.0347899999999999,2.5103
22.4215,1.13782,2.25462
22.4646,1.22817,1.92127
22.5011,1.29217,1.57958
22.5376,1.34279,1.18885
22.574,1.3784100000000001,0.759387
22.6105,1.39788,0.305631
22.647,1.40062,-0.155118
22.6834,1.38671,-0.6044609999999999
22.7199,1.3568799999999999,-1.0248700000000002
22.7564,1.31249,-1.40149
22.7929,1.25532,-1.7234
22.8293,1.1875200000000001,-1.9841900000000001
22.8658,1.1113600000000001,-2.1819
22.9023,1.02912,-2.31828
22.9405,0.9387459999999999,-2.40043
22.980999999999998,0.8408100000000001,-2.42761
23.0244,0.735887,-2.39932
23.0715,0.6245470000000001,-2.31468
23.1237,0.507373,-2.17139
23.1828,0.38502800000000004,-1.9636099999999999
23.2523,0.25833,-1.67651
23.3409,0.127687,-1.26491
23.4713,0.00576577,-0.5939479999999999
23.6016,-0.0246115,0.136607
23.7256,0.037543,0.871821
23.8217,0.14948599999999998,1.45965
23.9194,0.32156799999999996,2.0598400000000003
24.0172,0.551135,2.6263
24.0846,0.739499,2.95139
24.136,0.896209,3.12515
24.1801,1.03588,3.19322
24.2242,1.17638,3.1585799999999997
24.26,1.28751,3.0362
24.2958,1.39254,2.81585
24.3272,1.47669,2.53585
24.3585,1.5507799999999998,2.17384
24.3899,1.61227,1.7346599999999999
24.4213,1.6589099999999999,1.2293
24.4484,1.68585,0.7519560000000001
24.4755,1.6995,0.251749
24.5027,1.69944,-0.255529
24.5298,1.68572,-0.7534850000000001
24.5569,1.6588,-1.22641
24.584,1.61954,-1.66048
24.6111,1.56918,-2.0446400000000002
24.6383,1.50915,-2.37118
24.6657,1.44025,-2.63864
24.694000000000003,1.3625200000000002,-2.84693
24.7234,1.27646,-2.9933400000000003
24.7543,1.18268,-3.0756200000000002
24.7869,1.08176,-3.0921
24.8219,0.974349,-3.04141
24.8598,0.8610899999999999,-2.92184
24.9016,0.742691,-2.7303599999999997
24.9489,0.619946,-2.46045
25.0042,0.49371899999999996,-2.09666
25.0744,0.364061,-1.59215
25.1787,0.238975,-0.801195
25.283,0.197443,0.00562097
25.3873,0.24000100000000002,0.808233
25.4916,0.365237,1.58661
25.5959,0.568804,2.2998
25.6647,0.740992,2.6893599999999998
25.7179,0.890352,2.90865
25.7635,1.02539,3.01036
25.809,1.16272,3.00483
25.8457,1.27155,2.9032299999999998
25.8824,1.37483,2.70122
25.9145,1.4574799999999999,2.4363
25.9466,1.53029,2.08795
25.9787,1.59063,1.66095
26.0108,1.63615,1.16631
26.0385,1.66202,0.698529
26.0661,1.67458,0.207008
26.0938,1.6734,-0.29252399999999995
26.1214,1.65847,-0.78377
26.1491,1.63026,-1.25115
26.1768,1.5896,-1.6810200000000002
26.2044,1.5377,-2.0625400000000003
26.2321,1.47601,-2.38827
26.2601,1.4052,-2.65721
26.289,1.32525,-2.86957
26.319000000000003,1.23658,-3.02323
26.3505,1.13963,-3.11668
26.3839,1.03482,-3.1492299999999998
26.4197,0.922477,-3.12079
26.4586,0.802778,-3.03143
26.5015,0.675653,-2.88055
26.5502,0.540483,-2.66514
26.6078,0.39516,-2.37495
26.6839,0.230026,-1.9667400000000002
26.776999999999997,0.0704276,-1.46092
26.8702,-0.0425014,-0.9664370000000001
26.9766,-0.116244,-0.42415699999999995
27.1161,-0.12845499999999999,0.23873699999999998
27.2436,-0.0626972,0.7821819999999999
27.371,0.0679276,1.25512
27.502,0.25953200000000004,1.65477
27.5843,0.403989,1.8459599999999998
27.6561,0.540848,1.9567400000000001
27.7191,0.6656380000000001,1.99343
27.7821,0.790453,1.95422
27.834,0.889581,1.85085
27.886,0.981442,1.6730900000000002
27.9379,1.0620100000000001,1.4156799999999998
27.9818,1.11826,1.1367
28.0258,1.16113,0.807283
28.0697,1.18859,0.437645
28.1136,1.19919,0.0419795
28.1575,1.19214,-0.362983
28.2014,1.1674200000000001,-0.7599819999999999
28.2454,1.12573,-1.1333799999999998
28.2893,1.0683799999999999,-1.47097
28.3332,0.997144,-1.76512
28.3771,0.913999,-2.01304
28.4211,0.820958,-2.2163
28.4666,0.716079,-2.3851400000000003
28.515,0.59706,-2.52683
28.5675,0.460992,-2.64887
28.6262,0.302177,-2.76214
28.695,0.10806600000000001,-2.88358
28.7822,-0.150122,-3.03956
28.8764,-0.444489,-3.20002
28.9391,-0.647475,-3.26729
28.9896,-0.812797,-3.26586
29.0338,-0.9558030000000001,-3.19887
29.078000000000003,-1.09407,-3.04757
29.1148,-1.20296,-2.84143
29.1517,-1.30274,-2.55294
29.1886,-1.39029,-2.17815
29.2203,-1.4532399999999999,-1.79
29.2519,-1.5030299999999999,-1.34734
29.2836,-1.53808,-0.861613
29.3153,-1.55728,-0.34829699999999997
29.3469,-1.56003,0.174324
29.3786,-1.54635,0.686851
29.4102,-1.51685,1.17065
29.4419,-1.47272,1.6096
29.4735,-1.41556,1.99138
29.5052,-1.34734,2.30816
29.5368,-1.27017,2.5566299999999997
29.5685,-1.18621,2.73752
29.6013,-1.09412,2.85798
29.6359,-0.9940399999999999,2.91819
29.6727,-0.8864219999999999,2.91776
29.7124,-0.771713,2.8563400000000003
29.7558,-0.650299,2.73294
29.8041,-0.5224770000000001,2.54458
29.8596,-0.388372,2.28326
29.9264,-0.24750100000000003,1.9271
30.0195,-0.09314910000000001,1.3850200000000001
30.1222,0.0165403,0.744698
30.23,0.0589882,0.0371411
30.3658,0.00152465,-0.888573
30.4599,-0.112854,-1.54272
30.5452,-0.26959299999999997,-2.13385
30.6304,-0.47596000000000005,-2.70149
30.7052,-0.695029,-3.13636
30.7568,-0.8628379999999999,-3.36024
30.8005,-1.01229,-3.4687300000000003
30.8441,-1.16428,-3.47096
30.879,-1.28403,-3.37446
30.914,-1.3986299999999998,-3.17385
30.9443,-1.4912,-2.90555
30.9747,-1.5742399999999999,-2.54657
31.0051,-1.6450200000000001,-2.09939
31.0318,-1.6951,-1.6402700000000001
31.0585,-1.7322099999999998,-1.13052
31.0852,-1.75518,-0.584538
31.1119,-1.7632700000000001,-0.0196149
31.1387,-1.75623,0.545388
31.1654,-1.7343,1.09158
31.1921,-1.69823,1.60158
31.2188,-1.6491799999999999,2.06086
31.2455,-1.58866,2.4586200000000002
31.2722,-1.51842,2.78819
31.299,-1.44032,3.04696
31.3264,-1.35391,3.24005
31.355,-1.2592,3.3675
31.3851,-1.1566299999999998,3.428
31.4172,-1.04671,3.4206
31.4517,-0.929901,3.34458
31.4893,-0.8066220000000001,3.19867
31.5311,-0.677198,2.97987
31.5789,-0.5417420000000001,2.68057
31.6362,-0.399594,2.28031
31.7144,-0.24390599999999998,1.69659
31.8041,-0.122528,1.00691
31.8965,-0.0625065,0.293354
32.0037,-0.0751808,-0.527289
32.11,-0.173551,-1.31954
32.2162,-0.354222,-2.07159
32.3225,-0.610613,-2.73045
32.3791,-0.773059,-2.99932
32.427,-0.9208540000000001,-3.14865
32.4692,-1.055,-3.19495
32.5114,-1.18898,-3.13707
32.5465,-1.2966799999999998,-2.9931099999999997
32.5815,-1.39763,-2.7506
32.6166,-1.48825,-2.40373
32.6462,-1.55406,-2.03028
32.6758,-1.60778,-1.58912
32.7054,-1.64757,-1.09105
32.735,-1.67196,-0.551446
32.7646,-1.68,0.010714299999999998
32.7942,-1.6713099999999999,0.5744859999999999
32.8238,-1.64618,1.11889
32.8534,-1.60545,1.6248799999999999
32.883,-1.55051,2.0769599999999997
32.9126,-1.4831299999999998,2.46423
32.9422,-1.40533,2.78078
32.9718,-1.31922,3.0253799999999997
33.0014,-1.2269,3.20077
33.0323,-1.12578,3.3164300000000004
33.0651,-1.01599,3.3727400000000003
33.1002,-0.8975850000000001,3.3706400000000003
33.1382,-0.770361,3.31152
33.1802,-0.633582,3.19663
33.2278,-0.485418,3.0255900000000002
33.2842,-0.321126,2.79224
33.3604,-0.121154,2.45903
33.4476,0.0767681,2.07816
33.5372,0.245662,1.69564
33.639,0.396364,1.26306
33.7409,0.502771,0.8252940000000001
33.8253,0.557013,0.461185
33.9096,0.580819,0.105772
33.994,0.575497,-0.226917
34.0783,0.543578,-0.5226770000000001
34.1627,0.48866000000000004,-0.770836
34.247,0.415017,-0.9662270000000001
34.3314,0.32712800000000003,-1.1090200000000001
34.4157,0.229287,-1.20297
34.505,0.119301,-1.25473
34.6057,-0.00779119,-1.26017
34.7144,-0.142352,-1.20566
34.8253,-0.26995,-1.08191
34.9174,-0.362583,-0.92165
35.0094,-0.437899,-0.7053590000000001
35.1015,-0.49072899999999997,-0.433626
35.1935,-0.516225,-0.11309000000000001
35.2856,-0.510428,0.243869
35.3776,-0.47067600000000004,0.622205
35.4712,-0.394098,1.0154299999999998
35.5676,-0.276573,1.42293
35.6684,-0.11146400000000001,1.85365
35.7718,0.10360699999999999,2.30671
35.8552,0.311399,2.67501
35.9387,0.549094,3.01592
35.9982,0.7345510000000001,3.20465
36.0468,0.892697,3.2915699999999997
36.0892,1.03271,3.2917
36.1317,1.17079,3.19628
36.1669,1.28062,3.0280400000000003
36.2021,1.38293,2.76763
36.2373,1.47435,2.4094700000000002
36.2671,1.54074,2.03048
36.2969,1.59485,1.5882399999999999
36.3268,1.63496,1.09348
36.3566,1.6597099999999998,0.561454
36.3864,1.6682700000000001,0.010819
36.4162,1.6603700000000001,-0.537896
36.4461,1.6364,-1.0642200000000002
36.4759,1.5973,-1.54962
36.5057,1.5445200000000001,-1.9790900000000002
36.5356,1.4799,-2.3420799999999997
36.5654,1.40552,-2.63287
36.5952,1.3235700000000001,-2.85023
36.625,1.2362,-2.99674
36.6564,1.14062,-3.08034
36.6897,1.03767,-3.09908
36.7253,0.9279629999999999,-3.05189
36.7639,0.812106,-2.93744
36.8065,0.690725,-2.75312
36.8546,0.564509,-2.49297
36.9107,0.434225,-2.14268
36.9811,0.300202,-1.6611900000000002
37.0928,0.15972999999999998,-0.8462790000000001
37.2045,0.112203,-0.00131806
37.3162,0.159856,0.854917
37.4071,0.26906599999999997,1.54691
37.498000000000005,0.44025699999999995,2.2141900000000003
37.5888,0.669279,2.80757
37.6449,0.8351200000000001,3.09191
37.6914,0.982823,3.24473
37.7322,1.11636,3.2902
37.7729,1.2496399999999999,3.2279299999999997
37.8068,1.3565,3.07797
37.8406,1.45661,2.82764
37.8744,1.54649,2.4716299999999998
37.9029,1.6117299999999999,2.09024
37.9314,1.6651,1.64107
37.9599,1.70482,1.13516
37.9885,1.72947,0.58808
38.016999999999996,1.73816,0.018909099999999998
38.0455,1.7305400000000002,-0.551321
38.0741,1.7069,-1.1015
38.1026,1.6680700000000002,-1.61236
38.1311,1.61543,-2.06803
38.1596,1.55072,-2.4571400000000003
38.1882,1.47594,-2.77314
38.2167,1.39321,-3.0142
38.2452,1.30466,-3.18241
38.275,1.20821,-3.28585
38.3064,1.10409,-3.32407
38.34,0.992711,-3.29647
38.3764,0.8744700000000001,-3.20245
38.4163,0.7496430000000001,-3.04071
38.4612,0.6182979999999999,-2.8075799999999997
38.5133,0.47993800000000003,-2.4931099999999997
38.5783,0.331692,-2.06605
38.677,0.16100799999999998,-1.38984
38.7757,0.0573341,-0.711979
38.8772,0.0199067,-0.0287078
39.0012,0.06653939999999998,0.773706
39.1311,0.218815,1.55851
39.2445,0.43092299999999994,2.1667799999999997
39.3145,0.593755,2.47559
39.3726,0.743463,2.66411
39.4228,0.8796459999999999,2.7522900000000003
39.4729,1.0179799999999999,2.74534
39.5135,1.12792,2.6516
39.5542,1.23221,2.46513
39.5897,1.31569,2.21905
39.6253,1.38901,1.89385
39.6608,1.4494200000000002,1.4935200000000002
39.6964,1.49441,1.02833
39.727,1.51926,0.58719
39.7577,1.5302,0.12346800000000001
39.7884,1.5267600000000001,-0.347492
39.819,1.5089700000000001,-0.809883
39.8497,1.47732,-1.24882
39.8804,1.43274,-1.65155
39.9111,1.37648,-2.00842
39.9417,1.31006,-2.31325
39.973,1.23365,-2.56766
40.0053,1.1472200000000001,-2.77182
40.039,1.05098,-2.92518
40.0746,0.9450059999999999,-3.0283
40.1124,0.829109,-3.08299
40.1534,0.702625,-3.09216
40.1984,0.5640189999999999,-3.05959
40.2493,0.409933,-2.98927
40.3098,0.23217600000000002,-2.88357
40.3933,-0.00226157,-2.73021
40.4878,-0.2522,-2.5634799999999998
40.5775,-0.474826,-2.39462
40.6442,-0.6295930000000001,-2.2374099999999997
40.7026,-0.755231,-2.05857
40.760999999999996,-0.868942,-1.82677
40.8108,-0.9539569999999999,-1.58
40.8606,-1.0255100000000001,-1.28635
40.9104,-1.08135,-0.949767
40.9602,-1.11955,-0.58006
41.0035,-1.13741,-0.242799
41.0469,-1.14058,0.0960732
41.0902,-1.12925,0.423675
41.1336,-1.10418,0.727815
41.177,-1.0666200000000001,0.998244
41.2203,-1.0182200000000001,1.2275200000000002
41.2637,-0.960841,1.4114
41.3086,-0.8940889999999999,1.55275
41.3554,-0.818986,1.64858
41.4046,-0.736402,1.69734
41.457,-0.6472100000000001,1.6979099999999998
41.5136,-0.552372,1.6489
41.5756,-0.45306199999999996,1.5477299999999998
41.645,-0.350916,1.38891
41.725,-0.24858200000000003,1.16028
41.8225,-0.151098,0.831774
41.9669,-0.0708182,0.266192
42.1112,-0.0778778,-0.375133
42.2192,-0.146041,-0.892863
42.3143,-0.253488,-1.36719
42.4095,-0.40627399999999997,-1.84195
42.5046,-0.602935,-2.28047
42.5748,-0.772351,-2.5369599999999997
42.6291,-0.9138700000000001,-2.6612400000000003
42.6759,-1.03952,-2.69009
42.7227,-1.16436,-2.62284
42.7611,-1.26261,-2.48122
42.7995,-1.3537700000000001,-2.25235
42.8334,-1.42553,-1.97535
42.8672,-1.48674,-1.63012
42.9011,-1.53521,-1.2240799999999998
42.9349,-1.56907,-0.769951
42.9646,-1.5856700000000001,-0.345821
42.9943,-1.5895,0.0881859
43.023999999999994,-1.58049,0.517397
43.0537,-1.55898,0.9274459999999999
43.0833,-1.52575,1.3054
43.113,-1.48191,1.64065
43.1427,-1.42886,1.9255400000000003
43.1729,-1.36705,2.15901
43.20399999999999,-1.29687,2.33858
43.2364,-1.21897,2.46095
43.2704,-1.13405,2.52331
43.3065,-1.04285,2.52327
43.3452,-0.9462280000000001,2.45837
43.3874,-0.8451559999999999,2.32538
43.4342,-0.740833,2.1188
43.4879,-0.634814,1.8273400000000002
43.5528,-0.528995,1.42173
43.6488,-0.423738,0.762713
43.7331,-0.384925,0.156386
43.8173,-0.397579,-0.45668400000000003
43.9015,-0.461596,-1.06016
43.9858,-0.575287,-1.63133
44.07,-0.734421,-2.1303799999999997
44.1366,-0.886776,-2.4287799999999997
44.1882,-1.01617,-2.56679
44.2329,-1.13183,-2.59527
44.2775,-1.24648,-2.5182900000000004
44.3145,-1.33683,-2.36273
44.3514,-1.4197799999999998,-2.1173
44.3883,-1.492,-1.7815
44.4195,-1.54235,-1.43123
44.4508,-1.58091,-1.0293
44.482,-1.60627,-0.5881850000000001
44.5133,-1.61743,-0.123617
44.5445,-1.6139299999999999,0.346647
44.5758,-1.59589,0.804385
44.607,-1.56397,1.23256
44.6383,-1.51932,1.61675
44.6695,-1.4635,1.94619
44.7008,-1.3983299999999999,2.21424
44.732,-1.32578,2.41831
44.7637,-1.24672,2.56091
44.7968,-1.1603700000000001,2.64498
44.8318,-1.06713,2.6691700000000003
44.8693,-0.967592,2.6320200000000002
44.91,-0.862374,2.5318099999999997
44.9549,-0.752125,2.36571
45.0059,-0.63746,2.1276599999999997
45.0663,-0.51865,1.80224
45.147,-0.39201199999999997,1.32887
45.2397,-0.294774,0.768026
45.3325,-0.24944899999999998,0.21184
45.4293,-0.256315,-0.349337
45.5337,-0.322915,-0.918275
45.6451,-0.456099,-1.4598
45.7302,-0.595379,-1.79972
45.798,-0.724584,-1.9969299999999999
45.856,-0.8435,-2.09018
45.913999999999994,-0.96524,-2.09041
45.9606,-1.06114,-2.0074400000000003
46.0073,-1.1512200000000001,-1.83948
46.048,-1.2217799999999999,-1.61945
46.0886,-1.2819999999999998,-1.33165
46.1293,-1.32924,-0.9822200000000001
46.17,-1.36121,-0.582887
46.2052,-1.37523,-0.20879299999999998
46.2405,-1.3758,0.17719400000000002
46.2758,-1.36275,0.561099
46.3111,-1.33639,0.929392
46.3464,-1.29749,1.2702
46.3817,-1.24718,1.5742399999999999
46.417,-1.18689,1.8354099999999998
46.453,-1.11657,2.05513
46.4904,-1.03639,2.23238
46.5294,-0.946549,2.3665700000000003
46.5705,-0.8470690000000001,2.45838
46.6145,-0.737649,2.50976
46.6622,-0.617409,2.52394
46.7151,-0.48435600000000006,2.50524
46.7756,-0.333994,2.45877
46.8498,-0.154138,2.38919
46.9525,0.0863831,2.2991900000000003
47.0617,0.332913,2.2159400000000002
47.1509,0.527058,2.1319
47.2189,0.668802,2.03252
47.2785,0.786316,1.90182
47.3381,0.8944629999999999,1.71625
47.3887,0.9763370000000001,1.50814
47.4394,1.04644,1.25155
47.4901,1.10237,0.94976
47.5346,1.13819,0.653977
47.5792,1.16038,0.33978400000000003
47.6237,1.16838,0.0192745
47.6683,1.1622,-0.29424
47.7129,1.14245,-0.587687
47.7574,1.11029,-0.849626
47.802,1.06733,-1.0713
47.8465,1.0155,-1.2472
47.8911,0.9568969999999999,-1.37506
47.9376,0.890807,-1.45793
47.9866,0.818376,-1.4928
48.0387,0.7407630000000001,-1.47715
48.095,0.659353,-1.4079700000000002
48.1568,0.575963,-1.28063
48.2265,0.493234,-1.0865799999999999
48.3083,0.415455,-0.806873
48.4161,0.35112899999999997,-0.376191
48.5292,0.336696,0.128155
48.6215,0.368636,0.5662229999999999
48.7139,0.44159,1.01358
48.8063,0.555532,1.44913
48.8986,0.707796,1.8351
48.9778,0.8634209999999999,2.0777400000000004
49.0354,0.9861629999999999,2.16731
49.0846,1.09294,2.16223
49.1338,1.19725,2.064
49.1743,1.27788,1.9034799999999998
49.2148,1.35047,1.66724
49.2553,1.4119899999999999,1.35735
49.2898,1.45344,1.04227
49.3242,1.48336,0.689371
49.3587,1.50064,0.311138
49.3931,1.5046700000000002,-0.0776314
49.4275,1.49536,-0.461074
49.461999999999996,1.47315,-0.82371
49.4964,1.439,-1.15182
49.5309,1.39432,-1.43452
49.5653,1.3407799999999999,-1.66439
49.5998,1.2803,-1.8376099999999997
49.6348,1.21376,-1.95508
49.6714,1.1409200000000002,-2.0173099999999997
49.7101,1.06249,-2.02136
49.7517,0.9794280000000001,-1.96363
49.7971,0.8928450000000001,-1.83923
49.848,0.804084,-1.63968
49.9078,0.714526,-1.34513
49.9839,0.628419,-0.9082809999999999
50.0601,0.57726,-0.43129300000000004
50.1362,0.563195,0.0630504
50.2123,0.5868329999999999,0.556355
50.2884,0.647389,1.02955
50.3645,0.742438,1.4577200000000001
50.4407,0.8672690000000001,1.80487
50.5088,0.997734,2.0055
50.5617,1.10575,2.0598400000000003
50.6074,1.19928,2.01663
50.6531,1.28867,1.8773400000000002
50.6915,1.35722,1.68123
50.7299,1.41685,1.41345
50.7683,1.46492,1.0801
50.8016,1.49547,0.7464689999999999
50.835,1.51437,0.383313
50.8683,1.52085,0.00406002
50.9017,1.51462,-0.376542
50.935,1.49589,-0.74369
50.9684,1.46533,-1.0838
51.0017,1.42404,-1.38558
51.035,1.37345,-1.64075
51.0684,1.31521,-1.84434
51.1023,1.24984,-1.9968700000000001
51.1377,1.17734,-2.09805
51.1748,1.09827,-2.14541
51.2144,1.01335,-2.13655
51.2572,0.9233129999999999,-2.0689
51.3041,0.8290059999999999,-1.93887
51.3571,0.731287,-1.7397599999999998
51.42,0.630636,-1.45489
51.5063,0.523816,-1.01573
51.5925,0.45604399999999995,-0.554347
51.6788,0.42815,-0.09410160000000001
51.765,0.43932200000000005,0.349191
51.8513,0.487497,0.761471
51.9408,0.57306,1.13849
52.0392,0.701792,1.4596
52.1116,0.813229,1.60378
52.1721,0.911949,1.6421599999999998
52.2327,1.01026,1.58768
52.2819,1.08564,1.4655200000000002
52.331,1.1532,1.2695
52.3744,1.2034200000000002,1.03661
52.4178,1.24242,0.753312
52.4612,1.26821,0.42958100000000005
52.5046,1.27932,0.0791904
52.548,1.27493,-0.281568
52.5914,1.25498,-0.635668
52.6348,1.22009,-0.9673139999999999
52.6782,1.17155,-1.26366
52.7216,1.11107,-1.51595
52.7649,1.0407,-1.7198799999999999
52.8083,0.962528,-1.87532
52.8523,0.877418,-1.9867299999999999
52.8987,0.7833939999999999,-2.06023
52.9484,0.6798350000000001,-2.09827
53.0027,0.565724,-2.1040799999999997
53.0633,0.43878199999999995,-2.08207
53.1337,0.29356,-2.03772
53.2239,0.112572,-1.97653
53.3394,-0.111818,-1.91641
53.4597,-0.33984200000000003,-1.87453
53.5644,-0.533755,-1.82485
53.6383,-0.666377,-1.75545
53.7028,-0.776539,-1.6535
53.7673,-0.8785040000000001,-1.49932
53.8216,-0.955367,-1.32196
53.876000000000005,-1.02136,-1.09934
53.9303,-1.07409,-0.8347600000000001
53.9777,-1.10761,-0.576527
54.0251,-1.12848,-0.302107
54.0725,-1.1361700000000001,-0.0228305
54.1199,-1.13076,0.24889
54.1673,-1.11289,0.5009170000000001
54.2147,-1.08376,0.7226739999999999
54.2621,-1.045,0.9061040000000001
54.3095,-0.998556,1.04616
54.3575,-0.945846,1.14173
54.4075,-0.887229,1.1924
54.4605,-0.823795,1.1950100000000001
54.5174,-0.756962,1.1455
54.5798,-0.688551,1.0379399999999999
54.6506,-0.621021,0.861022
54.7369,-0.558249,0.584951
54.8328,-0.519167,0.22222399999999998
54.9157,-0.514888,-0.12266600000000001
54.9986,-0.539933,-0.482958
55.0815,-0.59499,-0.8439260000000001
55.1644,-0.679339,-1.18564
55.2473,-0.790254,-1.47898
55.3302,-0.9220889999999999,-1.6822700000000002
55.3942,-1.03231,-1.7439200000000001
55.4468,-1.1235700000000002,-1.71177
55.4994,-1.2108700000000001,-1.5914700000000002
55.5424,-1.27585,-1.42289
55.5854,-1.33223,-1.19164
55.6283,-1.37743,-0.9036290000000001
55.6652,-1.40564,-0.619286
55.7022,-1.42288,-0.311683
55.7391,-1.42852,0.00680625
55.776,-1.42241,0.322747
55.813,-1.40488,0.6228279999999999
55.8499,-1.37675,0.8950319999999999
55.8868,-1.33924,1.1295899999999999
55.9238,-1.29387,1.31956
55.9607,-1.24237,1.46104
55.9989,-1.18461,1.55523
56.038999999999994,-1.12123,1.59881
56.0816,-1.05313,1.58769
56.1277,-0.98135,1.51685
56.1788,-0.9070520000000001,1.37835
56.2385,-0.8311559999999999,1.15426
56.3093,-0.760788,0.8266870000000001
56.38,-0.71523,0.45649399999999996
56.4507,-0.696725,0.0648248
56.5214,-0.706142,-0.33026500000000003
56.5921,-0.743104,-0.7111529999999999
56.6629,-0.805926,-1.05793
56.7336,-0.8913559999999999,-1.34596
56.8043,-0.994193,-1.54456
56.875,-1.10687,-1.61829
56.927,-1.19024,-1.57261
56.9725,-1.2593,-1.45426
57.0179,-1.32126,-1.2603
57.0573,-1.36661,-1.03359
57.0967,-1.4020700000000001,-0.759219
57.1361,-1.42594,-0.447646
57.1755,-1.43703,-0.11270899999999999
57.2149,-1.4347299999999998,0.229546
57.2543,-1.41907,0.562431
57.2937,-1.3907399999999999,0.8703129999999999
57.3331,-1.351,1.14011
57.3725,-1.30154,1.3623
57.4119,-1.2443600000000001,1.5314
57.4513,-1.1816,1.64573
57.4911,-1.11467,1.70727
57.5331,-1.0424799999999999,1.7179200000000001
57.5783,-0.9656030000000001,1.6747900000000002
57.6279,-0.8848540000000001,1.57349
57.684,-0.8010149999999999,1.40603
57.7521,-0.713734,1.14998
57.8343,-0.633578,0.794871
57.9165,-0.583681,0.41781499999999994
57.9987,-0.564908,0.0404992
58.0808,-0.57657,-0.320275
58.163000000000004,-0.6166699999999999,-0.648928
58.2452,-0.681876,-0.928083
58.3284,-0.768422,-1.13838
58.4147,-0.872432,-1.25101
58.4804,-0.9548700000000001,-1.24504
58.5374,-1.02399,-1.16507
58.5945,-1.08644,-1.01126
58.6435,-1.13153,-0.8216030000000001
58.6925,-1.1661299999999999,-0.584281
58.7414,-1.18814,-0.30898600000000004
58.7904,-1.196,-0.00906435
58.8394,-1.18888,0.299792
58.8884,-1.16675,0.6014
58.9373,-1.1303299999999998,0.8810709999999999
58.9863,-1.081,1.1272799999999998
59.0353,-1.0205799999999998,1.33265
59.0843,-0.9511809999999999,1.49422
59.1332,-0.874926,1.6129
59.1833,-0.7919729999999999,1.6940099999999998
59.2365,-0.700376,1.7426
59.2942,-0.599296,1.76141
59.3579,-0.487184,1.7541900000000001
59.4307,-0.360404,1.7261799999999998
59.5197,-0.208558,1.6844599999999998
59.6467,0.00230301,1.6424599999999998
59.7783,0.21768200000000001,1.63581
59.8922,0.40451,1.64583
60.006,0.5915779999999999,1.63192
60.0804,0.711467,1.58281
60.1457,0.812243,1.4963799999999998
60.211000000000006,0.905716,1.35746
60.2662,0.9763229999999999,1.19347
60.3214,1.03667,0.986036
60.3766,1.08445,0.73932
60.4247,1.11432,0.499433
60.4728,1.13228,0.24578899999999998
60.5209,1.13792,-0.0106125
60.568999999999996,1.13141,-0.257961
60.6171,1.11344,-0.48489799999999994
60.6652,1.08524,-0.681675
60.7133,1.04846,-0.840987
60.7614,1.00501,-0.9583649999999999
60.8107,0.955732,-1.03339
60.8624,0.901351,-1.06377
60.9174,0.84309,-1.04541
60.9772,0.7825,-0.9726809999999999
61.0443,0.7215239999999999,-0.835728
61.123999999999995,0.663424,-0.612681
61.2113,0.622683,-0.313168
61.2883,0.6098399999999999,-0.0166025
61.3653,0.6205609999999999,0.29686
61.4422,0.655638,0.6138060000000001
61.5192,0.7147479999999999,0.9181870000000001
61.5962,0.7961560000000001,1.18909
61.6732,0.896267,1.39887
61.7502,1.00909,1.51298
61.8108,1.1012,1.51082
61.861999999999995,1.17687,1.43256
61.9132,1.2465899999999999,1.27797
61.9562,1.2976299999999998,1.0893899999999999
61.9991,1.33948,0.8516090000000001
62.0421,1.37021,0.573399
62.085,1.38835,0.26755500000000004
62.1223,1.3932,-0.00802575
62.1596,1.38778,-0.28124699999999997
62.1969,1.3724,-0.540942
62.2341,1.34774,-0.776972
62.2714,1.31487,-0.98098
62.3087,1.27508,-1.14688
62.3472,1.22835,-1.27431
62.3872,1.17555,-1.35816
62.4292,1.11752,-1.3941
62.474,1.0552,-1.3775700000000002
62.5228,0.989624,-1.3026799999999998
62.5777,0.9218120000000001,-1.15907
62.6437,0.852774,-0.921834
62.7165,0.796999,-0.603854
62.7797,0.7683760000000001,-0.298248
62.8429,0.7595310000000001,0.019430700000000002
62.9062,0.7708109999999999,0.336064
62.9694,0.801736,0.638478
63.0326,0.85096,0.912249
63.0959,0.9161600000000001,1.14076
63.1591,0.9938809999999999,1.3048899999999999
63.2293,1.08904,1.38646
63.2869,1.16851,1.35611
63.336000000000006,1.23284,1.2523600000000001
63.3851,1.29027,1.0749600000000001
63.4269,1.3310600000000001,0.868978
63.4687,1.3623100000000001,0.619483
63.5105,1.38239,0.336954
63.5523,1.39021,0.03491230000000001
63.5941,1.38525,-0.271269
63.6359,1.36769,-0.565918
63.6777,1.3383,-0.834675
63.7195,1.29843,-1.06585
63.7613,1.24983,-1.2513100000000001
63.8031,1.19451,-1.38671
63.8449,1.1346,-1.47128
63.8879,1.07041,-1.50752
63.9337,1.0015100000000001,-1.49478
63.9835,0.9285530000000001,-1.42923
64.0391,0.8522850000000001,-1.30443
64.105,0.772692,-1.1046200000000002
64.1834,0.6969890000000001,-0.819026
64.2619,0.644889,-0.506732
64.3403,0.617657,-0.187885
64.4187,0.61517,0.12180099999999999
64.4972,0.63617,0.40870500000000004
64.5756,0.678342,0.659281
64.6541,0.738265,0.8585969999999999
64.7378,0.816469,0.9956299999999999
64.8214,0.9021319999999999,1.03326
64.8875,0.9690690000000001,0.980132
64.9536,1.0299,0.848147
65.0076,1.07145,0.6827880000000001
65.0616,1.1028,0.47130500000000003
65.1155,1.12168,0.223354
65.1695,1.12649,-0.0478071
65.2168,1.11846,-0.292126
65.2641,1.09895,-0.5318149999999999
65.3113,1.0684200000000001,-0.7572180000000001
65.3586,1.02772,-0.96052
65.4059,0.978049,-1.1363299999999998
65.4546,0.9189379999999999,-1.2858100000000001
65.5051,0.850735,-1.40676
65.5582,0.773544,-1.4987
65.6145,0.687184,-1.56255
65.6752,0.5909909999999999,-1.60073
65.742,0.483358,-1.61732
65.8179,0.360525,-1.61859
65.9097,0.212135,-1.6146399999999999
66.0426,-0.00307067,-1.62943
66.1569,-0.191504,-1.6731599999999998
66.2712,-0.386085,-1.7327299999999999
66.3854,-0.586613,-1.76813
66.4583,-0.715029,-1.74754
66.5214,-0.8235379999999999,-1.6822400000000002
66.5846,-0.926127,-1.55774
66.6371,-1.00413,-1.4007399999999999
66.6897,-1.0725200000000001,-1.19228
66.7423,-1.12863,-0.934632
66.7875,-1.1652200000000001,-0.679866
66.8327,-1.18976,-0.403273
66.8779,-1.20151,-0.116053
66.9231,-1.20028,0.16903800000000002
66.9683,-1.18646,0.439026
67.0135,-1.161,0.682076
67.0587,-1.1253600000000001,0.8886200000000001
67.1039,-1.08133,1.05205
67.1491,-1.03096,1.1689200000000002
67.1955,-0.9748110000000001,1.2399799999999999
67.2444,-0.913466,1.2632299999999999
67.2965,-0.848094,1.23486
67.3533,-0.7801939999999999,1.1495799999999998
67.4168,-0.711681,0.998258
67.4925,-0.644883,0.757949
67.5788,-0.593399,0.425752
67.6652,-0.5725060000000001,0.052897900000000005
67.7406,-0.5814189999999999,-0.29104800000000003
67.816,-0.616499,-0.638908
67.8914,-0.677491,-0.9754950000000001
67.9668,-0.762822,-1.28052
68.0422,-0.869115,-1.52609
68.1198,-0.9941959999999999,-1.6780099999999998
68.1787,-1.09399,-1.6969400000000001
68.2284,-1.1771200000000002,-1.63199
68.2782,-1.2549700000000001,-1.48387
68.3197,-1.31295,-1.29417
68.3613,-1.36184,-1.04751
68.4029,-1.39941,-0.751687
68.4393,-1.4215799999999998,-0.462134
68.4758,-1.43286,-0.155392
68.5122,-1.43284,0.15608
68.5486,-1.42159,0.45933999999999997
68.585,-1.39964,0.7420800000000001
68.6214,-1.3679299999999999,0.9936440000000001
68.6578,-1.32776,1.20577
68.6942,-1.28067,1.37299
68.7315,-1.22707,1.4949
68.7703,-1.1674200000000001,1.5688799999999998
68.8113,-1.1025200000000002,1.5910799999999998
68.8551,-1.0333,1.5571
68.903,-0.9608260000000001,1.46107
68.957,-0.8861700000000001,1.29236
69.0233,-0.809192,1.0196100000000001
69.0974,-0.746775,0.657143
69.1622,-0.715302,0.311469
69.227,-0.706651,-0.0450515
69.2918,-0.721079,-0.398781
69.3566,-0.7579640000000001,-0.735921
69.4214,-0.815739,-1.04085
69.4862,-0.891727,-1.29472
69.5526,-0.9842930000000001,-1.4781600000000001
69.6227,-1.0915,-1.55718
69.6762,-1.17424,-1.51889
69.7228,-1.24271,-1.40687
69.7694,-1.30418,-1.21898
69.8096,-1.34894,-0.9984620000000001
69.8498,-1.38384,-0.730494
69.89,-1.40719,-0.42549799999999993
69.9303,-1.41775,-0.09725089999999999
69.9705,-1.4149100000000001,0.238271
70.0107,-1.3987100000000001,0.564481
70.0509,-1.36985,0.8658899999999999
70.0911,-1.32958,1.1296
70.1313,-1.2796399999999999,1.34633
70.1715,-1.22201,1.51082
70.2117,-1.15886,1.62161
70.2524,-1.0915,1.6809
70.2954,-1.01884,1.69061
70.3417,-0.941401,1.6481
70.3925,-0.8599600000000001,1.54938
70.4501,-0.775215,1.3870799999999999
70.5199,-0.686686,1.1405100000000001
70.6053,-0.603748,0.796553
70.6907,-0.551145,0.434302
70.7761,-0.5294800000000001,0.0750056
70.8615,-0.537796,-0.265432
70.9469,-0.573875,-0.5727909999999999
71.0323,-0.634252,-0.8316709999999999
71.1224,-0.718879,-1.0317
71.2126,-0.817191,-1.13065
71.282,-0.8958450000000001,-1.1203
71.3429,-0.961942,-1.0399399999999999
71.4038,-1.02102,-0.889502
71.4563,-1.06312,-0.7049770000000001
71.5089,-1.09433,-0.475786
71.5614,-1.1125200000000002,-0.211817
71.61399999999999,-1.1162100000000001,0.0736682
71.6665,-1.10466,0.365473
71.7191,-1.07796,0.6483770000000001
71.7716,-1.03691,0.909085
71.8242,-0.982977,1.13775
71.8767,-0.917998,1.3287799999999999
71.9293,-0.844009,1.48082
71.9818,-0.763012,1.59612
72.0369,-0.672497,1.68291
72.0961,-0.5708979999999999,1.7454599999999998
72.1611,-0.45602600000000004,1.7890000000000001
72.2346,-0.323167,1.8214700000000001
72.3234,-0.159995,1.8562299999999998
72.4475,0.07433200000000001,1.92363
72.551,0.277212,1.99993
72.6545,0.487991,2.06977
72.7303,0.645781,2.08595
72.7928,0.775524,2.0519
72.8554,0.9012040000000001,1.95255
72.9056,0.9959100000000001,1.8121
72.9558,1.08202,1.60923
73.0,1.14819,1.3766200000000002
73.0442,1.203,1.0959299999999998
73.0883,1.2444600000000001,0.774379
73.1325,1.27102,0.42379399999999995
73.1715,1.2813,0.10266700000000001
73.2105,1.27904,-0.21686399999999997
73.2495,1.2645600000000001,-0.5225270000000001
73.2885,1.23861,-0.803033
73.3275,1.2023700000000002,-1.04903
73.3665,1.15733,-1.25375
73.4064,1.10398,-1.4161700000000002
73.4476,1.04305,-1.53309
73.4906,0.9754209999999999,-1.6013
73.5361,0.902064,-1.61782
73.5847,0.824118,-1.5795700000000001
73.6375,0.7429819999999999,-1.4824700000000002
73.6962,0.660492,-1.31989
73.7637,0.579242,-1.07816
73.8485,0.502829,-0.715105
73.9486,0.45513100000000006,-0.229971
74.0326,0.453977,0.20551999999999998
74.1165,0.48995900000000003,0.6522859999999999
74.2005,0.5633630000000001,1.09372
74.2845,0.6727810000000001,1.50502
74.3684,0.814144,1.84645
74.4394,0.952641,2.0363
74.4937,1.0649600000000001,2.08906
74.5406,1.16244,2.05051
74.5875,1.25599,1.9200099999999998
74.6268,1.32802,1.7338799999999999
74.6661,1.39135,1.47708
74.7054,1.44326,1.15459
74.7394,1.47707,0.8314219999999999
74.7733,1.49936,0.47777200000000003
74.8073,1.50931,0.10668499999999999
74.8412,1.50657,-0.26723
74.8751,1.4913,-0.629046
74.9091,1.4641600000000001,-0.964832
74.943,1.4262299999999999,-1.2627899999999999
74.977,1.37897,-1.51404
75.0109,1.32405,-1.7130299999999998
75.0449,1.26329,-1.8574400000000002
75.0804,1.19541,-1.9508299999999998
75.1179,1.12145,-1.9887
75.1578,1.04233,-1.9675099999999999
75.2009,0.9590489999999999,-1.8830900000000002
75.2486,0.872762,-1.72918
75.303,0.784729,-1.49326
75.37100000000001,0.695025,-1.13594
75.4517,0.622425,-0.6567310000000001
75.5215,0.591837,-0.218335
75.5912,0.5920920000000001,0.22533000000000003
75.6609,0.623055,0.659826
75.7307,0.683547,1.0691899999999999
75.8004,0.7711319999999999,1.43277
75.8709,0.8830129999999999,1.72495
75.9384,1.00589,1.8980099999999998
75.9917,1.10857,1.9345400000000001
76.038,1.19715,1.8777599999999999
76.0843,1.28098,1.7282799999999998
76.1234,1.3448200000000001,1.52651
76.1625,1.39944,1.25749
76.2016,1.44234,0.928398
76.2358,1.4685700000000002,0.60114
76.2699,1.48315,0.248849
76.3041,1.48545,-0.115097
76.3383,1.4753100000000001,-0.47640699999999997
76.3725,1.45307,-0.8211129999999999
76.4067,1.4195200000000001,-1.13676
76.4408,1.37581,-1.41336
76.475,1.3234299999999999,-1.64393
76.5092,1.264,-1.8247099999999998
76.5446,1.19689,-1.9586
76.5816,1.12269,-2.0427
76.6207,1.0420200000000002,-2.07461
76.6625,0.955575,-2.05225
76.7079,0.864049,-1.97333
76.7581,0.768177,-1.83435
76.8155,0.6685909999999999,-1.62809
76.8854,0.564914,-1.33396
76.9834,0.45610600000000007,-0.883448
77.0813,0.392099,-0.42432600000000004
77.1793,0.372479,0.0198021
77.2772,0.394972,0.43314899999999995
77.3762,0.456675,0.804427
77.485,0.5630970000000001,1.13499
77.5716,0.669745,1.31463
77.6434,0.767162,1.3867200000000002
77.7067,0.855058,1.37727
77.77,0.9398639999999999,1.28745
77.8234,1.00511,1.1434799999999998
77.8769,1.06097,0.9365889999999999
77.9303,1.10418,0.671672
77.9767,1.1292200000000001,0.402975
78.0231,1.14116,0.108894
78.0694,1.1391200000000001,-0.198094
78.1158,1.1228,-0.504641
78.1622,1.0925200000000002,-0.798025
78.2086,1.04916,-1.06755
78.2549,0.9940049999999999,-1.3055299999999999
78.3013,0.928635,-1.50781
78.3484,0.853517,-1.67592
78.3975,0.767733,-1.81351
78.4494,0.670659,-1.92287
78.5051,0.561068,-2.0078400000000003
78.5661,0.436367,-2.0745400000000003
78.6352,0.29093800000000003,-2.13238
78.7185,0.11073499999999999,-2.197
78.8314,-0.143038,-2.29861
78.9444,-0.409008,-2.40689
79.0224,-0.598742,-2.45139
79.083,-0.7472260000000001,-2.43858
79.1358,-0.8743639999999999,-2.37148
79.1885,-0.996158,-2.23299
79.2325,-1.09063,-2.05107
79.2765,-1.17565,-1.8021599999999998
79.3205,-1.24821,-1.48535
79.3583,-1.29836,-1.16343
79.396,-1.3356,-0.803574
79.4338,-1.3587200000000001,-0.417484
79.4716,-1.36699,-0.0197319
79.5093,-1.36027,0.373601
79.5471,-1.33903,0.746568
79.5849,-1.3043200000000001,1.0849600000000001
79.6226,-1.25766,1.3775700000000002
79.6604,-1.20094,1.61694
79.6982,-1.13625,1.7994900000000003
79.7359,-1.06574,1.92518
79.7756,-0.987711,1.99901
79.8176,-0.903227,2.01823
79.8624,-0.813257,1.9807
79.9112,-0.718931,1.8837700000000002
79.9649,-0.621698,1.72305
80.0258,-0.523634,1.49006
80.0976,-0.42806099999999997,1.1657799999999998
80.1913,-0.340844,0.688012
80.3024,-0.298334,0.0702186
80.3968,-0.317643,-0.48188000000000003
80.4913,-0.38968200000000003,-1.04342
80.5738,-0.495796,-1.5248
80.6563,-0.640379,-1.9696200000000001
80.7406,-0.822701,-2.33505
80.7971,-0.959277,-2.48847
80.8446,-1.07901,-2.53214
80.8922,-1.19848,-2.47392
80.9308,-1.29167,-2.3376099999999997
80.9694,-1.3779,-2.11327
81.0034,-1.4452200000000002,-1.84155
81.0373,-1.50217,-1.50329
81.0713,-1.54662,-1.1066799999999999
81.1052,-1.5768,-0.664922
81.135,-1.5905200000000002,-0.25358800000000004
81.1648,-1.59184,0.165382
81.1946,-1.58073,0.577629
81.2244,-1.55761,0.969284
81.2543,-1.52328,1.32802
81.2841,-1.4788700000000001,1.6439099999999998
81.3139,-1.4257799999999998,1.90989
81.3444,-1.3640299999999999,2.12636
81.3759,-1.29423,2.2894400000000004
81.4088,-1.2170299999999998,2.39566
81.4434,-1.13315,2.44211
81.4802,-1.0433700000000001,2.42615
81.5199,-0.9485620000000001,2.34491
81.5633,-0.849744,2.19435
81.612,-0.748142,1.9671599999999998
81.6689,-0.645187,1.6469900000000002
81.7425,-0.540924,1.17661
81.828,-0.465243,0.588862
81.9135,-0.44068500000000005,-0.0152785
81.999,-0.467732,-0.615071
82.0845,-0.5451550000000001,-1.18971
82.17,-0.669613,-1.7088299999999998
82.2555,-0.83436,-2.12125
82.3144,-0.964966,-2.30172
82.3632,-1.07922,-2.3591
82.4121,-1.19375,-2.30947
82.4516,-1.28262,-2.17794
82.4911,-1.36455,-1.95743
82.5257,-1.4279899999999999,-1.68935
82.5604,-1.4809700000000001,-1.35563
82.5951,-1.52136,-0.9651350000000001
82.6298,-1.54741,-0.531537
82.6603,-1.55752,-0.127721
82.6909,-1.55516,0.28215100000000004
82.7215,-1.54036,0.683944
82.75200000000001,-1.51357,1.06425
82.7826,-1.47565,1.41141
82.8131,-1.42774,1.7163099999999998
82.8437,-1.37124,1.97275
82.8752,-1.30558,2.18323
82.9079,-1.2315,2.3430400000000002
82.94200000000001,-1.14959,2.4494
82.978,-1.0604,2.50048
83.0163,-0.964475,2.4950099999999997
83.0577,-0.86234,2.4319599999999997
83.1031,-0.754463,2.3098400000000003
83.1541,-0.641188,2.1254299999999997
83.2135,-0.522424,1.87031
83.2882,-0.39569099999999996,1.5163799999999998
83.3983,-0.25848699999999997,0.976087
83.5084,-0.180346,0.44760200000000006
83.6185,-0.158827,-0.0505496
83.7379,-0.19489800000000002,-0.5441739999999999
83.8768,-0.305965,-1.03863
83.9745,-0.421525,-1.3173
84.057,-0.537909,-1.49014
84.1288,-0.648271,-1.57609
84.2005,-0.762091,-1.58331
84.2586,-0.852601,-1.51778
84.3168,-0.937193,-1.37856
84.3677,-1.00284,-1.19245
84.4185,-1.05749,-0.9471729999999999
84.4694,-1.09828,-0.648805
84.5202,-1.12278,-0.308756
84.5647,-1.12947,0.010171600000000001
84.6092,-1.1217700000000002,0.33636900000000003
84.6536,-1.09964,0.6571670000000001
84.6981,-1.06359,0.961043
84.7425,-1.01458,1.23881
84.787,-0.953915,1.4843899999999999
84.8323,-0.881616,1.69887
84.8793,-0.797384,1.88323
84.9285,-0.7007260000000001,2.03918
84.9808,-0.590479,2.17049
85.0375,-0.4642,2.2835099999999997
85.1005,-0.316814,2.3881200000000002
85.1741,-0.136989,2.50018
85.2673,0.102895,2.64695
85.3698,0.38255500000000003,2.8107599999999997
85.4446,0.596635,2.8986
85.5008,0.7599600000000001,2.91338
85.5492,0.900231,2.86536
85.5977,1.03634,2.73774
85.6376,1.14245,2.55735
85.6776,1.23981,2.2992
85.7176,1.32522,1.95915
85.7516,1.38606,1.6071
85.7857,1.43404,1.2041899999999999
85.8197,1.4675799999999999,0.761443
85.8538,1.48559,0.293771
85.8878,1.4875,-0.181229
85.9218,1.47338,-0.6449739999999999
85.9559,1.44392,-1.07976
85.9899,1.40038,-1.47044
86.0239,1.34446,-1.80571
86.05799999999999,1.27817,-2.0786
86.09200000000001,1.2037,-2.28654
86.126,1.12325,-2.43072
86.1616,1.03496,-2.51778
86.1993,0.9394309999999999,-2.5464900000000004
86.2396,0.8373440000000001,-2.51575
86.2832,0.72943,-2.42418
86.3312,0.616532,-2.26919
86.3852,0.499726,-2.0451
86.4481,0.380583,-1.73885
86.5258,0.261654,-1.31589
86.65299999999999,0.141773,-0.5580689999999999
86.7802,0.121821,0.25104899999999997
86.8824,0.18171099999999998,0.923472
86.9725,0.291823,1.5212299999999999
87.0625,0.4553,2.10375
87.1526,0.6690020000000001,2.62545
87.2122,0.83386,2.89256
87.2607,0.977716,3.02866
87.303,1.107,3.06182
87.3454,1.23557,2.99099
87.3804,1.33804,2.83818
87.4155,1.4335,2.59008
87.4506,1.51852,2.24267
87.4802,1.57962,1.87428
87.5098,1.6288799999999999,1.44411
87.5394,1.6646299999999998,0.963593
87.569,1.6855900000000001,0.44828100000000004
87.5986,1.69101,-0.08319270000000001
87.6282,1.6807,-0.610699
87.6578,1.6550799999999999,-1.11443
87.6874,1.61513,-1.5766799999999999
87.71700000000001,1.56229,-1.9832400000000001
87.7466,1.4983600000000001,-2.32428
87.7762,1.4253799999999999,-2.59457
87.8058,1.34545,-2.7932099999999997
87.8359,1.25921,-2.92446
87.8675,1.16572,-2.99149
87.9009,1.0654,-2.99309
87.9368,0.958881,-2.92772
87.9759,0.8468479999999999,-2.79333
88.0193,0.73007,-2.5861
88.0686,0.609413,-2.2978400000000003
88.1273,0.485731,-1.9082599999999998
88.2063,0.357178,-1.34075
88.2977,0.265776,-0.658088
88.389,0.23712600000000003,0.0304762
88.4846,0.27418400000000004,0.742155
88.5816,0.380154,1.43773
88.6785,0.551114,2.07537
88.7526,0.720537,2.48233
88.8086,0.866265,2.70724
88.8562,0.9981530000000001,2.81367
88.9039,1.1327,2.81422
88.9422,1.23895,2.71942
88.9805,1.33972,2.5264900000000003
89.0138,1.42003,2.27231
89.0472,1.4905,1.9373599999999997
89.0806,1.54851,1.52667
89.11399999999999,1.5917,1.0514
89.1427,1.61556,0.6029260000000001
89.1715,1.6261700000000001,0.132854
89.2003,1.62314,-0.343393
89.229,1.60651,-0.809984
89.2578,1.5767799999999998,-1.25196
89.2865,1.53485,-1.65638
89.3153,1.48195,-2.01322
89.3441,1.41956,-2.3157900000000002
89.3734,1.3479299999999999,-2.5647599999999997
89.4036,1.26722,-2.75922
89.4352,1.17783,-2.89725
89.4684,1.08019,-2.9777099999999996
89.5036,0.9746379999999999,-3.0003
89.5415,0.8614069999999999,-2.9653
89.5829,0.740504,-2.8731400000000002
89.6289,0.611537,-2.7234700000000003
89.6817,0.47320100000000004,-2.51309
89.7457,0.321363,-2.22915
89.8424,0.127271,-1.78269
89.9392,-0.0238585,-1.34416
90.0397,-0.13689400000000002,-0.908049
90.1643,-0.218006,-0.401013
90.2993,-0.23786,0.0966034
90.4186,-0.202998,0.47793900000000006
90.5378,-0.126435,0.794797
90.6571,-0.0161622,1.04291
90.7814,0.125717,1.2258799999999999
90.881,0.252479,1.31129
90.9805,0.38460500000000003,1.3312899999999999
91.0596,0.488662,1.2894700000000001
91.1387,0.5870270000000001,1.18579
91.2081,0.664432,1.0373
91.2774,0.729578,0.832119
91.3468,0.7785770000000001,0.572498
91.4161,0.807906,0.26668200000000003
91.4855,0.814814,-0.07143939999999999
91.5548,0.797654,-0.42443000000000003
91.6242,0.756015,-0.774714
91.6935,0.690601,-1.10822
91.7628,0.602889,-1.41708
91.8322,0.49465699999999996,-1.7005
91.9015,0.36751100000000003,-1.9638400000000003
91.9758,0.211515,-2.23408
92.0597,0.011462,-2.53796
92.1514,-0.23676,-2.8755
92.2431,-0.515374,-3.19184
92.3022,-0.708856,-3.3449400000000002
92.3504,-0.871898,-3.4060099999999998
92.3926,-1.0152700000000001,-3.3860699999999997
92.4347,-1.15593,-3.27293
92.4697,-1.2676399999999999,-3.09131
92.5048,-1.37143,-2.81877
92.5398,-1.4639799999999998,-2.4496700000000002
92.5696,-1.53131,-2.06081
92.5993,-1.5861,-1.60901
92.6291,-1.62663,-1.10507
92.6589,-1.65155,-0.5642699999999999
92.6887,-1.66005,-0.00534398
92.7185,-1.6519,0.551129
92.7482,-1.6274600000000001,1.08466
92.77799999999999,-1.5877,1.57673
92.8078,-1.53411,2.01241
92.8376,-1.46851,2.38123
92.8674,-1.393,2.67762
92.8972,-1.30976,2.90049
92.9269,-1.22094,3.0525599999999997
92.9583,-1.1235600000000001,3.14226
92.9916,-1.01849,3.16768
93.0271,-0.906317,3.12807
93.0657,-0.787518,3.02258
93.1082,-0.66255,2.84917
93.1561,-0.531808,2.6027
93.212,-0.39553299999999997,2.27019
93.2817,-0.25294099999999997,1.8139599999999998
93.3881,-0.09913860000000001,1.06952
93.4945,-0.026476799999999998,0.291951
93.6092,-0.042096100000000004,-0.566958
93.7082,-0.13527999999999998,-1.31538
93.7952,-0.27824299999999996,-1.9673
93.8823,-0.47695200000000004,-2.5904
93.9587,-0.693736,-3.06866
94.0108,-0.8605280000000001,-3.3167
94.0548,-1.00967,-3.4433599999999998
94.0988,-1.1621299999999999,-3.4617400000000003
94.1339,-1.2822200000000001,-3.37661
94.1689,-1.39751,-3.1857599999999997
94.1993,-1.49068,-2.92498
94.2297,-1.5745200000000001,-2.57193
94.2602,-1.6462299999999999,-2.12874
94.2868,-1.6970900000000002,-1.67241
94.3135,-1.7350400000000001,-1.16382
94.3402,-1.7588700000000002,-0.617257
94.3669,-1.7678,-0.0500153
94.3936,-1.7615299999999998,0.518938
94.4203,-1.74026,1.07049
94.447,-1.7047,1.5869799999999998
94.4737,-1.65599,2.05353
94.5004,-1.59562,2.459
94.5271,-1.5253299999999999,2.79643
94.5538,-1.44698,3.06296
94.5811,-1.36046,3.26309
94.6095,-1.26555,3.3979699999999995
94.6394,-1.1626299999999998,3.4665
94.6712,-1.0521399999999999,3.4679300000000004
94.7055,-0.93448,3.40181
94.7427,-0.809964,3.26736
94.7842,-0.678725,3.0623099999999996
94.8314,-0.5405310000000001,2.78032
94.8879,-0.393987,2.40348
94.9648,-0.229936,1.85729
95.0531,-0.0941922,1.21594
95.1437,-0.0138554,0.5600510000000001
95.2494,0.0053928000000000005,-0.19275499999999998
95.3834,-0.0824551,-1.1103100000000001
95.4943,-0.245552,-1.8226900000000001
95.6051,-0.483857,-2.45759
95.669,-0.650679,-2.75331
95.7225,-0.803081,-2.9300599999999997
95.76899999999999,-0.9412799999999999,-3.00543
95.8154,-1.08079,-2.98204
95.8534,-1.1921700000000002,-2.87127
95.8913,-1.29755,-2.6644400000000004
95.9247,-1.3821700000000001,-2.39679
95.958,-1.45649,-2.04736
95.9914,-1.51785,-1.6205200000000002
96.0247,-1.56382,-1.12687
96.0536,-1.5896700000000001,-0.658095
96.0825,-1.60161,-0.165633
96.1114,-1.5991600000000001,0.33474499999999996
96.1403,-1.58235,0.826737
96.1691,-1.55164,1.29488
96.198,-1.50791,1.7258
96.2269,-1.4524,2.10911
96.2558,-1.3866,2.43799
96.2851,-1.31093,2.7128900000000002
96.3154,-1.2253100000000001,2.93436
96.3469,-1.13002,3.1014
96.38,-1.0252299999999999,3.2139599999999997
96.4152,-0.9109659999999999,3.2732099999999997
96.45299999999999,-0.786886,3.2813199999999996
96.4943,-0.6520739999999999,3.24118
96.5404,-0.504462,3.15581
96.5938,-0.339304,3.02668
96.6608,-0.142558,2.84693
96.751,0.103345,2.6043
96.8423,0.329958,2.36295
96.9221,0.5097550000000001,2.13604
96.9887,0.644877,1.9161299999999999
97.0553,0.763977,1.6526900000000002
97.111,0.8489329999999999,1.3918
97.1667,0.918291,1.09284
97.2224,0.970037,0.7606189999999999
97.2781,1.0025899999999999,0.405702
97.3269,1.01464,0.0874813
97.3758,1.01124,-0.224465
97.4247,0.9929959999999999,-0.518063
97.4736,0.9610690000000001,-0.782636
97.5225,0.917091,-1.01003
97.5714,0.863016,-1.19519
97.6216,0.799196,-1.33943
97.6737,0.72653,-1.44096
97.7284,0.645907,-1.49858
97.7865,0.5582189999999999,-1.51139
97.8491,0.464409,-1.47814
97.9177,0.365593,-1.3962
97.9945,0.263287,-1.25957
98.0836,0.159887,-1.05418
98.1948,0.059578599999999995,-0.740155
98.3536,-0.0162502,-0.198227
98.5123,0.00158182,0.436837
98.6264,0.0798505,0.939944
98.7246,0.194349,1.39525
98.8228,0.354064,1.85775
98.921,0.558295,2.2936900000000002
98.9944,0.7368279999999999,2.55832
99.0498,0.882604,2.6871400000000003
99.0974,1.0116100000000001,2.7218
99.145,1.1401,2.66174
99.1838,1.2410299999999999,2.5268900000000003
99.2226,1.33505,2.3046
99.2567,1.4092799999999999,2.03313
99.2908,1.4730299999999998,1.69207
99.3249,1.52405,1.28819
99.3591,1.5603799999999999,0.833744
99.3889,1.57895,0.40892
99.4187,1.58464,-0.0277107
99.4485,1.57733,-0.46139600000000003
99.4783,1.55731,-0.877534
99.5081,1.5253299999999999,-1.26283
99.5379,1.48246,-1.60627
99.5677,1.4300899999999999,-1.89973
99.5978,1.369,-2.14089
99.6289,1.2994299999999999,-2.32836
99.6612,1.222,-2.45895
99.695,1.1374,-2.52985
99.7309,1.0463799999999999,-2.53871
99.7693,0.949757,-2.48322
99.811,0.8484860000000001,-2.36044
99.8572,0.743726,-2.16547
99.9097,0.636992,-1.8885900000000002
99.9725,0.5302859999999999,-1.50611
100.0,0.49129399999999995,-1.3259999999999998
