,x,xdot
1e-06,6.04e-10,0.000608
6e-06,3.744e-09,0.000648
3.1e-05,2.2444000000000002e-08,0.000848
0.000156,1.90944e-07,0.001848
0.000781,2.90844e-06,0.00684798
0.003906,6.33704e-05,0.0318476
0.019531,0.00153745,0.156828
0.09765599999999999,0.038161099999999996,0.780099
0.19598800000000002,0.153085,1.5547
0.29431999999999997,0.343069,2.3025900000000004
0.392652,0.603571,2.9760299999999997
0.44837899999999997,0.778266,3.2799199999999997
0.49482600000000004,0.934992,3.4538
0.535384,1.07671,3.5188
0.575942,1.21896,3.47557
0.609372,1.33315,3.3398
0.6428020000000001,1.4411,3.09986
0.672292,1.52824,2.79521
0.701782,1.60509,2.40235
0.731272,1.6691099999999999,1.92608
0.7607619999999999,1.7179799999999998,1.37748
0.786371,1.74665,0.85572
0.81198,1.76157,0.306946
0.8375879999999999,1.7622799999999998,-0.252299
0.8631969999999999,1.7487099999999998,-0.804715
0.888806,1.7212599999999998,-1.33358
0.914414,1.6807400000000001,-1.82401
0.9400229999999999,1.62828,-2.2639400000000003
0.9656319999999999,1.56529,-2.64479
0.99124,1.49336,-2.96163
1.01768,1.41147,-3.2201299999999997
1.04513,1.32025,-3.4165400000000004
1.07382,1.2201600000000001,-3.5491
1.10408,1.11156,-3.61715
1.13631,0.994726,-3.62089
1.17107,0.8697440000000001,-3.56094
1.20913,0.736413,-3.4378
1.25167,0.593978,-3.25054
1.30082,0.440405,-2.99389
1.36142,0.26937300000000003,-2.64725
1.44973,0.05865359999999999,-2.1239
1.53804,-0.10582899999999999,-1.6022100000000001
1.62994,-0.22840700000000003,-1.06691
1.73763,-0.310033,-0.451745
1.8577700000000001,-0.324391,0.20587199999999997
1.95806,-0.277862,0.714676
2.05835,-0.182674,1.1750399999999999
2.15863,-0.0439247,1.58333
2.2589200000000003,0.133145,1.9388
2.34727,0.316405,2.20017
2.41945,0.48137299999999994,2.36062
2.48088,0.629113,2.43892
2.53503,0.761625,2.44371
2.58917,0.8923030000000001,2.3677599999999996
2.63426,0.9961969999999999,2.2284
2.67935,1.09205,2.00963
2.72443,1.17614,1.70642
2.76288,1.2357,1.38231
2.80133,1.28173,1.00401
2.83977,1.31235,0.5822609999999999
2.8782200000000002,1.3261399999999999,0.131889
2.91667,1.32235,-0.329524
2.95512,1.3009,-0.783571
2.99356,1.26241,-1.2131299999999998
3.0320099999999996,1.20811,-1.60422
3.0704599999999997,1.1396700000000002,-1.94727
3.10891,1.05905,-2.2376
3.14735,0.968289,-2.47516
3.18649,0.867524,-2.66666
3.22764,0.754459,-2.82077
3.27165,0.6274930000000001,-2.94292
3.31963,0.483836,-3.04035
3.3734599999999997,0.317841,-3.12331
3.43696,0.116826,-3.20687
3.5197300000000005,-0.15303,-3.3149
3.60921,-0.45465900000000004,-3.42095
3.66836,-0.658181,-3.45085
3.71691,-0.825218,-3.4193
3.7596,-0.969435,-3.32525
3.80229,-1.10791,-3.14684
3.8382400000000003,-1.2171399999999999,-2.91666
3.87419,-1.31664,-2.6042799999999997
3.91014,-1.40337,-2.2065
3.9412,-1.4657,-1.79682
3.9722699999999995,-1.51444,-1.33355
4.00333,-1.54811,-0.828673
4.03439,-1.56565,-0.298063
4.06545,-1.56655,0.239765
4.096509999999999,-1.55088,0.7653909999999999
4.1275699999999995,-1.51932,1.2603600000000001
4.1586300000000005,-1.47307,1.7088599999999998
4.1897,-1.41377,2.099
4.22076,-1.34336,2.42338
4.2518199999999995,-1.26393,2.6791099999999997
4.2828800000000005,-1.1776200000000001,2.86726
4.31531,-1.08238,2.99612
4.349469999999999,-0.9786530000000001,3.06506
4.38584,-0.8668290000000001,3.07407
4.4250300000000005,-0.747169,3.02338
4.46791,-0.619747,2.91272
4.51576,-0.48432,2.7398599999999997
4.57081,-0.339988,2.49748
4.63777,-0.183767,2.16277
4.73966,0.00843305,1.60153
4.84154,0.141014,0.9939180000000001
4.94343,0.20959699999999998,0.34626599999999996
5.056430000000001,0.20639899999999997,-0.40778000000000003
5.18095,0.10257100000000001,-1.2624799999999998
5.27271,-0.04246830000000001,-1.8990900000000002
5.35527,-0.222874,-2.47057
5.437819999999999,-0.44983599999999996,-3.02155
5.50898,-0.680194,-3.4376300000000004
5.55848,-0.856049,-3.65404
5.60053,-1.01217,-3.7574
5.64257,-1.17052,-3.7541300000000004
5.67623,-1.29541,-3.65182
5.70988,-1.41511,-3.44296
5.73921,-1.5122200000000001,-3.1641
5.76853,-1.59978,-2.79062
5.79786,-1.675,-2.3241099999999997
5.82365,-1.7288700000000001,-1.8434400000000002
5.84945,-1.76962,-1.3075700000000001
5.87524,-1.79598,-0.730876
5.90103,-1.80712,-0.13095299999999999
5.926830000000001,-1.8027,0.47271199999999997
5.95262,-1.7828700000000002,1.06029
5.97841,-1.7483,1.6132600000000001
6.00421,-1.70009,2.11579
6.03,-1.63969,2.5558099999999997
6.05579,-1.56885,2.9255400000000003
6.08159,-1.4894100000000001,3.2214400000000003
6.1077699999999995,-1.40195,3.44666
6.1349800000000005,-1.30586,3.6044
6.16354,-1.20145,3.69372
6.19381,-1.0891600000000001,3.71395
6.22624,-0.969354,3.6648099999999997
6.261430000000001,-0.842311,3.54585
6.30026,-0.708134,3.3555
6.34414,-0.566587,3.08901
6.395630000000001,-0.416546,2.73297
6.46136,-0.25288099999999997,2.24231
6.55432,-0.07787000000000001,1.51983
6.64728,0.029375599999999998,0.78679
6.74753,0.0685822,-0.00383226
6.884339999999999,-0.00489814,-1.06524
6.9809,-0.142947,-1.7896900000000002
7.07745,-0.349344,-2.47673
7.16028,-0.57681,-3.00048
7.21581,-0.751546,-3.2800300000000004
7.26242,-0.908417,-3.43751
7.30329,-1.05034,-3.49088
7.34417,-1.1923700000000002,-3.4385800000000004
7.378010000000001,-1.30661,-3.29699
7.41185,-1.41435,-3.05297
7.445689999999999,-1.5119799999999999,-2.69877
7.474189999999999,-1.58362,-2.31422
7.5027,-1.6432200000000001,-1.8557299999999999
7.531210000000001,-1.68881,-1.3332899999999999
7.559710000000001,-1.7187700000000001,-0.76195
7.58822,-1.73197,-0.160922
7.6167300000000004,-1.72787,0.447954
7.645230000000001,-1.7065700000000001,1.04221
7.67374,-1.6687900000000002,1.6008799999999999
7.70225,-1.61581,2.1063
7.73075,-1.5493299999999999,2.54547
7.75926,-1.47138,2.91062
7.78777,-1.38412,3.1991099999999997
7.816269999999999,-1.2897100000000001,3.4127699999999996
7.84547,-1.18775,3.5595800000000004
7.876180000000001,-1.07697,3.64428
7.908869999999999,-0.9572729999999999,3.6682300000000003
7.94412,-0.828425,3.6330699999999996
7.98274,-0.689758,3.5405699999999998
8.026,-0.539664,3.3916
8.07627,-0.374309,3.18336
8.139560000000001,-0.181788,2.89759
8.22614,0.0518163,2.49933
8.312710000000001,0.251098,2.10454
8.40397,0.42399799999999993,1.6823099999999998
8.482330000000001,0.541085,1.30291
8.56069,0.627649,0.9032469999999999
8.63905,0.682239,0.48853599999999997
8.706430000000001,0.703071,0.130721
8.773810000000001,0.700128,-0.21493299999999999
8.84119,0.674676,-0.535312
8.90857,0.628803,-0.819519
8.97595,0.5652050000000001,-1.06069
9.043339999999999,0.48688400000000004,-1.25652
9.11163,0.395569,-1.4104700000000001
9.18325,0.290082,-1.52859
9.26032,0.16875199999999999,-1.61319
9.34656,0.0271358,-1.6634099999999998
9.45536,-0.15457100000000001,-1.6655099999999998
9.54231,-0.297516,-1.61381
9.62925,-0.433504,-1.50325
9.70139,-0.536974,-1.35653
9.77352,-0.627812,-1.1520000000000001
9.84565,-0.7016899999999999,-0.886185
9.91779,-0.754252,-0.562138
9.98069,-0.779655,-0.240321
10.0436,-0.783972,0.10603800000000001
10.1065,-0.766089,0.46309300000000003
10.1694,-0.725771,0.817229
10.2323,-0.663561,1.15761
10.2952,-0.580546,1.47807
10.3593,-0.475971,1.78312
10.4267,-0.34551,2.08546
10.4998,-0.181377,2.40185
10.5815,0.029206799999999998,2.75378
10.668,0.283426,3.12702
10.7544,0.5689270000000001,3.4670699999999997
10.8079,0.758742,3.6195
10.8527,0.922401,3.67844
10.8921,1.06721,3.6522099999999997
10.9315,1.20913,3.5279800000000003
10.9646,1.32266,3.33183
10.9976,1.42816,3.04025
11.0306,1.52237,2.64765
11.0588,1.59135,2.2335
11.087,1.64769,1.75279
11.1152,1.68967,1.21655
11.1434,1.7159200000000001,0.640419
11.1716,1.7255900000000002,0.0436219
11.1998,1.71839,-0.5526260000000001
11.228,1.6946299999999999,-1.12704
11.2562,1.6552200000000001,-1.66022
11.2844,1.60155,-2.1362
11.3126,1.5354,-2.5436099999999997
11.3408,1.45882,-2.87597
11.369000000000002,1.37395,-3.13152
11.3972,1.28293,-3.3125199999999997
11.4266,1.18349,-3.42774
11.4577,1.0759999999999998,-3.47661
11.4909,0.960859,-3.45877
11.5266,0.8384299999999999,-3.37395
11.5658,0.708947,-3.22111
11.6097,0.572445,-2.99695
11.6602,0.428517,-2.69231
11.7218,0.27524499999999996,-2.28076
11.8144,0.094498,-1.61751
11.907,-0.0233623,-0.92484
12.0051,-0.0772215,-0.170552
12.1306,-0.037153,0.810707
12.2251,0.07447369999999999,1.55073
12.3107,0.23579,2.2128400000000004
12.3964,0.452813,2.84554
12.4683,0.67485,3.31225
12.5188,0.8487,3.5638900000000002
12.5615,1.0040200000000001,3.6945
12.6042,1.16272,3.7161699999999995
12.6382,1.28789,3.63205
12.6722,1.40841,3.43949
12.7017,1.50624,3.1737599999999997
12.7312,1.59481,2.81146
12.7608,1.6712599999999997,2.3536200000000003
12.7866,1.72616,1.87982
12.8125,1.76804,1.34864
12.8384,1.79558,0.774252
12.8642,1.80788,0.174175
12.8901,1.80453,-0.432012
12.915999999999999,1.78565,-1.02424
12.9419,1.7518200000000002,-1.58361
12.9677,1.70413,-2.09386
12.9936,1.6440099999999997,-2.5425
13.0195,1.5731700000000002,-2.9213299999999998
13.0453,1.49348,-3.2265
13.0712,1.40685,-3.4581199999999996
13.0983,1.3108,-3.6254199999999996
13.1267,1.20613,-3.72563
13.1568,1.0933,-3.75811
13.1891,0.9725860000000001,-3.72289
13.224,0.844134,-3.6201199999999996
13.2625,0.707807,-3.4491199999999997
13.306,0.5629350000000001,-3.2065200000000003
13.357000000000001,0.407481,-2.8814
13.4224,0.23355399999999998,-2.43312
13.5117,0.0444084,-1.8028400000000002
13.600999999999999,-0.088328,-1.1713
13.6967,-0.168265,-0.500686
13.8188,-0.178135,0.33365100000000003
13.9303,-0.10007100000000001,1.05931
14.0418,0.056400099999999995,1.73835
14.1534,0.285495,2.35818
14.2306,0.482289,2.7294
14.2907,0.6537310000000001,2.9571
14.3415,0.807383,3.0798400000000004
14.3862,0.9460930000000001,3.1111
14.4309,1.0841399999999999,3.04629
14.4681,1.1949,2.9024799999999997
14.5052,1.29861,2.66482
14.5424,1.39163,2.3265599999999997
14.5738,1.45923,1.96167
14.6053,1.5142799999999998,1.53005
14.6367,1.55485,1.042
14.6682,1.5793700000000002,0.512568
14.6996,1.58684,-0.039504500000000005
14.731,1.57687,-0.593441
14.7625,1.54972,-1.12849
14.7939,1.5063,-1.626
14.8254,1.44803,-2.07108
14.8568,1.3767200000000002,-2.4536700000000002
14.8882,1.29444,-2.7688099999999998
14.9197,1.2033200000000002,-3.01634
14.9511,1.10544,-3.19997
14.9842,0.997123,-3.33152
15.0194,0.878381,-3.41232
15.0572,0.7485689999999999,-3.4455
15.0986,0.606179,-3.43526
15.1449,0.448025,-3.3864400000000003
15.1991,0.26683,-3.3032800000000004
15.2691,0.039524000000000004,-3.18317
15.3566,-0.232364,-3.03479
15.4502,-0.508587,-2.85758
15.509,-0.672241,-2.70666
15.5608,-0.808133,-2.5253400000000004
15.6127,-0.933074,-2.28179
15.6568,-1.02804,-2.0161599999999997
15.7009,-1.11002,-1.6927900000000002
15.745,-1.17649,-1.31371
15.789000000000001,-1.22517,-0.887466
15.8271,-1.25149,-0.49289099999999997
15.8652,-1.26254,-0.08682530000000001
15.9032,-1.25814,0.31651
15.9413,-1.2386700000000002,0.7027760000000001
15.9793,-1.2050299999999998,1.0589899999999999
16.0174,-1.15857,1.37473
16.0555,-1.10099,1.6429099999999999
16.0935,-1.03416,1.8599700000000001
16.133,-0.957208,2.03077
16.1741,-0.870942,2.15293
16.2174,-0.775926,2.22588
16.2635,-0.672569,2.2497599999999998
16.3133,-0.561116,2.22484
16.3678,-0.441576,2.15062
16.4291,-0.313556,2.02414
16.5004,-0.175726,1.8356700000000001
16.5909,-0.022177900000000004,1.5499100000000001
16.7053,0.131597,1.12765
16.8197,0.233377,0.641297
16.9341,0.276077,0.0963625
17.053,0.25141399999999997,-0.517569
17.1968,0.12113800000000001,-1.2995299999999999
17.2917,-0.0273358,-1.83129
17.3774,-0.205168,-2.31796
17.4632,-0.424455,-2.79357
17.5489,-0.682379,-3.2064
17.5999,-0.850675,-3.37849
17.6436,-1.0000799999999999,-3.4489
17.6873,-1.15046,-3.4182
17.7224,-1.26894,-3.2991699999999997
17.7576,-1.38152,-3.0803700000000003
17.7884,-1.47224,-2.7991200000000003
17.8192,-1.5529700000000002,-2.43141
17.85,-1.62109,-1.9805
17.8808,-1.6741599999999999,-1.4561899999999999
17.9073,-1.70622,-0.9587190000000001
17.9337,-1.72469,-0.432749
17.9602,-1.7290299999999998,0.10566800000000001
17.9867,-1.7191299999999998,0.6394350000000001
18.0132,-1.69535,1.1517700000000002
18.0397,-1.65845,1.6274899999999999
18.0662,-1.60958,2.0541
18.0926,-1.55017,2.42247
18.1191,-1.48184,2.7271099999999997
18.1463,-1.40432,2.97125
18.1744,-1.31799,3.15276
18.2038,-1.22339,3.26942
18.2348,-1.12107,3.3197
18.2678,-1.01157,3.30261
18.3034,-0.89541,3.21722
18.3423,-0.773101,3.0619099999999997
18.3857,-0.645116,2.8329299999999997
18.4354,-0.5118520000000001,2.52124
18.4953,-0.373258,2.10303
18.5786,-0.22378800000000001,1.47979
18.6715,-0.119626,0.758029
18.7687,-0.0831422,-0.00773415
18.8803,-0.133217,-0.888475
18.9737,-0.250193,-1.61366
19.0671,-0.43362799999999996,-2.30649
19.1604,-0.678345,-2.9122
19.214000000000002,-0.841676,-3.17464
19.2593,-0.988915,-3.31353
19.2992,-1.12234,-3.34712
19.3392,-1.25504,-3.27299
19.3726,-1.36186,-3.11243
19.4059,-1.46167,-2.85127
19.4393,-1.551,-2.4846
19.4676,-1.6159299999999999,-2.0926299999999998
19.4959,-1.6687900000000002,-1.63286
19.5242,-1.7078,-1.11661
19.5525,-1.7315900000000002,-0.559658
19.5808,-1.73927,0.0187565
19.6091,-1.73053,0.59754
19.6374,-1.70565,1.15562
19.6657,-1.6655099999999998,1.67386
19.694000000000003,-1.61145,2.13657
19.7223,-1.5452299999999999,2.53261
19.7506,-1.46882,2.85569
19.7789,-1.3843299999999998,3.10418
19.8072,-1.29383,3.28041
19.8368,-1.19488,3.39321
19.868,-1.08781,3.4420699999999997
19.9014,-0.972922,3.42694
19.9376,-0.8504010000000001,3.3480199999999996
19.9772,-0.720186,3.20507
20.0219,-0.5817439999999999,2.99594
20.0738,-0.433383,2.71285
20.139,-0.268993,2.3275900000000003
20.2324,-0.0780556,1.7586700000000002
20.3258,0.059808400000000005,1.19395
20.4244,0.148679,0.612004
20.5489,0.180562,-0.0930117
20.6696,0.130294,-0.730517
20.7904,0.00651122,-1.30882
20.9112,-0.183081,-1.81844
20.998,-0.354934,-2.12947
21.07,-0.515847,-2.33206
21.1308,-0.661462,-2.4424200000000003
21.1843,-0.7931199999999999,-2.4723900000000003
21.2377,-0.9242239999999999,-2.4181
21.2819,-1.02867,-2.29418
21.3261,-1.12585,-2.0876799999999998
21.3703,-1.21195,-1.7927799999999998
21.4077,-1.27324,-1.4748700000000001
21.4451,-1.32154,-1.09985
21.4825,-1.35491,-0.678067
21.5199,-1.37185,-0.224152
21.5573,-1.3714899999999999,0.24417199999999997
21.5947,-1.35365,0.707973
21.6321,-1.31883,1.1492200000000001
21.6695,-1.26817,1.55271
21.7069,-1.20331,1.90752
21.7443,-1.12619,2.20761
21.7817,-1.0389,2.45172
21.8191,-0.9434870000000001,2.64267
21.8583,-0.8368909999999999,2.79204
21.8999,-0.718124,2.9037900000000003
21.9449,-0.585531,2.98315
21.9946,-0.435787,3.0373900000000003
22.0515,-0.261805,3.07648
22.1213,-0.0456569,3.11465
22.2119,0.23878400000000002,3.16672
22.304000000000002,0.532333,3.19759
22.3597,0.709846,3.16952
22.4078,0.8604729999999999,3.08849
22.4558,1.00545,2.9302099999999998
22.4953,1.1172799999999998,2.72648
22.5347,1.2195799999999999,2.44551
22.5742,1.30918,2.0824700000000003
22.6079,1.37321,1.7089299999999998
22.6416,1.4237600000000001,1.28336
22.6753,1.45923,0.816758
22.709,1.4785,0.324214
22.7427,1.48099,-0.17633800000000002
22.7763,1.46675,-0.665867
22.81,1.43645,-1.12619
22.8437,1.39136,-1.54176
22.8774,1.3331899999999999,-1.90094
22.9111,1.26397,-2.19664
22.9448,1.1859,-2.4263
22.9785,1.10119,-2.59128
23.0136,1.00807,-2.69917
23.0507,0.9068290000000001,-2.74992
23.0903,0.797891,-2.74344
23.1332,0.681602,-2.67961
23.1802,0.558181,-2.55742
23.2331,0.42763900000000005,-2.3733
23.2945,0.289526,-2.11706
23.3708,0.141498,-1.7573900000000002
23.4864,-0.0273137,-1.1541700000000001
23.6019,-0.123145,-0.49608500000000005
23.7175,-0.140254,0.20630199999999999
23.8624,-0.043944199999999996,1.12906
23.9539,0.08659220000000001,1.7257099999999999
24.0492,0.280851,2.34802
24.1445,0.533301,2.93686
24.2077,0.729655,3.26405
24.2568,0.894501,3.4443599999999996
24.2989,1.04141,3.5175400000000003
24.340999999999998,1.18929,3.48576
24.3752,1.30663,3.36248
24.4094,1.41803,3.13675
24.4393,1.50794,2.8469
24.4693,1.5878299999999999,2.4689799999999997
24.4993,1.6551099999999999,2.00672
24.5293,1.7073900000000002,1.47031
24.5551,1.73889,0.9609
24.581,1.7568099999999998,0.422745
24.6068,1.76063,-0.127883
24.6327,1.7502400000000002,-0.673716
24.6585,1.7259900000000001,-1.19783
24.6844,1.68865,-1.68492
24.7102,1.63933,-2.12237
24.736,1.57944,-2.50094
24.7619,1.5106,-2.81506
24.7884,1.43248,-3.06811
24.8159,1.34546,-3.2577700000000003
24.8445,1.25006,-3.3817800000000005
24.8748,1.1468200000000002,-3.4386400000000004
24.9069,1.03624,-3.42743
24.9415,0.918792,-3.3473800000000002
24.9793,0.794913,-3.19718
25.0214,0.664941,-2.97358
25.0695,0.529026,-2.66853
25.1273,0.38660100000000003,-2.26043
25.2065,0.23091799999999998,-1.6615900000000001
25.2968,0.11261099999999999,-0.9576030000000001
25.3903,0.0574991,-0.221636
25.4994,0.08011660000000001,0.634195
25.6008,0.183998,1.41268
25.7021,0.365261,2.1570400000000003
25.8034,0.618315,2.81615
25.8595,0.784725,3.10018
25.9067,0.9352280000000001,3.25935
25.9482,1.07168,3.31255
25.9896,1.20821,3.25942
26.0239,1.3179100000000001,3.11751
26.0582,1.42103,2.87467
26.0926,1.51399,2.52446
26.1215,1.58171,2.14633
26.1504,1.6374600000000001,1.69793
26.1793,1.67934,1.18983
26.2082,1.70585,0.637372
26.2372,1.71597,0.05966619999999999
26.2661,1.7092599999999998,-0.521942
26.295,1.68595,-1.08584
26.3239,1.6468200000000002,-1.61216
26.3528,1.59322,-2.08447
26.3818,1.5268899999999999,-2.49094
26.4107,1.44984,-2.82477
26.4396,1.36422,-3.08405
26.4685,1.27215,-3.2710000000000004
26.4985,1.1720899999999999,-3.3942300000000003
26.5301,1.06361,-3.4555300000000004
26.5639,0.94681,-3.4556
26.6004,0.8216530000000001,-3.3953599999999997
26.6405,0.687739,-3.2756
26.6856,0.543922,-3.09559
26.7382,0.387218,-2.8497
26.8053,0.207448,-2.51207
26.8971,-0.00156515,-2.04149
26.9889,-0.167668,-1.5784
27.0872,-0.298804,-1.09181
27.1983,-0.39002,-0.551793
27.3095,-0.42223999999999995,-0.0331391
27.4031,-0.406084,0.37191799999999997
27.4968,-0.35390900000000003,0.7340949999999999
27.5905,-0.27014499999999997,1.04566
27.6841,-0.159644,1.3051700000000002
27.7778,-0.0271818,1.51508
27.883000000000003,0.142173,1.69334
27.9713,0.296396,1.7900900000000002
28.0485,0.43606300000000003,1.8228900000000001
28.1256,0.5758489999999999,1.7898900000000002
28.1873,0.6839350000000001,1.70166
28.249000000000002,0.784561,1.54649
28.3033,0.8634290000000001,1.34814
28.3577,0.9299,1.09007
28.412,0.9808030000000001,0.775885
28.4663,1.01332,0.41519700000000004
28.5206,1.0253299999999999,0.023100700000000002
28.568,1.01804,-0.33059499999999997
28.6155,0.9940040000000001,-0.680905
28.6629,0.9536600000000001,-1.0159799999999999
28.7104,0.897965,-1.3266200000000001
28.7578,0.8282280000000001,-1.6071799999999998
28.8066,0.743444,-1.86243
28.8574,0.642897,-2.09424
28.910999999999998,0.524768,-2.30792
28.9688,0.385273,-2.5127900000000003
29.0332,0.21672800000000003,-2.7239
29.108,0.00385997,-2.96433
29.1946,-0.26490199999999997,-3.24397
29.2812,-0.557054,-3.49454
29.3345,-0.746373,-3.5944300000000005
29.3795,-0.908833,-3.61314
29.4245,-1.0702,-3.5405599999999997
29.4605,-1.1951200000000002,-3.39551
29.4964,-1.31318,-3.15674
29.5279,-1.4082,-2.86157
29.5594,-1.49261,-2.4828200000000002
29.5909,-1.56379,-2.0230599999999996
29.6224,-1.61933,-1.49142
29.6496,-1.6531,-0.986714
29.6768,-1.6727400000000001,-0.453925
29.704,-1.6776799999999998,0.090864
29.7312,-1.6678400000000002,0.630466
29.7584,-1.64359,1.14801
29.7856,-1.60574,1.62829
29.8128,-1.55548,2.05887
29.84,-1.49429,2.4308
29.8672,-1.42385,2.73887
29.8951,-1.34385,2.98683
29.924,-1.25465,3.17295
29.9542,-1.1567399999999999,3.29558
29.9861,-1.05062,3.35384
30.02,-0.936685,3.34749
30.0566,-0.815282,3.2764
30.0967,-0.686604,3.1398599999999997
30.1414,-0.550621,2.93509
30.1928,-0.406826,2.65395
30.2551,-0.2532,2.2728200000000003
30.3458,-0.0738266,1.6726900000000002
30.4381,0.0510832,1.02894
30.5352,0.117001,0.325417
30.6537,0.10335699999999999,-0.55894
30.7538,0.00968573,-1.3148
30.8426,-0.13701300000000002,-1.98587
30.9315,-0.342902,-2.64325
31.0204,-0.605223,-3.2443400000000002
31.0747,-0.7896989999999999,-3.53935
31.1195,-0.952376,-3.7044699999999997
31.1586,-1.09864,-3.7616400000000003
31.1977,-1.24509,-3.70969
31.2299,-1.3626,-3.56534
31.2621,-1.4737799999999999,-3.3149300000000004
31.2906,-1.5638100000000001,-2.99875
31.319000000000003,-1.64355,-2.59183
31.3475,-1.7104700000000002,-2.09858
31.3759,-1.7622400000000003,-1.5298200000000002
31.4006,-1.79341,-0.988151
31.4253,-1.8108,-0.41708500000000004
31.45,-1.8139,0.166601
31.4747,-1.8026099999999998,0.7451760000000001
31.4994,-1.77728,1.30129
31.5241,-1.7386599999999999,1.81929
31.5488,-1.68786,2.28625
31.5735,-1.62626,2.69266
31.5982,-1.5554299999999999,3.03275
31.6235,-1.47496,3.3103800000000003
31.6497,-1.38524,3.5231
31.677,-1.28672,3.66879
31.7058,-1.17987,3.74625
31.7364,-1.0650700000000002,3.7550199999999996
31.7692,-0.942636,3.69504
31.8049,-0.812712,3.56606
31.8446,-0.675189,3.36648
31.8897,-0.529407,3.09092
31.9434,-0.373146,2.7232
32.0156,-0.19533,2.19639
32.1003,-0.0361405,1.56329
32.1861,0.0703742,0.919257
32.2853,0.12483499999999999,0.18018299999999998
32.4217,0.0814607,-0.809392
32.5263,-0.0414644,-1.5341799999999999
32.631,-0.238159,-2.21676
32.7356,-0.5028020000000001,-2.82288
32.7943,-0.676717,-3.093
32.844,-0.8347129999999999,-3.25025
32.8874,-0.9774149999999999,-3.30785
32.9308,-1.12053,-3.26468
32.9666,-1.23522,-3.1349099999999996
33.0023,-1.34353,-2.9062200000000002
33.0339,-1.43086,-2.61543
33.0654,-1.50767,-2.23972
33.097,-1.57134,-1.78345
33.1285,-1.61947,-1.2573
33.156,-1.64715,-0.756293
33.1834,-1.66071,-0.22952199999999998
33.2108,-1.65965,0.306756
33.2382,-1.64395,0.835614
33.2656,-1.61405,1.34085
33.2931,-1.57077,1.8082900000000002
33.3205,-1.51534,2.2267099999999997
33.3479,-1.44919,2.58852
33.3756,-1.37311,2.89264
33.4041,-1.2869,3.14075
33.4338,-1.19078,3.33176
33.4649,-1.0849799999999998,3.46545
33.4978,-0.969542,3.5427699999999995
33.533,-0.844196,3.5658199999999995
33.5712,-0.7081729999999999,3.5374800000000004
33.6136,-0.559728,3.4609199999999998
33.662,-0.39501,3.3383199999999995
33.7208,-0.20397200000000001,3.1664
33.8051,0.0523201,2.91098
33.8894,0.28718499999999997,2.65761
33.9682,0.486706,2.4066799999999997
34.0325,0.634225,2.17014
34.0969,0.765097,1.8868200000000002
34.15,0.858139,1.60851
34.2032,0.93525,1.28715
34.2563,0.9942059999999999,0.926235
34.3094,1.03314,0.53569
34.3557,1.0498,0.183149
34.402,1.05013,-0.16761700000000002
34.4484,1.03451,-0.5035390000000001
34.4947,1.00391,-0.812615
34.541,0.959817,-1.08524
34.5873,0.90407,-1.31504
34.6342,0.837824,-1.50121
34.6826,0.761463,-1.6444
34.7332,0.6755720000000001,-1.7442400000000002
34.7866,0.5806359999999999,-1.80083
34.8439,0.476947,-1.8144799999999999
34.9062,0.36451300000000003,-1.78489
34.9757,0.24286100000000002,-1.7095
35.0562,0.11033399999999999,-1.57928
35.1592,-0.0415589,-1.35799
35.2739,-0.180054,-1.04631
35.3886,-0.27885,-0.665479
35.5032,-0.330127,-0.218707
35.6179,-0.326947,0.28165500000000004
35.745,-0.253655,0.877384
35.8616,-0.118247,1.44787
35.9586,0.0458809,1.93695
36.0443,0.230621,2.37582
36.13,0.45264499999999996,2.8018099999999997
36.204,0.672395,3.11846
36.2563,0.8397040000000001,3.2743700000000002
36.3008,0.9871989999999999,3.3324
36.3454,1.1352,3.29209
36.3814,1.2516200000000002,3.16782
36.4173,1.3618700000000001,2.94676
36.4488,1.4504700000000001,2.6662
36.4803,1.52892,2.30239
36.5118,1.59465,1.8591099999999998
36.5433,1.6452900000000001,1.34649
36.5704,1.67534,0.8612879999999999
36.5976,1.69183,0.35053
36.6247,1.69428,-0.169897
36.6519,1.68267,-0.683267
36.6791,1.6573900000000001,-1.17334
36.7062,1.61929,-1.62563
36.7334,1.56955,-2.0284
36.7605,1.50965,-2.37328
36.7877,1.44123,-2.6555
36.8157,1.36348,-2.8797
36.8448,1.2770700000000001,-3.04217
36.8753,1.18262,-3.14063
36.9076,1.0807,-3.1735700000000002
36.942,0.97191,-3.1399
36.9792,0.8568209999999999,-3.03842
37.02,0.7360399999999999,-2.86689
37.0658,0.610206,-2.62037
37.1188,0.480001,-2.2871599999999996
37.1838,0.34579899999999997,-1.83558
37.2859,0.19675,-1.07734
37.388000000000005,0.126729,-0.2915
37.4924,0.13877799999999998,0.5228119999999999
37.602,0.242727,1.3724399999999999
37.6887,0.390255,2.02432
37.7755,0.592356,2.62252
37.8381,0.768216,2.97993
37.8878,0.9219569999999999,3.18298
37.9307,1.0607,3.27125
37.9736,1.2010100000000001,3.25103
38.0085,1.31272,3.13542
38.0434,1.41862,2.91697
38.074,1.5037399999999999,2.63437
38.1046,1.57889,2.26555
38.1352,1.6414900000000001,1.8152
38.1658,1.6892,1.29431
38.1922,1.71695,0.800632
38.2186,1.73128,0.281236
38.245,1.73173,-0.24776900000000002
38.2714,1.71825,-0.769555
38.2978,1.69127,-1.26789
38.3243,1.6515900000000001,-1.72837
38.3507,1.60038,-2.13937
38.3771,1.53906,-2.49265
38.4035,1.46923,-2.78355
38.4309,1.38976,-3.01759
38.4593,1.3014,-3.1905099999999997
38.489000000000004,1.20468,-3.30024
38.5205,1.10008,-3.34568
38.554,0.9879870000000001,-3.32639
38.5903,0.8687290000000001,-3.24212
38.6301,0.7424609999999999,-3.09203
38.6748,0.609034,-2.87328
38.7266,0.46755,-2.57735
38.7911,0.314218,-2.17639
38.8876,0.134208,-1.5527600000000001
38.9841,0.0144838,-0.93015
39.0842,-0.04686969999999999,-0.298798
39.2098,-0.0362659,0.460323
39.3349,0.0660008,1.16539
39.46,0.25247600000000003,1.8032
39.5461,0.42461099999999996,2.1832599999999998
39.6151,0.584082,2.42797
39.673,0.729141,2.56753
39.7237,0.8609469999999999,2.61769
39.7744,0.9931040000000001,2.57746
39.8162,1.09859,2.46026
39.858000000000004,1.19739,2.2553900000000002
39.8948,1.27599,1.99648
39.9317,1.34368,1.6642599999999999
39.9686,1.39786,1.26423
40.0054,1.4362,0.807739
40.0376,1.4553200000000002,0.37585599999999997
40.0698,1.46023,-0.0724413
40.102,1.45064,-0.52204
40.1342,1.42675,-0.9579280000000001
40.1664,1.38923,-1.36653
40.1986,1.33915,-1.73681
40.2308,1.27786,-2.06102
40.2631,1.20694,-2.33493
40.2965,1.12493,-2.56507
40.3312,1.0324,-2.74859
40.3677,0.929451,-2.8858
40.4064,0.815804,-2.97865
40.448,0.6906399999999999,-3.03063
40.4936,0.5521590000000001,-3.04657
40.5447,0.39655999999999997,-3.0325599999999997
40.6049,0.21501900000000002,-2.99556
40.6848,-0.022067700000000003,-2.94048
40.7786,-0.29491999999999996,-2.88008
40.8589,-0.523575,-2.8092200000000003
40.9184,-0.68821,-2.71617
40.9701,-0.825556,-2.58439
41.0218,-0.9544370000000001,-2.38593
41.0652,-1.0532299999999999,-2.15639
41.1086,-1.14069,-1.8632
41.152,-1.21403,-1.50611
41.1898,-1.26431,-1.14795
41.2276,-1.30037,-0.754846
41.2654,-1.3210899999999999,-0.339227
41.3032,-1.3259100000000001,0.08379910000000002
41.341,-1.31487,0.49795500000000004
41.3788,-1.2885799999999998,0.887524
41.4166,-1.2482600000000001,1.23895
41.4544,-1.19554,1.5420399999999999
41.4922,-1.13238,1.79053
41.53,-1.06091,1.9821
41.5686,-0.9814209999999999,2.12033
41.6091,-0.8937809999999999,2.20674
41.6518,-0.798495,2.24084
41.6976,-0.696145,2.22217
41.7473,-0.587313,2.1499
41.8022,-0.472604,2.0218599999999998
41.8643,-0.352709,1.8323900000000002
41.9372,-0.22851799999999997,1.56712
42.03,-0.100587,1.18221
42.1642,0.016821400000000004,0.555834
42.2983,0.0455757,-0.13693699999999998
42.4285,-0.0186854,-0.857448
42.5261,-0.129824,-1.42025
42.6138,-0.276731,-1.93156
42.7014,-0.468025,-2.42773
42.7891,-0.70044,-2.8574599999999997
42.8432,-0.860502,-3.04623
42.888999999999996,-1.00237,-3.12783
42.9349,-1.1457600000000001,-3.10799
42.9717,-1.25834,-2.99898
43.0085,-1.36516,-2.79257
43.0405,-1.45069,-2.52597
43.0726,-1.52635,-2.17708
43.1047,-1.58954,-1.75006
43.1368,-1.63791,-1.2553299999999998
43.1644,-1.6661700000000002,-0.788325
43.1919,-1.68118,-0.297178
43.2195,-1.68248,0.202478
43.2471,-1.67008,0.694286
43.2747,-1.6444,1.16245
43.3023,-1.60629,1.59297
43.3299,-1.5569600000000001,1.97458
43.3575,-1.4978799999999999,2.2993099999999997
43.385,-1.43067,2.56272
43.4136,-1.35428,2.76979
43.4434,-1.2695299999999998,2.9159599999999997
43.4746,-1.1771,2.9987
43.5076,-1.07761,3.01625
43.5429,-0.971724,2.9671
43.5812,-0.8601260000000001,2.84944
43.6235,-0.7435930000000001,2.66008
43.6711,-0.623027,2.39237
43.7269,-0.499512,2.03079
43.7975,-0.37367399999999995,1.52896
43.8912,-0.263164,0.824614
43.9849,-0.219625,0.10315999999999999
44.0815,-0.245687,-0.6417229999999999
44.1781,-0.34316399999999997,-1.37212
44.2747,-0.509486,-2.06029
44.3714,-0.73792,-2.64247
44.4259,-0.888956,-2.87699
44.472,-1.02445,-2.9883900000000003
44.5181,-1.16269,-2.99138
44.555,-1.27177,-2.89604
44.592,-1.3755,-2.69965
44.6242,-1.45842,-2.43971
44.6564,-1.5316299999999998,-2.0958200000000002
44.6885,-1.59247,-1.67261
44.717,-1.63398,-1.24169
44.7454,-1.66261,-0.768825
44.7738,-1.6773900000000002,-0.268671
44.8022,-1.6777799999999998,0.241952
44.8306,-1.66372,0.7454069999999999
44.858999999999995,-1.6356600000000001,1.22472
44.8874,-1.59451,1.6649599999999998
44.9158,-1.54156,2.05429
44.9442,-1.47837,2.38461
44.9726,-1.40669,2.65168
45.0016,-1.32676,2.85818
45.0316,-1.23837,3.0051900000000002
45.0632,-1.14189,3.09144
45.0967,-1.03777,3.11615
45.1326,-0.926373,3.07896
45.1717,-0.807974,2.97959
45.2148,-0.6826399999999999,2.81687
45.2639,-0.550004,2.5868900000000004
45.321999999999996,-0.408452,2.27758
45.3992,-0.249513,1.83981
45.4926,-0.102805,1.30207
45.586000000000006,-0.00594529,0.7744310000000001
45.6927,0.0455075,0.19431700000000002
45.8286,0.0243095,-0.496195
45.9743,-0.0974217,-1.16008
46.0944,-0.265863,-1.63171
46.1797,-0.417177,-1.90752
46.2512,-0.560247,-2.08066
46.3129,-0.6915560000000001,-2.16672
46.3745,-0.82578,-2.17118
46.4241,-0.931843,-2.0986599999999997
46.4736,-1.03235,-1.94503
46.5168,-1.1121299999999998,-1.7380000000000002
46.56,-1.18146,-1.46097
46.6032,-1.23736,-1.1175899999999999
46.6464,-1.2771700000000001,-0.717642
46.6836,-1.29693,-0.338948
46.7209,-1.30221,0.0573256
46.7582,-1.29262,0.45686400000000005
46.7954,-1.2683,0.8453780000000001
46.8327,-1.2299,1.21002
46.87,-1.1785299999999999,1.54056
46.9072,-1.1155899999999999,1.83015
46.9449,-1.04187,2.07777
46.9837,-0.9569620000000001,2.28607
47.0243,-0.8606889999999999,2.4559
47.0671,-0.752592,2.5895
47.1129,-0.631545,2.6910000000000003
47.1628,-0.495192,2.7666
47.2187,-0.33864299999999997,2.82516
47.2846,-0.150747,2.87955
47.371,0.100992,2.95098
47.4665,0.386914,3.0293400000000004
47.5358,0.597964,3.05488
47.5899,0.762692,3.025
47.637,0.903473,2.93903
47.6842,1.03845,2.7753799999999997
47.7235,1.1437700000000002,2.56523
47.7629,1.23935,2.27956
47.8022,1.32215,1.91556
47.8361,1.38086,1.54256
47.87,1.4261,1.12191
47.9038,1.45644,0.665376
47.9377,1.4709299999999998,0.18831199999999998
47.9716,1.46917,-0.291636
48.0054,1.45135,-0.756264
48.0393,1.41831,-1.1886299999999999
48.0732,1.3713600000000001,-1.57465
48.107,1.31229,-1.9041299999999999
48.1409,1.24309,-2.17128
48.1748,1.16594,-2.37445
48.2093,1.08139,-2.51763
48.2453,0.988834,-2.60385
48.2835,0.88866,-2.63273
48.3244,0.7813899999999999,-2.6038099999999997
48.3688,0.667539,-2.51634
48.4178,0.547604,-2.36828
48.4733,0.422084,-2.15425
48.5382,0.291476,-1.8605599999999998
48.6203,0.15553499999999998,-1.44621
48.7476,0.015684899999999998,-0.739825
48.8749,-0.030449200000000003,0.023175400000000002
49.0151,0.034466199999999995,0.90951
49.1079,0.146777,1.51235
49.2039,0.322117,2.136
49.3,0.556066,2.72276
49.3653,0.74497,3.05468
49.4156,0.9036569999999999,3.23532
49.4588,1.04534,3.3081199999999997
49.501999999999995,1.18802,3.27637
49.5371,1.3010899999999999,3.15437
49.5722,1.40815,2.93209
49.6029,1.49416,2.64805
49.6337,1.57013,2.27942
49.6644,1.63352,1.8307
49.6952,1.6820099999999998,1.31269
49.7217,1.71043,0.8224450000000001
49.7483,1.7254599999999998,0.307162
49.7748,1.7266599999999999,-0.21715700000000002
49.8014,1.714,-0.733769
49.8279,1.6879,-1.2265
49.8545,1.6492,-1.6809599999999998
49.8811,1.59907,-2.0855200000000003
49.9076,1.53895,-2.43191
49.9342,1.47046,-2.71541
49.9616,1.39258,-2.9411099999999997
49.9902,1.30609,-3.1046099999999996
50.0201,1.2116,-3.20345
50.0517,1.10968,-3.23605
50.0854,1.0009,-3.20123
50.1219,0.8858370000000001,-3.09773
50.162,0.765057,-2.92334
50.2069,0.639133,-2.67309
50.25899999999999,0.508575,-2.33523
50.3232,0.37317100000000003,-1.8768
50.4166,0.230663,-1.1707299999999998
50.5099,0.15504500000000002,-0.447747
50.6081,0.14848699999999998,0.313266
50.7156,0.226399,1.13303
50.8097,0.365859,1.82275
50.9039,0.567735,2.45013
50.9682,0.7371810000000001,2.80334
51.0199,0.8877959999999999,3.00771
51.0645,1.02425,3.0989400000000002
51.1091,1.16251,3.08392
51.1453,1.2725799999999998,2.9746799999999998
51.1816,1.37689,2.7648099999999998
51.2133,1.46055,2.49189
51.245,1.5342,2.13481
51.2768,1.59524,1.6983099999999998
51.3085,1.6412900000000001,1.19343
51.3359,1.6675400000000002,0.715214
51.3634,1.6803,0.212713
51.3908,1.6791200000000002,-0.298172
51.4182,1.66402,-0.800945
51.4456,1.63542,-1.2798399999999999
51.4731,1.59417,-1.72101
51.5005,1.5414700000000001,-2.11349
51.5279,1.4787700000000001,-2.4497299999999997
51.5556,1.4068,-2.72858
51.5842,1.3254700000000001,-2.95065
51.614,1.23517,-3.11401
51.6451,1.13631,-3.21738
51.6781,1.0292299999999999,-3.26038
51.7135,0.914151,-3.24336
51.7518,0.791103,-3.1669400000000003
51.7941,0.6597390000000001,-3.03134
51.8421,0.5189630000000001,-2.83475
51.8988,0.365674,-2.56889
51.9737,0.187109,-2.1949
52.0645,0.00866303,-1.739
52.1552,-0.128848,-1.29379
52.2597,-0.23798000000000002,-0.798026
52.3902,-0.303291,-0.210137
52.504,-0.299915,0.26156599999999997
52.6179,-0.24580100000000002,0.678906
52.7317,-0.147768,1.03209
52.8456,-0.0133196,1.31857
52.9594,0.149917,1.5371299999999999
53.0504,0.295642,1.65609
53.13,0.42981499999999995,1.7074099999999999
53.2096,0.5655640000000001,1.69249
53.2732,0.67133,1.61869
53.3369,0.770321,1.47801
53.3928,0.8480469999999999,1.2928600000000001
53.4487,0.9137540000000001,1.04809
53.5046,0.9641770000000001,0.747105
53.5605,0.996408,0.39931700000000003
53.6097,1.00794,0.0662326
53.6589,1.00273,-0.278947
53.7081,0.980509,-0.622877
53.7574,0.9416549999999999,-0.953266
53.8066,0.887083,-1.26042
53.8558,0.818103,-1.53826
53.9058,0.734753,-1.78853
53.9577,0.635814,-2.01582
54.0126,0.519379,-2.22567
54.0717,0.381654,-2.42731
54.1376,0.214927,-2.63571
54.2142,0.00381795,-2.87405
54.3026,-0.26263200000000003,-3.15164
54.3911,-0.552841,-3.40125
54.4454,-0.7405510000000001,-3.5007900000000003
54.4911,-0.9014709999999999,-3.51986
54.5369,-1.06132,-3.44869
54.5734,-1.18492,-3.30591
54.6099,-1.30167,-3.0706700000000002
54.6419,-1.39549,-2.78001
54.6739,-1.4787,-2.40722
54.7059,-1.54869,-1.95505
54.7379,-1.60306,-1.43277
54.7656,-1.6358700000000002,-0.9375889999999999
54.7932,-1.65461,-0.41561800000000004
54.8208,-1.65873,0.117184
54.8484,-1.64819,0.643846
54.876000000000005,-1.6233799999999998,1.14778
54.9037,-1.58513,1.61414
54.9313,-1.53467,2.03084
54.9589,-1.47348,2.38932
54.9865,-1.40326,2.6846799999999997
55.0149,-1.3234700000000001,2.92123
55.0444,-1.2345899999999999,3.09658
55.0753,-1.13716,3.20902
55.1078,-1.03168,3.25765
55.1426,-0.918602,3.24209
55.1801,-0.798293,3.16207
55.2212,-0.671025,3.0165
55.2673,-0.5368850000000001,2.80198
55.3204,-0.39557800000000004,2.5091099999999997
55.3853,-0.245444,2.11088
55.4846,-0.06811619999999999,1.45299
55.5839,0.0419536,0.758818
55.688,0.0818492,0.00406964
55.8264,0.011353799999999999,-1.0256
55.9172,-0.112552,-1.70537
56.0109,-0.305069,-2.39858
56.1047,-0.56085,-3.04457
56.1639,-0.751629,-3.38372
56.2112,-0.916458,-3.5773699999999997
56.2519,-1.06426,-3.65936
56.2927,-1.2133,-3.6328300000000002
56.3259,-1.3321399999999999,-3.5104300000000004
56.3591,-1.4452,-3.28208
56.3882,-1.53672,-2.98644
56.4173,-1.61829,-2.59931
56.4465,-1.6872900000000002,-2.12417
56.4756,-1.74128,-1.57107
56.5007,-1.7742,-1.0443200000000001
56.5258,-1.7934700000000001,-0.48613599999999996
56.5509,-1.7984900000000001,0.08694360000000001
56.576,-1.78912,0.657257
56.6011,-1.76565,1.20735
56.6263,-1.72879,1.7213
56.6514,-1.6796200000000001,2.1858400000000002
56.6765,-1.61951,2.59105
56.7016,-1.5500399999999999,2.93077
56.7272,-1.47126,3.2072599999999998
56.7537,-1.38333,3.4195599999999997
56.7813,-1.2866799999999998,3.5656
56.8104,-1.18179,3.64402
56.8412,-1.0690899999999999,3.65418
56.8743,-0.948917,3.5958699999999997
56.9103,-0.821519,3.46861
56.9502,-0.6869149999999999,3.27066
56.9956,-0.544693,2.99665
57.0493,-0.393217,2.63096
57.1205,-0.22418400000000002,2.11366
57.2078,-0.068085,1.46136
57.2951,0.0308828,0.806471
57.3958,0.0743018,0.0576956
57.5323,0.0143457,-0.929149
57.6369,-0.12075699999999999,-1.64982
57.7414,-0.328926,-2.3229599999999997
57.821999999999996,-0.53508,-2.7797400000000003
57.8805,-0.705864,-3.0442
57.9297,-0.8594959999999999,-3.1925
57.9728,-0.9985930000000001,-3.2415700000000003
58.0159,-1.13772,-3.18947
58.0516,-1.2494299999999998,-3.0521599999999998
58.0873,-1.3545200000000002,-2.81677
58.1231,-1.44934,-2.4760400000000002
58.1532,-1.51849,-2.10675
58.1833,-1.57545,-1.66743
58.2133,-1.61826,-1.16822
58.2434,-1.6453200000000001,-0.624111
58.2735,-1.65556,-0.054049900000000005
58.3036,-1.6485299999999998,0.520713
58.3337,-1.62439,1.07863
58.3638,-1.58397,1.59994
58.3939,-1.52861,2.06845
58.424,-1.46011,2.47267
58.4541,-1.38048,2.8063
58.4842,-1.2919100000000001,3.06799
58.5143,-1.19651,3.2605299999999997
58.5456,-1.09237,3.39365
58.5786,-0.978876,3.4701
58.6139,-0.8557620000000001,3.49188
58.6522,-0.72237,3.46161
58.6946,-0.577205,3.38215
58.7429,-0.416941,3.2553900000000002
58.8009,-0.233073,3.07818
58.8864,0.018355700000000003,2.80635
58.9718,0.246696,2.53801
59.0647,0.468492,2.23489
59.1323,0.611329,1.9853599999999998
59.1999,0.735961,1.694
59.2561,0.8235129999999999,1.41206
59.3124,0.8941530000000001,1.09313
59.3687,0.9459129999999999,0.74228
59.4249,0.977282,0.370558
59.4745,0.987405,0.0381914
59.5241,0.9812069999999999,-0.28580300000000003
59.5736,0.95941,-0.5892229999999999
59.6232,0.9233030000000001,-0.861556
59.6728,0.8746309999999999,-1.09509
59.7224,0.815442,-1.28545
59.7735,0.7457199999999999,-1.4353200000000002
59.8266,0.666359,-1.54316
59.8825,0.5780529999999999,-1.60859
59.9421,0.48134099999999996,-1.63153
60.0065,0.376583,-1.6114600000000001
60.0778,0.263901,-1.54597
60.159,0.14290899999999998,-1.42753
60.258,0.0107336,-1.2316
60.3712,-0.113076,-0.9467770000000001
60.4843,-0.20111700000000002,-0.599542
60.5974,-0.246495,-0.19348800000000002
60.718,-0.240918,0.29431
60.8553,-0.159364,0.901085
60.9632,-0.0351272,1.40615
61.058,0.119953,1.86675
61.1528,0.319106,2.33255
61.2477,0.5614140000000001,2.7671799999999998
61.3104,0.742606,2.9954099999999997
61.3608,0.896641,3.10905
61.4045,1.03345,3.1306700000000003
61.4483,1.16917,3.05534
61.4843,1.27685,2.90369
61.5204,1.37743,2.65965
61.5564,1.4674399999999999,2.3176200000000002
61.5868,1.5324799999999998,1.95439
61.6172,1.58551,1.52849
61.6475,1.62479,1.0505799999999998
61.6779,1.64894,0.535755
61.7083,1.65714,0.00253377
61.7387,1.6491200000000001,-0.528745
61.769,1.62525,-1.0378100000000001
61.7994,1.5865,-1.5063600000000001
61.8298,1.5343200000000001,-1.91956
61.8601,1.47058,-2.26705
61.8905,1.39735,-2.54323
61.9209,1.31684,-2.7469799999999998
61.9512,1.23122,-2.8808700000000003
61.9832,1.13771,-2.95229
62.0172,1.0372,-2.95903
62.0536,0.930384,-2.8996
62.0931,0.817992,-2.7721
62.1369,0.7008409999999999,-2.5729900000000003
62.1865,0.579932,-2.29473
62.245,0.45655500000000004,-1.9194900000000001
62.3203,0.331663,-1.39155
62.4232,0.22740100000000002,-0.627962
62.5262,0.203036,0.156651
62.6292,0.259776,0.9444020000000001
62.7168,0.371427,1.60146
62.8044,0.539204,2.21981
62.891999999999996,0.7575270000000001,2.7422299999999997
62.945,0.9093379999999999,2.96696
62.99,1.04552,3.07059
63.035,1.18401,3.06534
63.0712,1.29342,2.9628
63.1074,1.39731,2.7587200000000003
63.138999999999996,1.48044,2.49133
63.1705,1.55378,2.1396900000000003
63.2021,1.61474,1.7085599999999999
63.2337,1.66097,1.20894
63.2609,1.6874900000000002,0.736854
63.2881,1.70082,0.240546
63.3153,1.70049,-0.264203
63.3425,1.68652,-0.76098
63.3696,1.65933,-1.23403
63.3968,1.61976,-1.66945
63.424,1.5689899999999999,-2.05613
63.4512,1.50847,-2.38626
63.4787,1.4390399999999999,-2.65801
63.507,1.36066,-2.8719200000000003
63.5364,1.27376,-3.02556
63.5672,1.17886,-3.1169700000000002
63.5999,1.07646,-3.14494
63.6348,0.967043,-3.10868
63.6727,0.8510270000000001,-3.00742
63.7145,0.728737,-2.83947
63.7616,0.600291,-2.60045
63.8169,0.46519399999999994,-2.27854
63.8876,0.319784,-1.8338299999999998
63.9872,0.169324,-1.18636
64.0868,0.0833269,-0.542592
64.1914,0.0611597,0.11468800000000001
64.3154,0.12185,0.855576
64.444,0.277989,1.56018
64.539,0.44830600000000004,2.01459
64.6102,0.602028,2.29107
64.6695,0.743212,2.45318
64.7212,0.872114,2.52055
64.7729,1.00221,2.49558
64.8152,1.10586,2.3900799999999998
64.8575,1.2032100000000001,2.19623
64.8947,1.28051,1.94763
64.9319,1.3471799999999998,1.62582
64.9691,1.4006100000000001,1.2363
65.0063,1.43845,0.790435
65.0387,1.45729,0.369519
65.0711,1.4622,-0.0676869
65.1034,1.45289,-0.506256
65.1358,1.42957,-0.9313459999999999
65.1682,1.39288,-1.32951
65.2006,1.3439,-1.6898099999999998
65.2329,1.28397,-2.00448
65.2653,1.21466,-2.26925
65.2989,1.13459,-2.49016
65.3338,1.04437,-2.66424
65.3705,0.9441799999999999,-2.79144
65.4094,0.833866,-2.8732599999999997
65.4512,0.712838,-2.9125799999999997
65.4968,0.5796979999999999,-2.91343
65.548,0.431437,-2.88078
65.6077,0.261108,-2.8198
65.685,0.046651599999999994,-2.73202
65.7811,-0.21093699999999999,-2.62962
65.8826,-0.47223699999999996,-2.5127099999999998
65.9485,-0.634486,-2.40289
66.0056,-0.767841,-2.2635
66.0626,-0.891632,-2.0649
66.1103,-0.9850459999999999,-1.8431099999999998
66.158,-1.06656,-1.56569
66.2057,-1.13353,-1.2336200000000002
66.2473,-1.17816,-0.9047
66.289,-1.20849,-0.548772
66.3306,-1.22365,-0.178151
66.3722,-1.22332,0.192768
66.4139,-1.2078,0.549074
66.4555,-1.1779899999999999,0.876974
66.4972,-1.13532,1.1652
66.5388,-1.08162,1.40591
66.5804,-1.01896,1.59499
66.6225,-0.948715,1.73308
66.6664,-0.8706229999999999,1.82255
66.7125,-0.785325,1.8624
66.7618,-0.693642,1.85148
66.8151,-0.596513,1.7882799999999999
66.8736,-0.495104,1.67005
66.9393,-0.391049,1.49101
67.0153,-0.287011,1.23845
67.1083,-0.188093,0.8808940000000001
67.2478,-0.106901,0.270015
67.3873,-0.11593900000000001,-0.409421
67.4897,-0.184846,-0.9401780000000001
67.5819,-0.294077,-1.4307299999999998
67.6741,-0.44843299999999997,-1.91493
67.7662,-0.6457109999999999,-2.3524700000000003
67.8318,-0.808339,-2.59229
67.8841,-0.947105,-2.70638
67.9295,-1.0707799999999998,-2.72491
67.9749,-1.19315,-2.6459
68.0124,-1.28983,-2.49308
68.0499,-1.37914,-2.2526
68.0875,-1.45773,-1.92199
68.1192,-1.5133,-1.57586
68.1508,-1.55703,-1.17615
68.1825,-1.5873899999999999,-0.734553
68.2142,-1.6032899999999999,-0.266439
68.2459,-1.60418,0.210356
68.2776,-1.59007,0.677094
68.3093,-1.5615700000000001,1.11588
68.3409,-1.5198200000000002,1.5112299999999999
68.3726,-1.4663899999999999,1.85128
68.4043,-1.40317,2.12838
68.436,-1.3322200000000002,2.33913
68.4677,-1.2556399999999999,2.48389
68.5007,-1.17205,2.5682400000000003
68.5356,-1.08191,2.5904700000000003
68.5728,-0.9859760000000001,2.5483599999999997
68.6132,-0.885128,2.43919
68.6577,-0.780434,2.25866
68.7079,-0.673242,1.99847
68.7672,-0.565282,1.63935
68.8455,-0.457241,1.1112
68.9346,-0.38650300000000004,0.47240299999999996
69.0237,-0.373515,-0.18174200000000001
69.1128,-0.418784,-0.832349
69.2019,-0.521084,-1.4574799999999999
69.291,-0.676643,-2.01956
69.3652,-0.8409530000000001,-2.3902099999999997
69.4194,-0.9757540000000001,-2.56613
69.4655,-1.09588,-2.6248400000000003
69.5117,-1.21632,-2.57596
69.5492,-1.3108899999999999,-2.44214
69.5868,-1.3987100000000001,-2.21523
69.6199,-1.4675200000000002,-1.93661
69.6529,-1.52593,-1.58695
69.686,-1.57171,-1.17435
69.719,-1.6030000000000002,-0.712174
69.748,-1.61743,-0.279953
69.777,-1.61913,0.162654
69.806,-1.60804,0.600811
69.835,-1.5844799999999999,1.0200799999999999
69.86399999999999,-1.5492,1.40754
69.893,-1.50328,1.75265
69.9219,-1.4480600000000001,2.04786
69.9515,-1.38383,2.29272
69.9819,-1.31093,2.48467
70.0136,-1.2299,2.62074
70.0468,-1.1413200000000001,2.69868
70.0821,-1.04576,2.7168799999999997
70.1198,-0.943788,2.67408
70.1609,-0.835965,2.5688400000000002
70.2064,-0.7228289999999999,2.39854
70.2581,-0.604811,2.15719
70.3198,-0.481774,1.8289400000000002
70.4038,-0.348095,1.34686
70.4976,-0.247608,0.797396
70.5913,-0.198345,0.256337
70.6929,-0.201185,-0.307336
70.8056,-0.26916999999999996,-0.890898
70.9287,-0.414494,-1.4546
71.013,-0.550983,-1.7700900000000002
71.0824,-0.6807810000000001,-1.96062
71.142,-0.8007529999999999,-2.05238
71.2016,-0.9236409999999999,-2.0545400000000003
71.2496,-1.02074,-1.97533
71.2976,-1.11206,-1.81266
71.3395,-1.18373,-1.59796
71.3814,-1.24498,-1.31574
71.4233,-1.29308,-0.9717399999999999
71.4652,-1.3256700000000001,-0.577381
71.5015,-1.33998,-0.20743899999999998
71.5378,-1.34059,0.174902
71.5741,-1.3273,0.5557
71.6104,-1.30041,0.921449
71.6467,-1.2607,1.26032
71.683,-1.2093200000000002,1.5631700000000002
71.7193,-1.1476899999999999,1.82402
71.7565,-1.07575,2.04451
71.7949,-0.9935950000000001,2.22416
71.8351,-0.901301,2.36287
71.8775,-0.798719,2.4619299999999997
71.923,-0.68525,2.52412
71.9724,-0.55948,2.55368
72.0276,-0.418375,2.55639
72.0917,-0.255017,2.5396799999999997
72.1734,-0.0487757,2.51263
72.2755,0.20644,2.48922
72.3805,0.466505,2.45948
72.4487,0.6328010000000001,2.40612
72.5066,0.769809,2.31485
72.5646,0.899789,2.16024
72.612,0.998029,1.97375
72.6594,1.08599,1.72585
72.7068,1.16069,1.41488
72.7474,1.21194,1.10204
72.788,1.24973,0.7541140000000001
72.8287,1.2728700000000002,0.382494
72.8693,1.28067,0.00144067
72.9099,1.2730700000000001,-0.373328
72.9505,1.25064,-0.72635
72.9911,1.21455,-1.04406
73.0317,1.16646,-1.31605
73.0723,1.10836,-1.5357399999999999
73.1129,1.04246,-1.7004099999999998
73.1542,0.9698950000000001,-1.81198
73.1973,0.890289,-1.8725900000000002
73.243,0.804345,-1.88087
73.292,0.713025,-1.83505
73.3454,0.617522,-1.7325599999999999
73.4047,0.51944,-1.56876
73.4722,0.421209,-1.33428
73.5523,0.327048,-1.00797
73.6581,0.24572800000000003,-0.521545
73.7832,0.219565,0.11218499999999999
73.8834,0.257583,0.650358
73.9836,0.35032399999999997,1.202
74.0682,0.471679,1.66155
74.1529,0.630686,2.0848299999999997
74.2292,0.802077,2.39086
74.285,0.939796,2.53219
74.3326,1.0614700000000001,2.57038
74.3801,1.18269,2.50925
74.4189,1.27752,2.37168
74.4576,1.36535,2.14669
74.4917,1.4340700000000002,1.8743400000000001
74.5258,1.49235,1.53516
74.5598,1.53804,1.1370799999999999
74.5939,1.56934,0.693153
74.6238,1.58392,0.279672
74.6537,1.58598,-0.141994
74.6836,1.57549,-0.557417
74.7135,1.55285,-0.952608
74.7434,1.51885,-1.3150899999999999
74.7733,1.47464,-1.63476
74.8032,1.4216,-1.90442
74.8338,1.35991,-2.12404
74.8653,1.2901,-2.2901599999999998
74.8982,1.21284,-2.3993700000000002
74.9328,1.12884,-2.4488
74.9695,1.03888,-2.4358400000000002
75.0091,0.94386,-2.3577
75.0524,0.8448,-2.21047
75.1008,0.742971,-1.98725
75.157,0.639946,-1.6729900000000002
75.2281,0.536772,-1.22014
75.3183,0.4545,-0.597434
75.4085,0.42960699999999996,0.0471635
75.4881,0.456007,0.614793
75.5677,0.526988,1.16444
75.6473,0.640247,1.6723400000000002
75.7269,0.79103,2.09911
75.7901,0.9318700000000001,2.3389900000000003
75.8406,1.05291,2.43617
75.8848,1.16085,2.43037
75.929,1.26633,2.32222
75.9661,1.34925,2.14345
76.0031,1.4240000000000002,1.8804900000000002
76.0401,1.48748,1.53556
76.0718,1.53071,1.18134
76.1036,1.56197,0.783153
76.1353,1.58007,0.354225
76.167,1.58429,-0.08968519999999999
76.1987,1.5744,-0.531568
76.2305,1.5507600000000001,-0.9546680000000001
76.2622,1.51419,-1.34395
76.2939,1.46597,-1.6873
76.3256,1.4077,-1.97622
76.3574,1.3412,-2.20609
76.3891,1.26835,-2.3759
76.4222,1.1876200000000001,-2.4913
76.457,1.09962,-2.54998
76.4941,1.00495,-2.55036
76.53399999999999,0.904207,-2.49106
76.5776,0.797976,-2.37027
76.6263,0.686815,-2.18447
76.6826,0.571092,-1.92536
76.7518,0.449931,-1.5682399999999999
76.8467,0.32560900000000004,-1.05162
76.9415,0.25054499999999996,-0.533183
77.0373,0.22397399999999998,-0.0250611
77.1417,0.249004,0.498122
77.2566,0.336947,1.0216100000000001
77.3643,0.470232,1.43925
77.445,0.596532,1.68101
77.5127,0.715388,1.8142
77.5721,0.8248979999999999,1.85897
77.6316,0.9346030000000001,1.8177599999999998
77.6807,1.02149,1.70671
77.7298,1.10105,1.51872
77.779,1.16944,1.25217
77.8205,1.2157200000000001,0.9695
77.862,1.2493,0.6420859999999999
77.9035,1.26855,0.281508
77.945,1.27241,-0.0975903
77.9865,1.26042,-0.478963
78.028,1.23284,-0.846571
78.0695,1.19054,-1.18635
78.111,1.1349,-1.48763
78.1525,1.06768,-1.74387
78.194,0.9908,-1.95278
78.2355,0.906217,-2.11577
78.2792,0.810914,-2.24245
78.3256,0.704553,-2.33472
78.3756,0.585972,-2.39652
78.4308,0.45264499999999996,-2.4336900000000004
78.4936,0.299059,-2.45443
78.5699,0.111141,-2.4706799999999998
78.6735,-0.14613099999999998,-2.50136
78.7792,-0.412574,-2.53518
78.8526,-0.598801,-2.52885
78.9117,-0.746842,-2.4777299999999998
78.9635,-0.8730190000000001,-2.3782200000000002
79.0154,-0.992323,-2.20998
79.0592,-1.0848200000000001,-2.00393
79.10300000000001,-1.1669100000000001,-1.7340900000000001
79.1468,-1.23579,-1.40098
79.1848,-1.28281,-1.06568
79.2228,-1.31641,-0.696634
79.2609,-1.33552,-0.306133
79.2989,-1.33961,0.09108
79.3369,-1.32871,0.47921800000000003
79.375,-1.3034700000000001,0.8430850000000001
79.413,-1.26506,1.1695799999999998
79.45100000000001,-1.2151100000000001,1.4488
79.48899999999999,-1.15555,1.6745900000000002
79.5271,-1.08846,1.84455
79.5661,-1.01401,1.9618200000000001
79.607,-0.932328,2.02657
79.6503,-0.844143,2.0373099999999997
79.6967,-0.7503529999999999,1.99236
79.7472,-0.65204,1.88936
79.8033,-0.550624,1.72406
79.8669,-0.44819200000000003,1.4878799999999999
79.9421,-0.348277,1.16147
80.0395,-0.257862,0.6864140000000001
80.1656,-0.213234,0.0122959
80.2676,-0.24123000000000003,-0.565457
80.3695,-0.32900799999999997,-1.15815
80.454,-0.447533,-1.64462
80.5385,-0.6060399999999999,-2.09823
80.6254,-0.805672,-2.47473
80.6802,-0.945802,-2.62302
80.7268,-1.06936,-2.6654400000000003
80.7734,-1.1926299999999999,-2.60692
80.8114,-1.28938,-2.46962
80.8494,-1.3792200000000001,-2.2427
80.8828,-1.4497799999999998,-1.96639
80.9162,-1.50993,-1.6208
80.9497,-1.55748,-1.2136200000000001
80.9831,-1.59055,-0.757775
81.0124,-1.60655,-0.33225
81.0417,-1.60991,0.10332999999999999
81.071,-1.60054,0.534261
81.1003,-1.5788,0.946154
81.1295,-1.54544,1.32605
81.1588,-1.50155,1.66333
81.1881,-1.4485,1.9502599999999999
81.2179,-1.38675,2.18575
81.2486,-1.3166799999999999,2.36728
81.2806,-1.23889,2.4915
81.3141,-1.15409,2.55556
81.3497,-1.063,2.557
81.3878,-0.966454,2.49337
81.4294,-0.8653770000000001,2.36145
81.4755,-0.760897,2.15578
81.5284,-0.654421,1.86513
81.5926,-0.547443,1.45983
81.6868,-0.440287,0.807716
81.7695,-0.398124,0.21028899999999998
81.8521,-0.405612,-0.390752
81.9348,-0.46240200000000004,-0.979564
82.0175,-0.5666869999999999,-1.53536
82.1002,-0.714426,-2.02317
82.1696,-0.8664940000000001,-2.33708
82.2228,-0.9952040000000001,-2.48345
82.2687,-1.1102299999999998,-2.51875
82.3145,-1.22454,-2.44866
82.3523,-1.3144200000000001,-2.2993
82.39,-1.39699,-2.06038
82.4278,-1.4688299999999999,-1.73127
82.4597,-1.51872,-1.38755
82.4915,-1.55679,-0.9924370000000001
82.5234,-1.5816,-0.5583600000000001
82.5553,-1.59216,-0.100985
82.5872,-1.58798,0.362009
82.6191,-1.5692,0.81252
82.65100000000001,-1.53647,1.2336799999999999
82.6829,-1.4909700000000001,1.61129
82.7148,-1.4342700000000002,1.93487
82.7467,-1.3682,2.19805
82.7786,-1.29474,2.39855
82.811,-1.2146299999999999,2.53926
82.8448,-1.12707,2.62317
82.8806,-1.0324200000000001,2.64932
82.919,-0.931161,2.61672
82.9607,-0.823792,2.5243
83.0069,-0.710727,2.3700900000000003
83.0592,-0.5921930000000001,2.14933
83.1214,-0.467682,1.8489400000000002
83.205,-0.331223,1.41514
83.3016,-0.219196,0.90465
83.3982,-0.15603399999999998,0.40603
83.5036,-0.140791,-0.111326
83.6241,-0.18765199999999999,-0.657122
83.7623,-0.317385,-1.20327
83.8554,-0.44383199999999995,-1.5030299999999999
83.9334,-0.568932,-1.69146
84.0007,-0.686383,-1.78835
84.068,-0.807715,-1.80313
84.12200000000001,-0.9038309999999999,-1.74022
84.1761,-0.994476,-1.59927
84.2232,-1.06549,-1.4078899999999999
84.2702,-1.1259700000000001,-1.15234
84.3173,-1.17301,-0.837731
84.3643,-1.2040600000000001,-0.474933
84.4051,-1.21653,-0.134133
84.4458,-1.2148299999999999,0.218192
84.4866,-1.1987700000000001,0.568641
84.5273,-1.16869,0.904435
84.5681,-1.12542,1.21471
84.6088,-1.07016,1.49146
84.6496,-1.00439,1.73003
84.6916,-0.9272950000000001,1.9345700000000001
84.7353,-0.838899,2.10475
84.7812,-0.7388520000000001,2.24213
84.8302,-0.626186,2.3502400000000003
84.8834,-0.498812,2.43477
84.9427,-0.35238200000000003,2.5041900000000004
85.0117,-0.17711500000000002,2.5713
85.1001,0.05392330000000001,2.65827
85.2016,0.329191,2.7647
85.2848,0.5620890000000001,2.82607
85.3431,0.727029,2.82166
85.3934,0.867511,2.7607
85.4436,1.00312,2.62393
85.485,1.10814,2.43958
85.5264,1.20401,2.18103
85.5677,1.28758,1.8446099999999999
85.603,1.34671,1.4985700000000002
85.6383,1.39276,1.10495
85.6736,1.42425,0.674899
85.7089,1.44013,0.223266
85.7441,1.43995,-0.23264899999999997
85.7794,1.42388,-0.674823
85.8147,1.3927,-1.08635
85.85,1.34775,-1.45306
85.8853,1.29081,-1.76465
85.9206,1.22395,-2.01515
85.9558,1.14936,-2.2027900000000002
85.9916,1.0681,-2.33069
86.029,0.979356,-2.40235
86.0687,0.883602,-2.41701
86.1112,0.781524,-2.3736099999999998
86.1575,0.673905,-2.2705599999999997
86.2087,0.561685,-2.10467
86.2667,0.446139,-1.86887
86.335,0.32926300000000003,-1.5467
86.4218,0.214533,-1.09131
86.5425,0.12392,-0.401055
86.6632,0.11953,0.334458
86.7653,0.186522,0.979824
86.8549,0.299881,1.55167
86.9444,0.464008,2.10889
87.03399999999999,0.675825,2.60582
87.0936,0.839169,2.85887
87.1422,0.981411,2.98421
87.1847,1.10911,3.0087099999999998
87.2272,1.23574,2.93035
87.2625,1.3366,2.77231
87.2977,1.43025,2.52052
87.333,1.51331,2.17163
87.3629,1.5727799999999998,1.8033400000000002
87.3927,1.62035,1.37535
87.4226,1.6543900000000002,0.8993030000000001
87.4524,1.6737,0.390846
87.4822,1.6775799999999998,-0.131495
87.5121,1.6659099999999998,-0.647889
87.5419,1.63916,-1.139
87.5718,1.59835,-1.58769
87.6016,1.54496,-1.98039
87.6315,1.4808,-2.30787
87.6613,1.40791,-2.5654
87.6912,1.32838,-2.75242
87.7217,1.2422600000000001,-2.87387
87.7538,1.14899,-2.93142
87.7878,1.0490700000000002,-2.92368
87.8245,0.9431649999999999,-2.8489299999999997
87.8644,0.8320290000000001,-2.70479
87.9088,0.716518,-2.4868
87.9596,0.59765,-2.1854
88.0207,0.476491,-1.77637
88.1071,0.349802,-1.15117
88.1973,0.276429,-0.47359399999999996
88.2875,0.26450100000000004,0.20868299999999998
88.3813,0.317012,0.9081299999999999
88.4751,0.43395500000000004,1.57859
88.5688,0.611109,2.18342
88.6373,0.773291,2.54106
88.6908,0.914845,2.73581
88.7368,1.0428899999999999,2.81618
88.7828,1.17228,2.7902099999999996
88.8202,1.27482,2.67378
88.8576,1.37121,2.46043
88.8904,1.44773,2.18908
88.9232,1.51405,1.83981
88.9561,1.56771,1.41899
88.9889,1.60655,0.93876
89.0174,1.62694,0.486691
89.0459,1.63414,0.017046900000000004
89.0745,1.62789,-0.45476700000000003
89.103,1.60833,-0.9132469999999999
89.1315,1.57605,-1.3440299999999998
89.16,1.53203,-1.7349599999999998
89.1886,1.4775399999999999,-2.07685
89.2171,1.41408,-2.36381
89.2464,1.34115,-2.59892
89.2768,1.25929,-2.7789200000000003
89.3085,1.16899,-2.9017
89.34200000000001,1.07069,-2.96608
89.3776,0.964776,-2.97168
89.416,0.85152,-2.91852
89.458,0.73101,-2.80654
89.505,0.602967,-2.63441
89.5593,0.46624799999999994,-2.397
89.6262,0.316686,-2.07578
89.728,0.131027,-1.56971
89.8298,-0.00342252,-1.07352
89.9341,-0.08981389999999999,-0.588612
90.0644,-0.129191,-0.0244678
90.2009,-0.09565169999999999,0.503664
90.3375,0.00483686,0.954134
90.4741,0.160972,1.31669
90.5694,0.296035,1.50794
90.6525,0.42649,1.62021
90.7256,0.546767,1.66241
90.7987,0.667686,1.63481
90.8588,0.763686,1.5468600000000001
90.9189,0.8523719999999999,1.39036
90.9791,0.929444,1.1602299999999999
91.0301,0.9823940000000001,0.908251
91.0811,1.02128,0.609792
91.1321,1.04396,0.274947
91.18299999999999,1.04893,-0.0824283
91.234,1.03544,-0.446359
91.285,1.00357,-0.800949
91.336,0.954153,-1.1326100000000001
91.387,0.8886200000000001,-1.4317799999999998
91.43799999999999,0.80877,-1.69376
91.48899999999999,0.716517,-1.9186599999999998
91.5412,0.611193,-2.1146
91.5966,0.48885100000000004,-2.29318
91.6572,0.34471399999999996,-2.4651400000000003
91.7258,0.16936400000000001,-2.64682
91.8076,-0.0562115,-2.86326
91.9002,-0.33278,-3.1095099999999998
91.9813,-0.592733,-3.2906699999999995
92.0344,-0.769378,-3.35353
92.0799,-0.9219649999999999,-3.34219
92.1254,-1.0721399999999999,-3.2429799999999998
92.1624,-1.18928,-3.0789
92.1993,-1.29875,-2.82642
92.23200000000001,-1.3863,-2.52354
92.2646,-1.46271,-2.14455
92.2973,-1.52555,-1.69407
92.3299,-1.57266,-1.18285
92.3584,-1.59954,-0.70024
92.3869,-1.61236,-0.19810899999999998
92.4154,-1.61079,0.307737
92.4439,-1.59495,0.80105
92.4723,-1.5654299999999999,1.26649
92.5008,-1.52321,1.69081
92.5293,-1.46961,2.06379
92.5578,-1.40621,2.37866
92.5868,-1.33333,2.6362400000000004
92.6167,-1.2512299999999998,2.83548
92.6479,-1.1604299999999999,2.9742900000000003
92.6807,-1.06148,3.0512799999999998
92.7155,-0.954894,3.0657400000000004
92.7528,-0.841152,3.01721
92.7935,-0.7206779999999999,2.9049
92.8385,-0.5938260000000001,2.72653
92.8895,-0.460825,2.476
92.9498,-0.32156,2.13732
93.0277,-0.173566,1.65841
93.1347,-0.033393,0.954457
93.2417,0.029442000000000003,0.215049
93.3646,0.00213745,-0.6633060000000001
93.4624,-0.0975081,-1.3742299999999998
93.5491,-0.243998,-2.00317
93.6359,-0.44433599999999995,-2.61097
93.7226,-0.694725,-3.14415
93.774,-0.862706,-3.3794199999999996
93.8176,-1.0129299999999999,-3.4969900000000003
93.8612,-1.16606,-3.5069800000000004
93.8959,-1.28669,-3.41552
93.9307,-1.40234,-3.2185900000000003
93.9609,-1.49583,-2.95238
93.9911,-1.57988,-2.59401
94.0214,-1.65172,-2.14565
94.0479,-1.70269,-1.6845
94.0745,-1.74069,-1.17121
94.101,-1.7645400000000002,-0.620149
94.1275,-1.7734400000000001,-0.048669199999999996
94.1541,-1.76711,0.524207
94.1806,-1.7457599999999998,1.07933
94.2072,-1.71012,1.59899
94.2337,-1.6613200000000001,2.06829
94.2603,-1.60086,2.47607
94.2868,-1.53047,2.81534
94.3134,-1.45202,3.08325
94.3405,-1.3654,3.28429
94.3688,-1.27041,3.41955
94.3986,-1.16743,3.48788
94.4302,-1.05693,3.48845
94.4642,-0.9393360000000001,3.4207099999999997
94.5012,-0.814995,3.2837300000000003
94.5423,-0.6841229999999999,3.07504
94.5892,-0.54664,2.78809
94.645,-0.401541,2.40485
94.7199,-0.24175300000000002,1.85536
94.8091,-0.10624600000000001,1.1827
94.8997,-0.0302134,0.49676899999999996
95.0049,-0.0195395,-0.291481
95.1343,-0.118546,-1.23197
95.2367,-0.281242,-1.9376900000000001
95.3391,-0.5131180000000001,-2.5738
95.4015,-0.684062,-2.89066
95.4533,-0.8387700000000001,-3.07938
95.4981,-0.978931,-3.16195
95.5429,-1.1206,-3.14208
95.5794,-1.23371,-3.031
95.616,-1.34099,-2.82048
95.6481,-1.42731,-2.5467400000000002
95.6801,-1.50349,-2.18815
95.7122,-1.56685,-1.7488400000000002
95.7443,-1.61495,-1.2393
95.772,-1.64268,-0.7550819999999999
95.7998,-1.65658,-0.244896
95.8275,-1.6561599999999999,0.275251
95.8552,-1.6413799999999998,0.7886479999999999
95.883,-1.61264,1.27924
95.9107,-1.5707799999999998,1.73291
95.9384,-1.51698,2.13844
95.9661,-1.4527,2.48812
95.9939,-1.37955,2.7779
96.0226,-1.29609,3.01454
96.0526,-1.2030299999999998,3.19435
96.0839,-1.10074,3.31641
96.1171,-0.989397,3.3811
96.1527,-0.868943,3.38982
96.1912,-0.738953,3.34456
96.2339,-0.5982970000000001,3.24737
96.2823,-0.44437,3.09899
96.3403,-0.27047,2.89454
96.4225,-0.04492619999999999,2.5909299999999997
96.509,0.165435,2.27589
96.6012,0.359834,1.94207
96.6837,0.5073949999999999,1.62929
96.7565,0.615321,1.3308200000000001
96.8294,0.700565,1.0061200000000001
96.9022,0.7612720000000001,0.658018
96.9647,0.792763,0.348486
97.0272,0.804879,0.040280300000000005
97.0898,0.798088,-0.254166
97.1523,0.773634,-0.5227649999999999
97.2148,0.733459,-0.7556609999999999
97.2773,0.6800149999999999,-0.94644
97.3399,0.616037,-1.09247
97.4038,0.542663,-1.19621
97.4706,0.460337,-1.2591
97.5417,0.369821,-1.28071
97.6187,0.271834,-1.25925
97.704,0.16697599999999999,-1.18955
97.8031,0.055303099999999994,-1.05728
97.9381,-0.0709084,-0.797882
98.0731,-0.156272,-0.45292
98.2081,-0.189625,-0.0288443
98.3472,-0.159093,0.478308
98.5003,-0.039014599999999997,1.1006
98.5993,0.0912239,1.53206
98.6898,0.24827800000000003,1.9388299999999998
98.7804,0.44206000000000006,2.3386
98.8709,0.670078,2.68381
98.9278,0.827406,2.83203
98.976,0.9656440000000001,2.88515
99.0243,1.10428,2.84408
99.0631,1.21262,2.72443
99.1019,1.31459,2.51461
99.1359,1.39568,2.25144
99.1698,1.46656,1.91337
99.2037,1.52475,1.50548
99.2377,1.56807,1.0387899999999999
99.26700000000001,1.59218,0.6007279999999999
99.2963,1.60314,0.144723
99.3257,1.60064,-0.314119
99.355,1.58483,-0.760363
99.3843,1.5563,-1.1795
99.4137,1.5160200000000001,-1.5590600000000001
99.443,1.4653100000000001,-1.88943
99.4723,1.40571,-2.16426
99.5023,1.33733,-2.38468
99.5334,1.2606,-2.54829
99.5658,1.17615,-2.65232
99.5999,1.08466,-2.69453
99.6363,0.986857,-2.6730099999999997
99.6755,0.8835569999999999,-2.5857200000000002
99.7185,0.775694,-2.42959
99.7664,0.664441,-2.19888
99.8218,0.551383,-1.88126
99.8894,0.43868100000000004,-1.44446
99.9828,0.333905,-0.791299
100.0,0.321386,-0.6675449999999999
