,x,xdot
1e-06,6.04e-10,0.000608
6e-06,3.744e-09,0.000647999
3.1e-05,2.24439e-08,0.0008479910000000001
0.000156,1.9093900000000001e-07,0.00184792
0.000781,2.9081200000000003e-06,0.00684684
0.003906,6.333720000000001e-05,0.0318226
0.019531,0.00153349,0.156222
0.09765599999999999,0.037674900000000004,0.765232
0.219021,0.185566,1.66035
0.340385,0.43709899999999996,2.4643599999999997
0.404573,0.6070949999999999,2.82119
0.458146,0.76478,3.05286
0.504091,0.908242,3.17881
0.550035,1.05544,3.2111099999999997
0.5868909999999999,1.17293,3.15033
0.623746,1.28652,2.9971799999999997
0.65589,1.37958,2.7795
0.688034,1.46432,2.47935
0.720178,1.5381,2.09775
0.752322,1.59838,1.6415400000000002
0.779982,1.63776,1.19917
0.8076409999999999,1.66441,0.7231310000000001
0.8353,1.6775900000000001,0.22787800000000002
0.862959,1.67698,-0.270598
0.890619,1.66274,-0.7560279999999999
0.918278,1.63542,-1.21315
0.945937,1.59601,-1.6288799999999999
0.9735969999999999,1.54579,-1.9931
1.00126,1.48629,-2.29915
1.02976,1.41701,-2.55036
1.05935,1.33854,-2.74225
1.0903100000000001,1.25146,-2.8715900000000003
1.12301,1.15632,-2.9361900000000003
1.1579,1.0537,-2.93463
1.1956200000000001,0.944108,-2.8658799999999998
1.2370700000000001,0.827993,-2.72857
1.28365,0.7055819999999999,-2.51957
1.33796,0.5764319999999999,-2.2299900000000004
1.40678,0.43666400000000005,-1.82781
1.50276,0.288877,-1.25264
1.59873,0.19558299999999998,-0.6965640000000001
1.69471,0.153999,-0.17685599999999999
1.80539,0.16510999999999998,0.367051
1.9387299999999998,0.252867,0.931516
2.0335,0.357309,1.26158
2.1155,0.47043500000000005,1.48685
2.18699,0.582012,1.62399
2.25849,0.7009310000000001,1.6892
2.31575,0.797603,1.6764700000000001
2.37302,0.8916229999999999,1.59499
2.4226799999999997,0.9677950000000001,1.46244
2.47235,1.0359,1.26994
2.52201,1.0929799999999998,1.01942
2.5716799999999997,1.13631,0.717891
2.61468,1.16097,0.42495299999999997
2.65769,1.17259,0.113561
2.7006900000000003,1.17065,-0.20407899999999998
2.74369,1.15513,-0.51544
2.7867,1.12657,-0.808967
2.8297,1.08595,-1.0752
2.8727,1.0345799999999998,-1.30755
2.91698,0.972116,-1.5077399999999999
2.96293,0.898867,-1.67323
3.0110799999999998,0.814996,-1.8033700000000001
3.06209,0.720392,-1.8993200000000001
3.11685,0.614459,-1.9641099999999998
3.1766799999999997,0.49566400000000005,-2.00284
3.24378,0.360504,-2.02293
3.32265,0.200457,-2.0350900000000003
3.4262599999999996,-0.0114341,-2.05742
3.5419400000000003,-0.251835,-2.10137
3.6576199999999996,-0.497321,-2.1364400000000003
3.7274,-0.646153,-2.12249
3.78703,-0.77132,-2.06758
3.84665,-0.891584,-1.95525
3.89535,-0.983474,-1.8102599999999998
3.94404,-1.067,-1.61122
3.99274,-1.13949,-1.35673
4.03453,-1.19089,-1.09712
4.0763300000000005,-1.23076,-0.8060229999999999
4.118130000000001,-1.25796,-0.49306400000000006
4.15992,-1.2718399999999999,-0.170442
4.20172,-1.27227,0.148198
4.243519999999999,-1.2597,0.44916300000000003
4.28531,-1.23514,0.720113
4.32711,-1.2000600000000001,0.951191
4.36891,-1.1562700000000001,1.13571
4.4107,-1.10582,1.27033
4.45461,-1.04792,1.35775
4.50115,-0.983692,1.39293
4.55127,-0.914186,1.3711200000000001
4.6065,-0.8405440000000001,1.28579
4.66994,-0.763784,1.1242
4.745419999999999,-0.688283,0.866599
4.82839,-0.630079,0.529147
4.91135,-0.6013649999999999,0.15945299999999998
4.98459,-0.602007,-0.17752300000000001
5.057840000000001,-0.627293,-0.511387
5.13108,-0.676516,-0.828809
5.20432,-0.7479060000000001,-1.11366
5.27925,-0.8406309999999999,-1.34982
5.36191,-0.9597620000000001,-1.51227
5.41972,-1.04844,-1.54288
5.47004,-1.12532,-1.50153
5.52036,-1.19838,-1.39005
5.5634,-1.25512,-1.2374100000000001
5.60645,-1.30418,-1.03433
5.64949,-1.34353,-0.787125
5.69254,-1.3714600000000001,-0.506161
5.730169999999999,-1.3856,-0.243577
5.76781,-1.38974,0.0236868
5.80545,-1.3839,0.284538
5.8430800000000005,-1.36853,0.528356
5.880719999999999,-1.34446,0.7458359999999999
5.91836,-1.31281,0.929644
5.95716,-1.2737100000000001,1.0786200000000001
5.99749,-1.22786,1.18696
6.03995,-1.1759600000000001,1.2495
6.085380000000001,-1.11873,1.26084
6.1352199999999995,-1.05681,1.2138799999999998
6.19273,-0.9901270000000001,1.0948799999999999
6.25783,-0.925017,0.895705
6.32439,-0.8735809999999999,0.64357
6.39095,-0.839973,0.36323
6.4575,-0.8254549999999999,0.072689
6.5240599999999995,-0.8301729999999999,-0.21229099999999998
6.590610000000001,-0.853266,-0.47710699999999995
6.65717,-0.892914,-0.707317
6.723730000000001,-0.9463219999999999,-0.888058
6.7918199999999995,-1.01124,-1.006
6.862239999999999,-1.0838700000000001,-1.04082
6.91839,-1.14139,-0.9968049999999999
6.97455,-1.1945700000000001,-0.886468
7.02148,-1.23304,-0.745475
7.06842,-1.26394,-0.565513
7.115360000000001,-1.28564,-0.355007
7.16229,-1.2969600000000001,-0.125091
7.209230000000001,-1.29728,0.11134300000000001
7.25616,-1.28662,0.34094
7.3031,-1.26558,0.551275
7.35003,-1.2353299999999998,0.732073
7.39697,-1.19744,0.8760370000000001
7.4439,-1.15374,0.979159
7.49153,-1.10546,1.04116
7.54228,-1.0519,1.06208
7.5979,-0.993309,1.0370700000000002
7.661810000000001,-0.9293290000000001,0.957039
7.73455,-0.8645729999999999,0.81613
7.8113,-0.808874,0.630695
7.88805,-0.768219,0.427133
7.964810000000001,-0.7433489999999999,0.221806
8.04156,-0.733877,0.027892200000000002
8.118310000000001,-0.738499,-0.143842
8.19506,-0.755157,-0.284357
8.27432,-0.782121,-0.388561
8.3624,-0.819409,-0.447474
8.45049,-0.8590200000000001,-0.440669
8.52542,-0.8901450000000001,-0.382255
8.60034,-0.915172,-0.27876599999999996
8.66595,-0.9296,-0.156789
8.73155,-0.935267,-0.0130528
8.79716,-0.9310290000000001,0.14363599999999999
8.86276,-0.916343,0.30389099999999997
8.92837,-0.891272,0.458867
8.99398,-0.856411,0.60129
9.05958,-0.812761,0.726165
9.12628,-0.760659,0.832635
9.196010000000001,-0.699358,0.921908
9.27002,-0.628313,0.994748
9.349789999999999,-0.546495,1.05368
9.437610000000001,-0.451676,1.1039
9.53777,-0.338548,1.15509
9.66239,-0.190235,1.22858
9.82118,0.014782,1.36256
9.9278,0.166236,1.48194
10.0379,0.336945,1.61906
10.148,0.522302,1.7412400000000001
10.2257,0.659673,1.7903
10.2904,0.775701,1.78655
10.3551,0.8896719999999999,1.72384
10.407,0.9766530000000001,1.62001
10.4589,1.0568600000000001,1.46195
10.5108,1.1274,1.24769
10.5546,1.17731,1.0256
10.5984,1.21676,0.771588
10.6422,1.24455,0.49453
10.686,1.2599,0.20590799999999998
10.7298,1.2626,-0.08121139999999999
10.7735,1.25301,-0.353515
10.8173,1.23204,-0.598811
10.8611,1.2011,-0.807185
10.9049,1.16198,-0.9717309999999999
10.9487,1.11669,-1.08879
10.9945,1.065,-1.15977
11.0433,1.00773,-1.18003
11.0964,0.945815,-1.14337
11.1563,0.88007,-1.03918
11.2259,0.813918,-0.85239
11.3024,0.758474,-0.588279
11.3699,0.7276100000000001,-0.32276
11.4374,0.715277,-0.0411632
11.5048,0.7221380000000001,0.24413200000000002
11.5723,0.748037,0.521135
11.6398,0.791994,0.777137
11.7073,0.852118,0.997757
11.7771,0.92819,1.17111
11.8534,1.02214,1.27316
11.9121,1.09723,1.27365
11.9633,1.1611,1.21066
12.0145,1.2201600000000001,1.08572
12.0588,1.2649,0.929321
12.103,1.3018100000000001,0.732823
12.1472,1.32928,0.504261
12.1915,1.34612,0.254623
12.2357,1.35169,-0.0030013
12.28,1.34594,-0.254671
12.3242,1.32944,-0.48701700000000003
12.3685,1.3033,-0.688562
12.4127,1.26909,-0.850684
12.457,1.22868,-0.968103
12.5012,1.18411,-1.0388600000000001
12.5482,1.1345299999999998,-1.0640100000000001
12.5995,1.08037,-1.03725
12.6586,1.02154,-0.9461629999999999
12.7244,0.9642299999999999,-0.784417
12.7914,0.918551,-0.574411
12.8583,0.88794,-0.337161
12.9252,0.8736450000000001,-0.08955060000000001
12.9922,0.8758450000000001,0.153324
13.0591,0.893754,0.377554
13.126,0.925675,0.5698439999999999
13.193,0.969037,0.7172609999999999
13.2599,1.02042,0.8075869999999999
13.3314,1.07938,0.829368
13.3913,1.12796,0.782556
13.4511,1.17193,0.6759029999999999
13.501,1.20252,0.544908
13.5509,1.22574,0.381859
13.6008,1.24022,0.195444
13.6506,1.2450299999999999,-0.00362299
13.7005,1.23984,-0.203601
13.7504,1.2249,-0.392936
13.8003,1.20099,-0.561446
13.8501,1.16937,-0.7012430000000001
13.9,1.13161,-0.8072560000000001
13.9499,1.08945,-0.8773059999999999
14.0029,1.04187,-0.912817
14.0604,0.989259,-0.909536
14.1253,0.9315110000000001,-0.8610329999999999
14.2002,0.8706149999999999,-0.759685
14.2823,0.8141149999999999,-0.6112479999999999
14.3645,0.77074,-0.443118
14.4466,0.741406,-0.271858
14.5287,0.7258020000000001,-0.110728
14.6109,0.72265,0.0298013
14.693,0.729907,0.141502
14.7772,0.745394,0.219534
14.8709,0.768139,0.25725
14.9646,0.79188,0.240668
15.0582,0.8115720000000001,0.171503
15.1369,0.821565,0.0776712
15.2155,0.8231200000000001,-0.041707
15.2942,0.814557,-0.17807699999999999
15.3729,0.794902,-0.322193
15.4515,0.763893,-0.465417
15.5302,0.721885,-0.600908
15.6088,0.669672,-0.724424
15.6884,0.607495,-0.835788
15.7722,0.5330699999999999,-0.939609
15.8622,0.443902,-1.04041
15.9617,0.335094,-1.14691
16.0777,0.19453199999999998,-1.27739
16.2319,-0.017490099999999998,-1.4811
16.3349,-0.178201,-1.6400299999999999
16.4409,-0.36102199999999995,-1.8097299999999998
16.5468,-0.5607840000000001,-1.9517900000000001
16.616,-0.697808,-2.00047
16.6752,-0.816196,-1.9930400000000001
16.7344,-0.932357,-1.92229
16.7825,-1.02231,-1.80687
16.8306,-1.10531,-1.63275
16.8787,-1.1784700000000001,-1.39782
16.9196,-1.23069,-1.15314
16.9604,-1.2721799999999999,-0.872921
17.0012,-1.30164,-0.566361
17.0421,-1.3182399999999999,-0.245484
17.0829,-1.32168,0.07591360000000001
17.1238,-1.31223,0.38361999999999996
17.1646,-1.29072,0.664439
17.2055,-1.25847,0.90743
17.2463,-1.2172100000000001,1.10473
17.2871,-1.1689100000000001,1.2519
17.3292,-1.11398,1.34984
17.3736,-1.05279,1.3960299999999999
17.4213,-0.9862190000000001,1.38564
17.4738,-0.915251,1.3119299999999998
17.5339,-0.8405959999999999,1.1619700000000002
17.6045,-0.766784,0.918797
17.6812,-0.7082470000000001,0.599184
17.758,-0.675653,0.24650100000000003
17.8347,-0.670733,-0.11889200000000001
17.9115,-0.693768,-0.479046
17.9882,-0.743664,-0.815601
18.065,-0.817814,-1.10714
18.1417,-0.9117860000000001,-1.3272899999999999
18.2194,-1.0202200000000001,-1.44543
18.2747,-1.10067,-1.44692
18.3235,-1.16994,-1.38188
18.3723,-1.23442,-1.2508
18.4147,-1.28405,-1.0840100000000001
18.457,-1.3256299999999999,-0.872246
18.4994,-1.35742,-0.623268
18.5418,-1.3780700000000001,-0.34820300000000004
18.5841,-1.38675,-0.06073049999999999
18.6265,-1.38325,0.22417199999999998
18.6688,-1.368,0.49175100000000005
18.7112,-1.3420100000000001,0.728963
18.7536,-1.30681,0.925631
18.7959,-1.26426,1.0751
18.8383,-1.21643,1.17436
18.8819,-1.16394,1.22438
18.9287,-1.1064399999999999,1.22279
18.9806,-1.0443200000000001,1.1618899999999999
19.0422,-0.976716,1.0234299999999998
19.1095,-0.914688,0.8110850000000001
19.1768,-0.8684639999999999,0.557411
19.2441,-0.8401299999999999,0.282549
19.3114,-0.8305170000000001,0.00375993
19.3787,-0.8393700000000001,-0.263741
19.445999999999998,-0.865447,-0.505776
19.5133,-0.906566,-0.708393
19.5806,-0.9596020000000001,-0.857567
19.6528,-1.02511,-0.9427399999999999
19.725,-1.09355,-0.936689
19.7801,-1.1434,-0.86579
19.8351,-1.18777,-0.738042
19.8825,-1.2193100000000001,-0.58641
19.9299,-1.2428700000000001,-0.403053
19.9773,-1.25716,-0.197069
20.0247,-1.26137,0.0205313
20.0721,-1.25522,0.237831
20.1195,-1.23901,0.443204
20.1669,-1.21355,0.626462
20.2143,-1.1800899999999999,0.779744
20.2617,-1.14018,0.8979959999999999
20.3098,-1.09491,0.979876
20.3605,-1.0439100000000001,1.02532
20.4151,-0.987517,1.03073
20.4759,-0.9259059999999999,0.991002
20.5478,-0.857821,0.8950629999999999
20.6276,-0.792098,0.745967
20.7074,-0.739391,0.572106
20.7872,-0.700969,0.390561
20.866999999999997,-0.676888,0.214706
20.9469,-0.666265,0.054863300000000004
21.0267,-0.667489,-0.08095169999999999
21.1109,-0.6792100000000001,-0.19128399999999998
21.2026,-0.700589,-0.266565
21.299,-0.7279,-0.290223
21.3955,-0.754668,-0.255398
21.4793,-0.7731859999999999,-0.179972
21.5631,-0.783813,-0.06820470000000001
21.6469,-0.783836,0.07146210000000001
21.7307,-0.771347,0.2286
21.8145,-0.74534,0.392333
21.8983,-0.705679,0.553086
21.9821,-0.652921,0.704056
22.0659,-0.5880479999999999,0.8420110000000001
22.1497,-0.512159,0.967302
22.2394,-0.41973900000000003,1.0912
22.3382,-0.305429,1.22292
22.4527,-0.15646,1.38172
22.5945,0.054955899999999995,1.60382
22.6946,0.224004,1.7773900000000002
22.7961,0.4134,1.95081
22.8848,0.5919760000000001,2.06927
22.9497,0.727959,2.10985
23.0058,0.8461129999999999,2.09338
23.0619,0.961592,2.0117599999999998
23.1081,1.05178,1.8849200000000002
23.1542,1.1347399999999999,1.6978400000000002
23.2004,1.20763,1.44886
23.2399,1.25981,1.18992
23.2793,1.30103,0.894769
23.3188,1.33005,0.572986
23.3582,1.34605,0.23692600000000003
23.3977,1.34874,-0.09932310000000001
23.4371,1.3384,-0.421313
23.4766,1.31586,-0.715663
23.516,1.28245,-0.9712870000000001
23.5555,1.23985,-1.18022
23.5949,1.19001,-1.33792
23.6356,1.13325,-1.44553
23.6784,1.06997,-1.50055
23.7242,1.00104,-1.49848
23.7742,0.9274389999999999,-1.43343
23.8307,0.850073,-1.2953
23.8992,0.769141,-1.05818
23.9764,0.6998449999999999,-0.7283930000000001
24.0536,0.657671,-0.3597
24.1308,0.644738,0.0258488
24.208000000000002,0.661621,0.409789
24.2852,0.707504,0.773997
24.3624,0.780085,1.09755
24.4396,0.87525,1.35414
24.5198,0.9911280000000001,1.5146600000000001
24.5762,1.07768,1.54119
24.6253,1.15255,1.4944600000000001
24.6745,1.22339,1.37663
24.7166,1.2783,1.2177799999999999
24.7588,1.32542,1.00855
24.801,1.3627799999999999,0.755822
24.8432,1.38873,0.470304
24.8803,1.40125,0.203241
24.9174,1.4037600000000001,-0.0675943
24.9544,1.39632,-0.331057
24.9915,1.37943,-0.5765819999999999
25.0286,1.3539,-0.7950050000000001
25.0657,1.32089,-0.97919
25.1041,1.2803200000000001,-1.12863
25.144000000000002,1.23294,-1.23706
25.186,1.17946,-1.29936
25.230999999999998,1.12056,-1.31027
25.2803,1.0568600000000001,-1.26299
25.337,0.9882879999999999,-1.14462
25.4019,0.920166,-0.945033
25.4693,0.864892,-0.6886439999999999
25.5367,0.8279610000000001,-0.404142
25.6041,0.810621,-0.11021700000000001
25.6715,0.812954,0.177119
25.7389,0.834023,0.44333900000000004
25.8063,0.871927,0.674307
25.8738,0.923808,0.85562
25.9435,0.9880639999999999,0.975369
26.015,1.05971,1.01111
26.0722,1.11659,0.968111
26.1293,1.1691200000000002,0.859067
26.1772,1.20708,0.718985
26.2251,1.23737,0.539968
26.273000000000003,1.25832,0.330475
26.3209,1.26872,0.101645
26.3688,1.26796,-0.13366199999999998
26.4167,1.25603,-0.362186
26.4646,1.23356,-0.571666
26.5125,1.20173,-0.752061
26.5604,1.1621,-0.896344
26.6083,1.1165,-1.00079
26.6571,1.06598,-1.06555
26.7089,1.00986,-1.09083
26.7656,0.9483940000000001,-1.07277
26.8298,0.8814190000000001,-1.0048700000000002
26.9051,0.810251,-0.877977
26.9894,0.743624,-0.6985
27.0737,0.692998,-0.50166
27.158,0.659047,-0.305368
27.2422,0.641131,-0.123045
27.3265,0.637629,0.03523219999999999
27.4108,0.646176,0.16175799999999999
27.5021,0.665603,0.256131
27.6005,0.69358,0.302307
27.6989,0.723115,0.2876
27.7974,0.748239,0.213346
27.8787,0.761687,0.11183199999999999
27.96,0.7656390000000001,-0.018809700000000002
28.0414,0.758078,-0.16965999999999998
28.1227,0.737758,-0.330916
28.204,0.704217,-0.493353
28.2854,0.65767,-0.649727
28.3667,0.598808,-0.795722
28.4499,0.52685,-0.933141
28.5379,0.438698,-1.06788
28.6337,0.329717,-1.20792
28.7423,0.189831,-1.36913
28.8736,-0.00361497,-1.58227
28.9772,-0.17708800000000002,-1.76804
29.0808,-0.370139,-1.95629
29.1844,-0.58134,-2.10947
29.2492,-0.719893,-2.15713
29.3052,-0.8406530000000001,-2.14664
29.3612,-0.9590549999999999,-2.0699799999999997
29.4071,-1.05138,-1.94648
29.4529,-1.13665,-1.7612700000000001
29.4988,-1.21195,-1.5120200000000001
29.5379,-1.26604,-1.25176
29.5769,-1.3091899999999999,-0.953311
29.6159,-1.3401,-0.626075
29.655,-1.35786,-0.282395
29.694000000000003,-1.36212,0.06344830000000001
29.733,-1.35307,0.396619
29.7721,-1.3315,0.7032
29.8111,-1.29867,0.9714940000000001
29.8502,-1.25625,1.19292
29.8892,-1.2062,1.36242
29.9291,-1.1493799999999998,1.48017
29.9709,-1.08588,1.54526
30.0155,-1.0165,1.55349
30.064,-0.942218,1.49952
30.1183,-0.8639979999999999,1.37481
30.1827,-0.782054,1.15865
30.2576,-0.7067760000000001,0.8426450000000001
30.3325,-0.6569159999999999,0.48389099999999996
30.4073,-0.634828,0.10409500000000001
30.4822,-0.641414,-0.279248
30.5571,-0.676335,-0.649949
30.631999999999998,-0.7379979999999999,-0.990232
30.7069,-0.823335,-1.2781200000000001
30.7831,-0.929436,-1.4885
30.845,-1.02461,-1.57388
30.8972,-1.1070200000000001,-1.5709899999999999
30.9494,-1.18726,-1.48912
30.9927,-1.24919,-1.35715
31.0361,-1.30413,-1.16765
31.0795,-1.34969,-0.925514
31.1173,-1.3801299999999999,-0.678527
31.1552,-1.40075,-0.40776100000000004
31.193,-1.4108399999999999,-0.12428499999999999
31.2309,-1.41015,0.159715
31.2687,-1.3989,0.43197399999999997
31.3066,-1.37774,0.681215
31.3444,-1.34774,0.8980440000000001
31.3823,-1.31026,1.07556
31.4209,-1.2659200000000002,1.21192
31.4612,-1.21506,1.30429
31.5038,-1.1583,1.34791
31.5498,-1.09633,1.3372700000000002
31.6009,-1.02965,1.26436
31.6614,-0.9574459999999999,1.11068
31.7286,-0.890368,0.877815
31.7958,-0.840458,0.603294
31.8629,-0.8097880000000001,0.308064
31.9301,-0.799145,0.00962654
31.9973,-0.808226,-0.27684699999999995
32.0644,-0.835751,-0.5372520000000001
32.1316,-0.879498,-0.757523
32.1988,-0.9362860000000001,-0.923133
32.2725,-1.0086700000000002,-1.02464
32.336,-1.07433,-1.0319
32.3905,-1.12932,-0.9727709999999999
32.4451,-1.1794,-0.8520909999999999
32.4921,-1.2160600000000001,-0.701807
32.5391,-1.24476,-0.514545
32.586,-1.26396,-0.29908
32.633,-1.2725899999999999,-0.066635
32.68,-1.27015,0.17011099999999998
32.727,-1.25674,0.398304
32.774,-1.23305,0.606236
32.8209,-1.20025,0.784462
32.8679,-1.15991,0.9264969999999999
32.9149,-1.11382,1.02903
32.9634,-1.06221,1.09307
33.0151,-1.00489,1.1172
33.0715,-0.942163,1.09752
33.1356,-0.8738889999999999,1.0276299999999998
33.211,-0.801024,0.897816
33.2956,-0.73258,0.714537
33.3803,-0.6805220000000001,0.514193
33.4649,-0.645489,0.314869
33.5496,-0.626801,0.129965
33.6342,-0.622795,-0.030555099999999998
33.7202,-0.631279,-0.160815
33.8131,-0.6510819999999999,-0.25758400000000004
33.9125,-0.679534,-0.304636
34.0119,-0.7096100000000001,-0.290049
34.0995,-0.732597,-0.22700700000000001
34.1872,-0.748156,-0.121558
34.2748,-0.752896,0.018264700000000002
34.3625,-0.744264,0.18168299999999998
34.4501,-0.720713,0.356761
34.5377,-0.681718,0.532464
34.6254,-0.627612,0.700572
34.713,-0.559276,0.856876
34.8006,-0.47777200000000003,1.00139
34.8928,-0.37879,1.14466
34.9947,-0.254258,1.30061
35.1138,-0.08806810000000001,1.49275
35.2263,0.0909181,1.69251
35.3388,0.293213,1.9043599999999998
35.4513,0.518623,2.09462
35.5212,0.668029,2.16991
35.58,0.796157,2.18342
35.6387,0.92322,2.1301799999999997
35.6856,1.0208700000000002,2.02621
35.7325,1.11217,1.85847
35.7737,1.18475,1.65458
35.8149,1.24785,1.39845
35.8561,1.29938,1.09497
35.8973,1.33759,0.753629
35.9385,1.36117,0.388108
35.9746,1.3692799999999998,0.06134019999999999
36.0107,1.3656700000000002,-0.25912399999999997
36.0468,1.3508,-0.5615060000000001
36.0829,1.3255,-0.835311
36.119,1.29096,-1.0721100000000001
36.156,1.24742,-1.2705799999999998
36.1943,1.19565,-1.42459
36.2343,1.13645,-1.5292299999999999
36.2765,1.07064,-1.58004
36.3217,0.9991610000000001,-1.57245
36.3711,0.923005,-1.50068
36.4268,0.843108,-1.35476
36.4948,0.7590359999999999,-1.10683
36.5723,0.686354,-0.761466
36.6497,0.642088,-0.377266
36.7272,0.628337,0.0232805
36.8046,0.645636,0.42163199999999995
36.8821,0.693122,0.799639
36.9595,0.7684270000000001,1.13612
37.0369,0.867331,1.40394
37.1173,0.9878399999999999,1.5724799999999999
37.1728,1.0763,1.6013899999999999
37.2213,1.15314,1.5559399999999999
37.2698,1.22604,1.43802
37.3115,1.2828,1.27744
37.3532,1.3317700000000001,1.06469
37.3948,1.37089,0.806412
37.4365,1.39848,0.513242
37.473,1.41225,0.238465
37.5096,1.41584,-0.0414327
37.5461,1.4093,-0.315076
37.5826,1.39303,-0.571573
37.6192,1.36785,-0.801379
37.6557,1.3348799999999998,-0.996951
37.6933,1.29424,-1.1570799999999999
37.7324,1.24658,-1.27607
37.7734,1.19259,-1.3489
37.8171,1.13295,-1.37048
37.8647,1.06834,-1.33467
37.9185,0.999007,-1.23112
37.9818,0.926784,-1.0429700000000002
38.0515,0.8629819999999999,-0.777634
38.1126,0.8234090000000001,-0.516058
38.1736,0.800235,-0.24247
38.2346,0.793802,0.030591700000000003
38.2957,0.803732,0.292003
38.3567,0.8289920000000001,0.53125
38.4194,0.869179,0.743013
38.4851,0.923903,0.9146620000000001
38.5576,0.9948799999999999,1.0285600000000001
38.6301,1.07073,1.0464799999999999
38.6851,1.127,0.988519
38.7401,1.17835,0.867218
38.787,1.21564,0.716572
38.8339,1.24496,0.528327
38.8808,1.26474,0.311228
38.9277,1.27388,0.0765286
38.9746,1.2718399999999999,-0.162997
39.0215,1.25872,-0.39434400000000003
39.0684,1.23517,-0.605622
39.1153,1.20238,-0.787197
39.1622,1.16191,-0.9324129999999999
39.2091,1.11556,-1.03783
39.2573,1.06374,-1.10427
39.3087,1.00616,-1.13076
39.3646,0.943132,-1.11354
39.4279,0.8745870000000001,-1.0466
39.5029,0.800635,-0.9191729999999999
39.586999999999996,0.730699,-0.737531
39.6712,0.6769609999999999,-0.5378149999999999
39.7554,0.640143,-0.33813899999999997
39.8396,0.619649,-0.151886
39.9238,0.613913,0.0110426
40.0098,0.620905,0.14563099999999998
40.1026,0.639525,0.247804
40.2028,0.6675760000000001,0.30185500000000004
40.303000000000004,0.69795,0.29389899999999997
40.4032,0.724432,0.224739
40.4864,0.7392350000000001,0.12520799999999999
40.5696,0.7444029999999999,-0.00549111
40.6528,0.737704,-0.158413
40.7361,0.717701,-0.32355
40.8193,0.6837840000000001,-0.491378
40.9025,0.636061,-0.654358
40.9857,0.575144,-0.808003
41.0707,0.5001369999999999,-0.954285
41.161,0.407393,-1.10012
41.2596,0.291224,-1.2550700000000001
41.3726,0.13915,-1.4381
41.5066,-0.0692113,-1.67628
41.6055,-0.24426799999999999,-1.8654
41.7044,-0.437877,-2.04663
41.7854,-0.608607,-2.1598
41.8479,-0.7451409999999999,-2.19951
41.9022,-0.864194,-2.18066
41.9564,-0.980482,-2.0948599999999997
42.0012,-1.0717,-1.9625599999999999
42.0461,-1.15561,-1.7682900000000001
42.091,-1.22937,-1.51037
42.1294,-1.28235,-1.2418200000000001
42.1678,-1.32426,-0.9357049999999999
42.2062,-1.35386,-0.601753
42.2446,-1.37028,-0.25252800000000003
42.283,-1.37324,0.0976084
42.3214,-1.36297,0.433879
42.3598,-1.34027,0.7425350000000001
42.3982,-1.30644,1.0121200000000001
42.4366,-1.26315,1.2343
42.475,-1.21231,1.40425
42.5144,-1.15447,1.52278
42.5557,-1.08989,1.5881299999999998
42.5999,-1.01937,1.59612
42.6478,-0.943902,1.54149
42.7014,-0.8644629999999999,1.41603
42.7646,-0.781403,1.20035
42.8391,-0.7035819999999999,0.8811700000000001
42.9135,-0.651292,0.518537
42.9879,-0.6269170000000001,0.134298
43.0624,-0.631402,-0.254187
43.1368,-0.664473,-0.631088
43.2112,-0.724644,-0.979194
43.2857,-0.809012,-1.27721
43.3616,-0.9150219999999999,-1.50111
43.4243,-1.01278,-1.60061
43.4769,-1.09748,-1.60782
43.5295,-1.1804700000000001,-1.53403
43.5729,-1.24451,-1.40741
43.6163,-1.30176,-1.22119
43.6597,-1.3497,-0.9797290000000001
43.6973,-1.38206,-0.732272
43.735,-1.40457,-0.458924
43.7727,-1.41646,-0.170715
43.8104,-1.4174,0.120021
43.8481,-1.40754,0.40069899999999997
43.8858,-1.3874799999999998,0.659578
43.9234,-1.3582299999999998,0.8867299999999999
43.9611,-1.32114,1.07471
43.9992,-1.27725,1.2202899999999999
44.0389,-1.22668,1.32208
44.0807,-1.17004,1.37552
44.1257,-1.10802,1.37534
44.1752,-1.04121,1.3144200000000001
44.2326,-0.969355,1.1783299999999999
44.2981,-0.899007,0.9587829999999999
44.3648,-0.8439040000000001,0.6893640000000001
44.4314,-0.807697,0.394849
44.498000000000005,-0.791443,0.0931747
44.5647,-0.795099,-0.200389
44.6313,-0.817658,-0.47195299999999996
44.6979,-0.8572,-0.707879
44.7645,-0.9108850000000001,-0.894068
44.8354,-0.9792420000000001,-1.02125
44.9071,-1.05443,-1.0589600000000001
44.9635,-1.11323,-1.0157200000000002
45.0199,-1.1677,-0.905424
45.0673,-1.2074200000000002,-0.762625
45.1147,-1.23938,-0.5793729999999999
45.1621,-1.26185,-0.364041
45.2095,-1.27357,-0.127826
45.257,-1.2738399999999999,0.116201
45.3044,-1.26264,0.354421
45.3518,-1.24053,0.57412
45.3992,-1.20866,0.764766
45.4466,-1.16859,0.918874
45.494,-1.1221700000000001,1.03235
45.5414,-1.07136,1.1043
45.5921,-1.01439,1.1373799999999998
45.6471,-0.9518620000000001,1.12739
45.7088,-0.8838860000000001,1.06892
45.7826,-0.809098,0.9496899999999999
45.8654,-0.73754,0.775307
45.9481,-0.681404,0.580227
46.0308,-0.641621,0.382494
46.1135,-0.6178279999999999,0.195502
46.1962,-0.608708,0.0291551
46.2813,-0.6124850000000001,-0.112495
46.3725,-0.628185,-0.224392
46.4735,-0.654844,-0.29336599999999996
46.5745,-0.6853560000000001,-0.300219
46.6755,-0.713386,-0.244604
46.7602,-0.730506,-0.153371
46.8449,-0.738398,-0.0279464
46.9296,-0.734522,0.122868
47.0143,-0.717158,0.28881
47.099,-0.685462,0.459741
47.1837,-0.639382,0.627312
47.2683,-0.5794520000000001,0.786229
47.353,-0.506501,0.9348
47.4428,-0.415836,1.08297
47.5407,-0.302259,1.23932
47.6519,-0.15428499999999998,1.4215200000000001
47.784,0.0487205,1.65727
47.8838,0.22369499999999998,1.8496700000000001
47.9836,0.41785,2.03697
48.0685,0.596316,2.16175
48.1318,0.734824,2.20743
48.1864,0.855424,2.19389
48.2411,0.973525,2.11317
48.2861,1.06597,1.9850700000000001
48.3311,1.15126,1.7944
48.3761,1.22651,1.53902
48.4145,1.28063,1.27239
48.4529,1.32374,0.967147
48.4913,1.3545399999999999,0.6328189999999999
48.5297,1.37214,0.281905
48.5682,1.3761700000000001,-0.0711735
48.6066,1.36684,-0.411454
48.645,1.34491,-0.724905
48.6834,1.31165,-0.999724
48.7218,1.26873,-1.2272399999999999
48.7602,1.2180600000000001,-1.40232
48.7994,1.16052,-1.5251299999999999
48.8405,1.09619,-1.59487
48.8843,1.02585,-1.6074700000000002
48.9317,0.950469,-1.55784
48.9846,0.871036,-1.4382
49.0465,0.7880510000000001,-1.2310299999999998
49.1201,0.70862,-0.9189370000000001
49.1946,0.653393,-0.557045
49.2692,0.6261399999999999,-0.171718
49.3437,0.6279279999999999,0.219295
49.4183,0.6585850000000001,0.6000840000000001
49.4929,0.716729,0.9536030000000001
49.5674,0.799579,1.2589
49.641999999999996,0.902575,1.48901
49.7063,1.00243,1.60184
49.7596,1.0885799999999999,1.618
49.8128,1.17343,1.55156
49.8565,1.23872,1.4303299999999999
49.9001,1.29739,1.24824
49.9438,1.34684,1.00924
49.9815,1.38038,0.763556
50.0192,1.40411,0.490658
50.0569,1.41719,0.201505
50.0947,1.41926,-0.0915258
50.1324,1.4104,-0.375683
50.1701,1.3911799999999999,-0.638965
50.2078,1.36259,-0.8711180000000001
50.2456,1.32595,-1.06436
50.2833,1.28284,-1.21373
50.3226,1.23279,-1.32053
50.3642,1.1765700000000001,-1.37947
50.4086,1.1148799999999999,-1.38532
50.4574,1.04833,-1.3312899999999999
50.5136,0.9768959999999999,-1.20449
50.5783,0.905401,-0.9930709999999999
50.6462,0.8470340000000001,-0.7218479999999999
50.714,0.808131,-0.422541
50.7818,0.7899229999999999,-0.11441099999999998
50.8496,0.7924439999999999,0.186277
50.9174,0.8146869999999999,0.464845
50.9852,0.854665,0.706926
51.053000000000004,0.9094049999999999,0.8976649999999999
51.123999999999995,0.9781700000000001,1.02565
51.1958,1.05372,1.06362
51.2521,1.11271,1.02042
51.3084,1.16739,0.9100370000000001
51.3558,1.20728,0.767003
51.4032,1.2394100000000001,0.58336
51.4505,1.26204,0.36746999999999996
51.4979,1.27389,0.13053299999999998
51.5453,1.2742799999999999,-0.11435799999999999
51.5926,1.26315,-0.35355
51.64,1.2410700000000001,-0.574281
51.6874,1.2092,-0.765968
51.7348,1.16909,-0.9210809999999999
51.7821,1.12258,-1.03548
51.8295,1.07164,-1.10827
51.8801,1.0145600000000001,-1.14209
51.935,0.9519049999999999,-1.13287
51.9964,0.8838020000000001,-1.07528
52.0702,0.808634,-0.956815
52.1528,0.7365619999999999,-0.782968
52.2354,0.679858,-0.588144
52.318000000000005,0.639474,-0.390403
52.4006,0.61507,-0.20313699999999998
52.4832,0.605353,-0.0362247
52.5683,0.608583,0.106654
52.6596,0.623836,0.220086
52.7609,0.650247,0.291094
52.8623,0.680726,0.299913
52.9636,0.708907,0.24606999999999998
53.0487,0.726288,0.155831
53.1339,0.734455,0.030927099999999996
53.218999999999994,0.7308180000000001,-0.11985699999999999
53.3041,0.713605,-0.286223
53.3893,0.68193,-0.45796400000000004
53.4744,0.635714,-0.6266510000000001
53.5596,0.575469,-0.786929
53.6447,0.5020100000000001,-0.9370850000000001
53.7349,0.41060399999999997,-1.08717
53.8333,0.295837,-1.24609
53.9454,0.145806,-1.4320899999999999
54.0779,-0.0594429,-1.67179
54.1771,-0.23483800000000002,-1.86483
54.2763,-0.42928299999999997,-2.0510099999999998
54.3586,-0.6034470000000001,-2.17046
54.4213,-0.741164,-2.2137599999999997
54.4756,-0.8611989999999999,-2.1979
54.5299,-0.9786219999999999,-2.1147400000000003
54.5747,-1.07066,-1.98439
54.6195,-1.1554799999999998,-1.79151
54.6643,-1.23021,-1.53415
54.7026,-1.28395,-1.2657100000000001
54.7409,-1.32665,-0.958936
54.7792,-1.35701,-0.6234430000000001
54.8175,-1.37418,-0.271784
54.8558,-1.3778,0.0816137
54.8941,-1.3681,0.42182700000000006
54.9323,-1.34585,0.734899
54.9706,-1.3123200000000002,1.0091299999999999
55.0089,-1.26918,1.23594
55.0472,-1.21835,1.41028
55.0863,-1.16058,1.5325600000000001
55.1274,-1.09602,1.60166
55.1712,-1.02545,1.6134899999999999
55.2186,-0.94984,1.56295
55.2715,-0.870188,1.44225
55.3334,-0.786987,1.2337799999999999
55.407,-0.707358,0.919984
55.4816,-0.652113,0.556822
55.5561,-0.624926,0.17039400000000002
55.6306,-0.626848,-0.221575
55.7052,-0.6577,-0.603194
55.7797,-0.71609,-0.95742
55.8542,-0.7992279999999999,-1.2632700000000001
55.9288,-0.90254,-1.49371
55.9929,-1.00244,-1.6064100000000001
56.0461,-1.0887,-1.62257
56.0993,-1.17367,-1.55611
56.1429,-1.23909,-1.43475
56.1865,-1.29788,-1.25242
56.2301,-1.34745,-1.01306
56.2678,-1.38109,-0.766926
56.3055,-1.40491,-0.493476
56.3432,-1.41808,-0.203664
56.3809,-1.42021,0.09011439999999998
56.4185,-1.4114,0.375087
56.4562,-1.3922,0.639225
56.4939,-1.36361,0.872243
56.5316,-1.32695,1.06633
56.5693,-1.2838,1.21649
56.6086,-1.23371,1.3240100000000001
56.65,-1.17743,1.38364
56.6944,-1.1156700000000002,1.39018
56.7431,-1.04903,1.33691
56.799,-0.9775299999999999,1.2111299999999998
56.8637,-0.90571,1.00044
56.9317,-0.846673,0.7281810000000001
56.9997,-0.8072560000000001,0.427356
57.0678,-0.788717,0.117486
57.1358,-0.791098,-0.18498199999999998
57.2039,-0.813387,-0.46521999999999997
57.2719,-0.8535780000000001,-0.7087220000000001
57.34,-0.9086639999999999,-0.9004770000000001
57.4111,-0.9777549999999999,-1.02874
57.4822,-1.05285,-1.0666200000000001
57.5385,-1.11199,-1.02387
57.5948,-1.16683,-0.9138700000000001
57.6421,-1.2069,-0.770966
57.6895,-1.23922,-0.587272
57.7369,-1.2620200000000001,-0.371132
57.7842,-1.27404,-0.133744
57.8316,-1.2745600000000001,0.11177899999999999
57.879,-1.2635399999999999,0.351743
57.9263,-1.24153,0.573336
57.9737,-1.2096799999999999,0.765917
58.021,-1.16956,0.9219
58.0684,-1.123,1.0371
58.1158,-1.07198,1.11059
58.1663,-1.01484,1.14503
58.2211,-0.9521219999999999,1.13644
58.2824,-0.8839549999999999,1.07959
58.3559,-0.808663,0.9620299999999999
58.4384,-0.736242,0.7888069999999999
58.5208,-0.679127,0.594356
58.6033,-0.638285,0.39674
58.6858,-0.6134,0.20934299999999997
58.7683,-0.6032,0.0420304
58.8534,-0.6059760000000001,-0.10179400000000001
58.9447,-0.62084,-0.21645100000000003
59.0463,-0.6470279999999999,-0.289182
59.1478,-0.677467,-0.299695
59.2494,-0.70577,-0.247403
59.3349,-0.7233729999999999,-0.158074
59.4203,-0.731789,-0.0336899
59.5058,-0.728382,0.116978
59.5913,-0.711339,0.283605
59.6767,-0.679742,0.45592299999999997
59.7622,-0.633487,0.625429
59.8477,-0.57307,0.786706
59.9331,-0.499296,0.938008
60.0237,-0.407458,1.08936
60.1224,-0.291982,1.2499799999999999
60.235,-0.140716,1.4384
60.3676,0.0657647,1.68045
60.4665,0.241486,1.874
60.5654,0.436199,2.0596
60.6464,0.6079720000000001,2.176
60.7087,0.7451909999999999,2.21779
60.7627,0.864872,2.2004599999999996
60.8168,0.98187,2.11576
60.8615,1.07366,1.9839799999999999
60.9061,1.15818,1.7897
60.9508,1.23258,1.53108
60.989,1.28607,1.26149
61.0272,1.32851,0.953738
61.0654,1.3586,0.617501
61.1037,1.3755,0.265363
61.1419,1.37886,-0.08824560000000001
61.1801,1.36893,-0.42842600000000003
61.2183,1.34647,-0.741269
61.2565,1.31277,-1.0151299999999999
61.2947,1.26949,-1.2415100000000001
61.3329,1.21855,-1.4154
61.372,1.16064,-1.53735
61.4131,1.0959299999999998,-1.60605
61.4568,1.02521,-1.6173899999999999
61.5043,0.949462,-1.56629
61.5571,0.86967,-1.44492
61.619,0.78633,-1.23563
61.6927,0.70657,-0.9207629999999999
61.7672,0.651305,-0.5567770000000001
61.8417,0.624151,-0.16963
61.9163,0.626155,0.222969
61.9908,0.6571279999999999,0.60514
62.0653,0.715674,0.959837
62.1398,0.798996,1.26606
62.2152,0.903775,1.49878
62.2791,1.00352,1.61002
62.3321,1.08972,1.62527
62.3852,1.17459,1.5580200000000002
62.4288,1.2399799999999999,1.436
62.4723,1.29873,1.25305
62.5158,1.34825,1.01312
62.5535,1.38184,0.766452
62.5911,1.40561,0.492504
62.6288,1.41872,0.202253
62.6664,1.42079,-0.0919002
62.70399999999999,1.41191,-0.37718
62.7417,1.39265,-0.641562
62.7793,1.364,-0.874768
62.817,1.32728,-1.0689899999999999
62.8546,1.28407,-1.21926
62.8939,1.2339,-1.32689
62.9353,1.17754,-1.38659
62.9797,1.11569,-1.39316
63.0283,1.0489700000000002,-1.33989
63.0841,0.977374,-1.21413
63.1488,0.9053959999999999,-1.0033100000000001
63.2169,0.846125,-0.7304390000000001
63.285,0.8065399999999999,-0.428896
63.3531,0.787903,-0.11827599999999999
63.4212,0.790258,0.184924
63.4893,0.812588,0.46583800000000003
63.5575,0.85288,0.709924
63.6256,0.908119,0.9021239999999999
63.6968,0.977404,1.03064
63.7679,1.0527,1.06847
63.8242,1.1119,1.02557
63.8804,1.1668,0.9154040000000001
63.9278,1.20692,0.772311
63.9751,1.23927,0.588394
64.0225,1.2621200000000001,0.37199499999999996
64.0698,1.27416,0.13431700000000002
64.1171,1.2747,-0.111523
64.1645,1.26369,-0.351823
64.2118,1.24168,-0.57376
64.2592,1.2098200000000001,-0.7666810000000001
64.3065,1.16967,-0.9229930000000001
64.3538,1.1230799999999999,-1.0385
64.4012,1.072,-1.11227
64.4516,1.01481,-1.14697
64.5064,0.952039,-1.13865
64.5676,0.883811,-1.0821100000000001
64.641,0.808499,-0.9650690000000001
64.7234,0.73587,-0.792146
64.8058,0.678515,-0.597875
64.8882,0.637411,-0.400319
64.9706,0.612251,-0.21285500000000002
65.053,0.601777,-0.0453346
65.1382,0.604295,0.0990158
65.2295,0.6189399999999999,0.214344
65.3312,0.644998,0.287994
65.4329,0.6754060000000001,0.29940700000000003
65.5346,0.703762,0.24794000000000002
65.6203,0.721476,0.159084
65.706,0.730012,0.0349607
65.7917,0.726708,-0.115668
65.8774,0.70973,-0.282465
65.96300000000001,0.678141,-0.455129
66.0487,0.631822,-0.625121
66.1344,0.571261,-0.786999
66.2201,0.497254,-0.9390069999999999
66.3108,0.405075,-1.09122
66.4098,0.289046,-1.25302
66.5228,0.136821,-1.44318
66.6555,-0.070583,-1.68687
66.7542,-0.24657199999999999,-1.88075
66.8529,-0.441504,-2.06583
66.9328,-0.6115229999999999,-2.17988
66.9948,-0.748336,-2.22044
67.0487,-0.867725,-2.20192
67.1026,-0.984375,-2.11599
67.1472,-1.07595,-1.98308
67.1917,-1.16022,-1.7877
67.2363,-1.23435,-1.52811
67.2745,-1.28764,-1.25765
67.3126,-1.32985,-0.9491799999999999
67.3508,-1.35972,-0.612421
67.3889,-1.3764,-0.259986
67.4271,-1.37955,0.09369569999999999
67.4653,-1.36942,0.43374700000000005
67.5034,-1.34679,0.746301
67.5416,-1.3129600000000001,1.01976
67.5798,-1.26957,1.24569
67.6179,-1.21855,1.4191200000000002
67.657,-1.1605299999999998,1.54072
67.69800000000001,-1.0957,1.6090200000000001
67.7418,-1.02488,1.6199
67.7892,-0.9490209999999999,1.56826
67.842,-0.869128,1.44626
67.904,-0.785687,1.23617
67.9777,-0.705874,0.920342
68.0522,-0.6506810000000001,0.555838
68.1267,-0.623622,0.168302
68.2012,-0.625735,-0.22459099999999999
68.2757,-0.656826,-0.60698
68.3502,-0.715494,-0.961832
68.4247,-0.798938,-1.26814
68.5001,-0.903961,-1.5010700000000001
68.5639,-1.00369,-1.61205
68.6169,-1.0899299999999998,-1.62715
68.6699,-1.17482,-1.55977
68.7135,-1.24024,-1.43761
68.757,-1.29902,-1.2544799999999998
68.8005,-1.34857,-1.01435
68.8381,-1.38219,-0.767451
68.8757,-1.40598,-0.49324700000000005
68.9133,-1.4191,-0.202716
68.95100000000001,-1.4211799999999999,0.091735
68.9886,-1.41231,0.377325
69.0262,-1.39305,0.642018
69.0639,-1.36439,0.8755299999999999
69.1015,-1.32765,1.07005
69.1391,-1.2844200000000001,1.22059
69.1784,-1.23423,1.32846
69.2197,-1.17783,1.38839
69.2641,-1.11594,1.39519
69.3127,-1.04918,1.34216
69.3684,-0.9775510000000001,1.2167299999999999
69.433,-0.905444,1.0061200000000001
69.5012,-0.8459190000000001,0.732811
69.5694,-0.806141,0.430655
69.6376,-0.7873829999999999,0.11934600000000001
69.7058,-0.7896920000000001,-0.184548
69.774,-0.812048,-0.466109
69.8422,-0.8524299999999999,-0.710741
69.9104,-0.90781,-0.903325
69.9817,-0.9772360000000001,-1.0319399999999999
70.0529,-1.0526799999999998,-1.06966
70.1091,-1.11191,-1.02659
70.1653,-1.16682,-0.916258
70.2126,-1.20697,-0.773001
70.26,-1.2393399999999999,-0.58891
70.3073,-1.26219,-0.372328
70.3546,-1.27424,-0.134462
70.4019,-1.2747899999999999,0.111571
70.4493,-1.26377,0.352064
70.4966,-1.24176,0.5741930000000001
70.5439,-1.2098799999999998,0.767301
70.5912,-1.16971,0.923791
70.6386,-1.12309,1.0394700000000001
70.6859,-1.07199,1.1133899999999999
70.7363,-1.01476,1.14825
70.791,-0.9519479999999999,1.1400700000000001
70.8522,-0.8836790000000001,1.08371
70.9254,-0.808348,0.96698
71.0078,-0.735585,0.794226
71.0902,-0.678077,0.600057
71.1726,-0.6368090000000001,0.402532
71.255,-0.611479,0.215027
71.3373,-0.600835,0.0473842
71.4225,-0.6031920000000001,-0.0972863
71.5139,-0.617703,-0.21302100000000002
71.6157,-0.643677,-0.287219
71.7175,-0.6740619999999999,-0.299168
71.8193,-0.702446,-0.248193
71.9051,-0.720222,-0.159617
71.9909,-0.728824,-0.035643
72.0767,-0.725575,0.114971
72.1625,-0.708627,0.281878
72.2484,-0.67703,0.45476099999999997
72.3342,-0.6306579999999999,0.625061
72.42,-0.569991,0.787321
72.5058,-0.49582200000000004,0.9397840000000001
72.5967,-0.403398,1.0925799999999999
72.6959,-0.28697399999999995,1.25518
72.8091,-0.13406700000000002,1.44654
72.9419,0.0739707,1.69134
73.0405,0.250161,1.8854400000000002
73.139,0.44526400000000005,2.07013
73.2182,0.6140770000000001,2.18253
73.2801,0.750594,2.2221900000000003
73.3338,0.86977,2.2028
73.3876,0.986165,2.11597
73.4321,1.07758,1.9822400000000002
73.4766,1.16167,1.78607
73.5211,1.2356,1.5258
73.5592,1.28874,1.25472
73.5973,1.33079,0.945744
73.6355,1.36049,0.60863
73.6736,1.3769999999999998,0.256006
73.7117,1.37999,-0.09769910000000001
73.7498,1.36972,-0.437625
73.788,1.3469799999999998,-0.7499359999999999
73.8261,1.31304,-1.02308
73.8642,1.26958,-1.24864
73.9023,1.2185,-1.42171
73.9414,1.1604,-1.54304
73.9824,1.0954899999999999,-1.6110200000000001
74.0262,1.02459,-1.62153
74.0736,0.948657,-1.5694700000000001
74.1264,0.8686950000000001,-1.44699
74.1884,0.785184,-1.23627
74.2622,0.705348,-0.919715
74.3359,0.650647,-0.558654
74.4096,0.6235189999999999,-0.174938
74.4834,0.624983,0.214265
74.5571,0.6548729999999999,0.593585
74.6308,0.7118720000000001,0.9465950000000001
74.7046,0.793325,1.25314
74.7795,0.8966879999999999,1.49035
74.8444,0.997684,1.60943
74.8979,1.0846799999999999,1.62976
74.9514,1.17059,1.5667
74.995,1.23664,1.44774
75.0387,1.29616,1.26719
75.0824,1.3465,1.0287600000000001
75.1201,1.3807399999999999,0.783196
75.1577,1.40516,0.509646
75.1954,1.41893,0.21903499999999998
75.2331,1.42161,-0.0762186
75.2708,1.41329,-0.363255
75.3085,1.39449,-0.629909
75.3461,1.3662100000000001,-0.8657290000000001
75.3838,1.32975,-1.06273
75.4215,1.2866799999999998,-1.21575
75.4607,1.23674,-1.32579
75.5019,1.1805700000000001,-1.38805
75.5461,1.1188799999999999,-1.3974
75.5944,1.05229,-1.3472899999999999
75.6497,0.980875,-1.22566
75.714,0.908407,-1.0185899999999999
75.7828,0.8475280000000001,-0.744441
75.8516,0.806674,-0.440112
75.9204,0.7872,-0.125943
75.9892,0.78918,0.181001
76.058,0.811585,0.465395
76.1268,0.852349,0.712263
76.1955,0.9083629999999999,0.9060889999999999
76.2669,0.9781,1.03393
76.3383,1.05379,1.07025
76.3944,1.1128799999999999,1.02596
76.4505,1.1676,0.9146709999999999
76.4977,1.20761,0.770684
76.545,1.2398200000000001,0.5860449999999999
76.5923,1.2625,0.369126
76.6395,1.2743799999999998,0.131142
76.6868,1.2747700000000002,-0.11480499999999999
76.7341,1.26362,-0.355048
76.7813,1.2415,-0.576815
76.8286,1.20955,-0.769509
76.8759,1.16933,-0.925587
76.9231,1.12269,-1.0409
76.9704,1.07159,-1.11453
77.0209,1.0143,-1.1491799999999999
77.0756,0.951421,-1.14079
77.1368,0.883083,-1.08417
77.2101,0.807668,-0.967118
77.2925,0.734854,-0.794057
77.375,0.6773279999999999,-0.599661
77.4574,0.636069,-0.402001
77.5398,0.6107670000000001,-0.21444899999999997
77.6223,0.600161,-0.0468405
77.7076,0.602564,0.0977535
77.7991,0.617131,0.213339
77.9009,0.6431319999999999,0.28718899999999997
78.0028,0.673508,0.298774
78.1046,0.701846,0.24745100000000003
78.1904,0.719554,0.158622
78.2763,0.728065,0.0344471
78.3621,0.7247060000000001,-0.116307
78.44800000000001,0.7076319999999999,-0.283298
78.5338,0.675899,-0.45622700000000005
78.6197,0.6293810000000001,-0.6265649999999999
78.7055,0.568558,-0.78889
78.7913,0.49422,-0.9414799999999999
78.8824,0.401485,-1.0946799999999999
78.9818,0.284577,-1.25794
79.0954,0.130852,-1.45045
79.2283,-0.0779602,-1.6963
79.3267,-0.254378,-1.89045
79.425,-0.449655,-2.07452
79.5035,-0.6170800000000001,-2.1849
79.5651,-0.753224,-2.22341
79.6187,-0.872124,-2.2029400000000003
79.6723,-0.9881909999999999,-2.11501
79.7168,-1.0794,-1.9803
79.7612,-1.16324,-1.78321
79.8056,-1.23691,-1.52217
79.8437,-1.28985,-1.25041
79.8818,-1.33169,-0.9409129999999999
79.9199,-1.36117,-0.603486
79.958,-1.37747,-0.250771
79.9961,-1.38026,0.102806
80.0342,-1.36981,0.44241
80.0723,-1.34691,0.75425
80.1104,-1.31285,1.02683
80.1485,-1.2693,1.25178
80.1865,-1.2181600000000001,1.42426
80.2256,-1.15996,1.5451
80.2667,-1.09497,1.61256
80.3104,-1.02398,1.6225
80.3579,-0.9479790000000001,1.56979
80.4108,-0.867951,1.44656
80.4729,-0.78437,1.23482
80.5467,-0.704592,0.917227
80.6205,-0.650049,0.555251
80.6943,-0.6231720000000001,0.170768
80.7681,-0.6249680000000001,-0.219029
80.8419,-0.655259,-0.598723
80.9157,-0.712704,-0.9518
80.9896,-0.794621,-1.25797
81.0646,-0.898516,-1.49429
81.1292,-0.9991969999999999,-1.61127
81.1825,-1.0860299999999998,-1.63029
81.2359,-1.17171,-1.5661399999999999
81.2795,-1.23764,-1.44635
81.3231,-1.297,-1.26509
81.3667,-1.34717,-1.02614
81.4044,-1.3812799999999998,-0.780127
81.4421,-1.40557,-0.506273
81.4797,-1.4192,-0.215513
81.5174,-1.42175,0.0797313
81.555,-1.4133,0.366615
81.5927,-1.3944,0.632997
81.6303,-1.36602,0.868461
81.668,-1.32948,1.06505
81.7056,-1.28636,1.21766
81.7448,-1.23635,1.32734
81.7861,-1.18011,1.3892
81.8302,-1.11835,1.39809
81.8786,-1.0517,1.34744
81.934,-0.980208,1.2251299999999998
81.9983,-0.907747,1.01736
82.06700000000001,-0.847033,0.743147
82.1357,-0.806315,0.438964
82.2044,-0.786936,0.125056
82.2732,-0.788964,-0.181586
82.3419,-0.811371,-0.4657
82.4106,-0.8520979999999999,-0.71237
82.4793,-0.9080459999999999,-0.9061370000000001
82.5506,-0.977792,-1.03423
82.62200000000001,-1.05351,-1.07081
82.6781,-1.11265,-1.02671
82.7342,-1.16743,-0.9155549999999999
82.7815,-1.2074799999999999,-0.771644
82.8287,-1.23974,-0.587033
82.876,-1.26247,-0.370087
82.9233,-1.2744,-0.132019
82.9706,-1.27482,0.11406199999999998
83.0178,-1.2637,0.35448
83.0651,-1.2416,0.576446
83.1124,-1.20966,0.769349
83.1596,-1.16945,0.925631
83.2069,-1.12279,1.0411299999999999
83.2542,-1.0716700000000001,1.1149200000000001
83.3046,-1.0143799999999998,1.14971
83.3593,-0.95149,1.14147
83.4205,-0.883143,1.08502
83.4937,-0.807737,0.9682200000000001
83.5761,-0.734855,0.795334
83.6585,-0.677243,0.601054
83.7409,-0.635884,0.403447
83.8233,-0.6104729999999999,0.215883
83.9057,-0.599757,0.048196699999999995
83.991,-0.602052,-0.0966038
84.0825,-0.616525,-0.212464
84.1844,-0.642469,-0.286721
84.2863,-0.672832,-0.298709
84.3882,-0.701195,-0.24775999999999998
84.4741,-0.718955,-0.159157
84.56,-0.727526,-0.035118199999999995
84.6459,-0.724224,0.115594
84.7318,-0.707196,0.28263
84.8178,-0.675488,0.45567799999999997
84.9037,-0.62897,0.6261909999999999
84.9896,-0.5681189999999999,0.788729
85.0755,-0.493721,0.9415620000000001
85.1666,-0.400909,1.09501
85.2661,-0.28387199999999996,1.25862
85.3798,-0.129918,1.45159
85.5127,0.0790831,1.69785
85.611,0.255583,1.89212
85.7093,0.450937,2.07609
85.7876,0.617974,2.18594
85.8491,0.75402,2.22416
85.9027,0.872849,2.20339
85.9563,0.9888319999999999,2.11515
86.0007,1.07999,1.98016
86.0451,1.16378,1.78279
86.0895,1.23738,1.5215
86.1276,1.29026,1.2495100000000001
86.1656,1.33205,0.939832
86.2037,1.36148,0.602264
86.2418,1.37772,0.24946100000000002
86.2799,1.38046,-0.10415
86.3179,1.36996,-0.44373900000000005
86.35600000000001,1.34703,-0.755524
86.3941,1.31293,-1.0280200000000002
86.4322,1.26935,-1.25288
86.4702,1.2181899999999999,-1.42525
86.5093,1.1599700000000002,-1.54603
86.5503,1.09494,-1.6134
86.5941,1.02393,-1.62323
86.6416,0.947894,-1.57041
86.6944,0.8678379999999999,-1.4470299999999998
86.7565,0.78423,-1.23511
86.8304,0.70443,-0.9172959999999999
86.9042,0.649884,-0.555109
86.978,0.6230220000000001,-0.170434
87.0518,0.624849,0.219531
87.1256,0.6551859999999999,0.599366
87.1995,0.712689,0.95255
87.2733,0.794672,1.25878
87.3484,0.898659,1.49511
87.4129,0.9993200000000001,1.61191
87.4662,1.08615,1.6308200000000002
87.5196,1.17182,1.5665799999999999
87.5632,1.23776,1.44671
87.6068,1.29712,1.26536
87.6504,1.3472899999999999,1.02633
87.68799999999999,1.3814,0.780242
87.7257,1.4056899999999999,0.506304
87.7633,1.41931,0.215462
87.801,1.4218600000000001,-0.079861
87.8386,1.4134,-0.366819
87.8763,1.3945,-0.633271
87.9139,1.36611,-0.868799
87.9516,1.3295700000000001,-1.06545
87.9892,1.28644,-1.21811
88.0284,1.23641,-1.3278299999999998
88.0697,1.1801700000000002,-1.38973
88.1138,1.11839,-1.39866
88.1622,1.05172,-1.34805
88.2175,0.9802219999999999,-1.22579
88.2819,0.9077280000000001,-1.01804
88.3506,0.846951,-0.743703
88.4193,0.806188,-0.439353
88.488,0.786782,-0.12526400000000001
88.5568,0.7888029999999999,0.181556
88.6255,0.811221,0.465834
88.6942,0.851974,0.712639
88.7629,0.907961,0.9064979999999999
88.8343,0.977751,1.03461
88.9057,1.05351,1.07115
88.9618,1.11266,1.02699
89.0179,1.16744,0.9157799999999999
89.0652,1.2075,0.771817
89.1124,1.23976,0.587151
89.1597,1.26249,0.370151
89.20700000000001,1.27442,0.132028
89.2542,1.27485,-0.114106
89.3015,1.2637200000000002,-0.354576
89.3488,1.2416200000000002,-0.576593
89.396,1.20967,-0.769545
89.4433,1.16945,-0.925874
89.4906,1.12279,-1.04142
89.5378,1.07166,-1.11525
89.5883,1.01436,-1.15008
89.64299999999999,0.951457,-1.14188
89.7041,0.8830979999999999,-1.0854700000000002
89.7773,0.807685,-0.9687620000000001
89.8597,0.7347640000000001,-0.7959229999999999
89.9421,0.677109,-0.6016699999999999
90.0245,0.635703,-0.404072
90.1069,0.610244,-0.216498
90.1893,0.599479,-0.0487787
90.2746,0.601729,0.0961104
90.3661,0.616163,0.212083
90.46799999999999,0.642083,0.28649
90.5699,0.672438,0.298625
90.6718,0.700807,0.24781199999999998
90.7578,0.718583,0.15928399999999998
90.8437,0.727171,0.0352859
90.9297,0.7238829999999999,-0.115423
91.0156,0.70686,-0.282492
91.1016,0.675147,-0.455603
91.1876,0.6286109999999999,-0.626203
91.2735,0.5677270000000001,-0.788851
91.3595,0.493279,-0.941816
91.4506,0.40039,-1.09544
91.5501,0.28322800000000004,-1.25929
91.6639,0.12905999999999998,-1.45264
91.7968,-0.0801262,-1.6992099999999999
91.8951,-0.256698,-1.89355
91.9934,-0.452114,-2.0774
92.0715,-0.618793,-2.1867400000000004
92.133,-0.754743,-2.2246599999999996
92.1865,-0.873503,-2.20361
92.24,-0.989403,-2.1150900000000004
92.2844,-1.0805,-1.97983
92.3288,-1.1642299999999999,-1.7822
92.3732,-1.23777,-1.5207
92.4112,-1.2906,-1.24851
92.4493,-1.3323399999999999,-0.938674
92.4874,-1.36171,-0.600999
92.5254,-1.3779,-0.24814299999999997
92.5635,-1.38059,0.10546400000000002
92.6015,-1.37005,0.44500200000000006
92.6396,-1.34707,0.756699
92.6777,-1.31294,1.02908
92.7157,-1.2693299999999998,1.25381
92.7538,-1.2181600000000001,1.42606
92.7929,-1.15991,1.54673
92.8339,-1.09485,1.614
92.8776,-1.0238200000000002,1.6237
92.9251,-0.9477620000000001,1.57073
92.978,-0.867685,1.44719
93.0401,-0.7840550000000001,1.23505
93.11399999999999,-0.704253,0.9169870000000001
93.1878,-0.649727,0.5545770000000001
93.2616,-0.6229060000000001,0.169709
93.3355,-0.624794,-0.220415
93.4093,-0.6552060000000001,-0.600366
93.4831,-0.712797,-0.953607
93.557,-0.794874,-1.25981
93.6321,-0.898977,-1.4960200000000001
93.6965,-0.9995860000000001,-1.61245
93.7498,-1.0864,-1.63113
93.8031,-1.17203,-1.5667
93.8468,-1.23795,-1.44668
93.8904,-1.29729,-1.2652
93.934,-1.34744,-1.02606
93.9716,-1.38153,-0.779866
94.0092,-1.4058,-0.505848
94.0469,-1.4194,-0.21494899999999997
94.0845,-1.42193,0.08040889999999999
94.1222,-1.41345,0.36738000000000004
94.1598,-1.3945299999999998,0.633826
94.1975,-1.3661299999999998,0.869334
94.2351,-1.3295700000000001,1.06595
94.2727,-1.28643,1.21858
94.3119,-1.2363899999999999,1.32828
94.3532,-1.18013,1.39014
94.3973,-1.11834,1.3990200000000002
94.4457,-1.05165,1.34835
94.501,-0.9801350000000001,1.22602
94.5654,-0.9076270000000001,1.0181799999999999
94.6341,-0.8468450000000001,0.743775
94.7028,-0.806081,0.43936899999999995
94.7715,-0.786675,0.12523499999999999
94.8403,-0.7886989999999999,-0.181626
94.90899999999999,-0.811122,-0.46593900000000005
94.9777,-0.851883,-0.712777
95.0464,-0.9078790000000001,-0.9066700000000001
95.1178,-0.97769,-1.03483
95.1892,-1.0534700000000001,-1.07138
95.2453,-1.11263,-1.02722
95.3014,-1.1674200000000001,-0.916003
95.3487,-1.20749,-0.772027
95.3959,-1.23976,-0.58734
95.4432,-1.2625,-0.370311
95.4905,-1.27443,-0.132152
95.5377,-1.27486,0.114025
95.585,-1.2637399999999999,0.354543
95.6322,-1.2416399999999999,0.5766100000000001
95.6795,-1.2097,0.769613
95.7268,-1.16947,0.925991
95.774,-1.12281,1.04158
95.8213,-1.0716700000000001,1.1154600000000001
95.8717,-1.01436,1.15032
95.9264,-0.951451,1.14216
95.9876,-0.883085,1.0858
96.0607,-0.80767,0.9691620000000001
96.1431,-0.734722,0.796367
96.2255,-0.677035,0.602143
96.3079,-0.635594,0.404557
96.3903,-0.6100979999999999,0.216977
96.4727,-0.599296,0.049232099999999994
96.55799999999999,-0.60151,-0.09572560000000001
96.6495,-0.6159140000000001,-0.21178699999999998
96.7514,-0.6418149999999999,-0.28631799999999996
96.8533,-0.672164,-0.298575
96.9553,-0.700539,-0.247875
97.0413,-0.71833,-0.159413
97.1272,-0.7269329999999999,-0.035452
97.2132,-0.723658,0.11525
97.2992,-0.7066439999999999,0.28234000000000004
97.3852,-0.674933,0.455495
97.4712,-0.6283880000000001,0.62616
97.5572,-0.567484,0.788888
97.6431,-0.493004,0.941947
97.7343,-0.400068,1.09569
97.8339,-0.282831,1.2597
97.9477,-0.128531,1.45328
98.0806,0.08076599999999999,1.70006
98.1789,0.257383,1.8944400000000001
98.2772,0.45283999999999996,2.07823
98.3551,0.619301,2.1872599999999998
98.4166,0.755192,2.225
98.47,0.8739100000000001,2.20377
98.5235,0.989759,2.1150700000000002
98.5679,1.08083,1.97964
98.6123,1.16452,1.78187
98.6567,1.2380200000000001,1.5202200000000001
98.6947,1.29082,1.2479200000000001
98.7328,1.3325200000000001,0.9379780000000001
98.7708,1.36186,0.600233
98.8089,1.37801,0.247342
98.8469,1.38068,-0.106269
98.885,1.3701,-0.44578
98.9231,1.3471,-0.757425
98.9611,1.31295,-1.0297399999999999
98.9992,1.2693299999999998,-1.2544
99.0372,1.21814,-1.4265700000000001
99.0763,1.15988,-1.54719
99.1173,1.09481,-1.61439
99.1611,1.02376,-1.62402
99.2085,0.9476870000000001,-1.5709600000000001
99.2614,0.8675959999999999,-1.4473200000000002
99.3236,0.783953,-1.23505
99.3974,0.7041470000000001,-0.916841
99.4712,0.6496310000000001,-0.554296
99.5451,0.6228319999999999,-0.169312
99.6189,0.624753,0.22091
99.6928,0.655208,0.600935
99.7666,0.712849,0.954216
99.8405,0.79498,1.26041
99.9156,0.8991520000000001,1.4965700000000002
99.98,0.999732,1.61279
100.0,1.03217,1.6288
