,x,xdot
1e-06,6.04e-10,0.000608
6e-06,3.744e-09,0.000648
3.1e-05,2.2444000000000002e-08,0.000848
0.000156,1.90944e-07,0.001848
0.000781,2.90844e-06,0.006848000000000001
0.003906,6.33708e-05,0.0318478
0.019531,0.00153749,0.156834
0.09765599999999999,0.0381661,0.7802520000000001
0.195902,0.15299200000000002,1.55464
0.294148,0.342806,2.30267
0.392393,0.603114,2.97674
0.448193,0.7781100000000001,3.2818699999999996
0.494659,0.9350120000000001,3.4565
0.535224,1.07687,3.52202
0.575788,1.21928,3.47916
0.609214,1.33358,3.34354
0.64264,1.44164,3.10358
0.672121,1.52886,2.7988
0.701601,1.60579,2.40564
0.731082,1.66988,1.92887
0.760563,1.71881,1.37961
0.786157,1.74751,0.857274
0.811751,1.76246,0.30783499999999997
0.8373440000000001,1.7631700000000001,-0.252155
0.8629379999999999,1.7496099999999999,-0.8053779999999999
0.888532,1.72215,-1.3350899999999999
0.914125,1.6816,-1.82637
0.9397190000000001,1.62909,-2.26715
0.9653129999999999,1.56605,-2.6488099999999997
0.990906,1.49406,-2.9664099999999998
1.01732,1.41211,-3.22554
1.04474,1.32083,-3.4225800000000004
1.07339,1.2206700000000001,-3.55575
1.10362,1.11199,-3.6244300000000003
1.13581,0.995067,-3.6288199999999997
1.17052,0.869974,-3.56956
1.20852,0.736507,-3.44716
1.25099,0.593899,-3.26073
1.3000399999999999,0.44010200000000005,-3.00506
1.36049,0.268777,-2.65976
1.44866,0.0572392,-2.13777
1.53682,-0.10824500000000001,-1.61713
1.62847,-0.23191399999999998,-1.08304
1.73541,-0.314874,-0.47092
1.85395,-0.331685,0.180811
1.9538099999999998,-0.287794,0.691028
2.05367,-0.195278,1.1534
2.15352,-0.059173,1.5639299999999998
2.25338,0.11533299999999999,1.9222299999999999
2.3454200000000003,0.30544699999999997,2.1988
2.41824,0.471937,2.3642
2.48011,0.6211,2.4469
2.53452,0.7548090000000001,2.45567
2.58894,0.886893,2.38367
2.6341200000000002,0.991798,2.24765
2.6793,1.08879,2.0318099999999997
2.72448,1.17411,1.73072
2.76293,1.23464,1.4082
2.80137,1.28168,1.03061
2.83982,1.31331,0.608503
2.87827,1.32809,0.156644
2.91672,1.3252,-0.30733499999999997
2.95516,1.30454,-0.7648510000000001
2.99361,1.2667,-1.19851
3.03206,1.2128700000000001,-1.59402
3.07051,1.1447399999999999,-1.9414799999999999
3.10895,1.06426,-2.23596
3.1474,0.973492,-2.47721
3.1863799999999998,0.873,-2.6712
3.22733,0.760269,-2.82749
3.27108,0.633695,-2.95153
3.31874,0.49055,-3.0505
3.3721400000000004,0.325342,-3.1345099999999997
3.43494,0.12581099999999998,-3.21845
3.51634,-0.140534,-3.32586
3.6055300000000003,-0.44223,-3.43424
3.6655300000000004,-0.6495569999999999,-3.46811
3.7143300000000004,-0.818397,-3.44001
3.75714,-0.963982,-3.3492699999999997
3.79995,-1.10395,-3.17395
3.8359099999999997,-1.21424,-2.94644
3.87187,-1.3148799999999998,-2.63615
3.90784,-1.4028100000000001,-2.23948
3.93886,-1.4660799999999998,-1.83044
3.96987,-1.51579,-1.36681
4.00089,-1.55043,-0.860419
4.03191,-1.56889,-0.3271
4.062930000000001,-1.57063,0.214575
4.09395,-1.5557,0.745016
4.124969999999999,-1.52473,1.2455
4.1559800000000005,-1.47891,1.69993
4.187,-1.41987,2.09607
4.21802,-1.34956,2.42624
4.24904,-1.27007,2.6873400000000003
4.28006,-1.18355,2.88027
4.31231,-1.0883200000000002,3.01304
4.34627,-0.98459,3.08576
4.3824,-0.872705,3.0985099999999997
4.42129,-0.7529100000000001,3.05159
4.46381,-0.625259,2.94481
4.51122,-0.48947799999999997,2.77618
4.56566,-0.344621,2.53881
4.63168,-0.187655,2.21116
4.73071,0.004887399999999999,1.6689599999999998
4.82974,0.141441,1.08186
4.92877,0.21786,0.45533199999999996
5.03659,0.22853099999999998,-0.262391
5.17266,0.129415,-1.19785
5.26501,-0.0108586,-1.8404900000000002
5.348409999999999,-0.188588,-2.42086
5.43181,-0.414242,-2.985
5.51521,-0.684645,-3.4803699999999997
5.564,-0.8599629999999999,-3.69275
5.60573,-1.01649,-3.7938199999999997
5.647469999999999,-1.1751200000000002,-3.7879400000000003
5.68091,-1.30033,-3.6831400000000003
5.71435,-1.42029,-3.4713800000000004
5.743519999999999,-1.5176399999999999,-3.18946
5.77268,-1.6053899999999999,-2.8125
5.80184,-1.68077,-2.34214
5.8275,-1.73479,-1.8575599999999999
5.85316,-1.7756299999999998,-1.3175
5.878819999999999,-1.80205,-0.7364
5.90448,-1.81322,-0.131904
5.93014,-1.8087799999999998,0.476422
5.9558,-1.7889,1.06867
5.98146,-1.7542400000000002,1.6262299999999998
6.00712,-1.7058799999999998,2.1332
6.032780000000001,-1.6453,2.57745
6.05844,-1.5742200000000002,2.95111
6.0841,-1.4944899999999999,3.25063
6.110130000000001,-1.40672,3.4790699999999997
6.13718,-1.31029,3.63979
6.16556,-1.20549,3.7319199999999997
6.19564,-1.09274,3.75484
6.2278400000000005,-0.972391,3.70831
6.26277,-0.844707,3.592
6.3013,-0.709752,3.40447
6.3448,-0.567228,3.14121
6.39578,-0.415908,2.78932
6.46066,-0.2505,2.30545
6.55256,-0.0712837,1.59124
6.64447,0.0416725,0.865917
6.7430699999999995,0.08859969999999999,0.08644960000000002
6.8776,0.029392599999999998,-0.9621149999999999
6.975560000000001,-0.10132999999999999,-1.70242
7.07353,-0.303079,-2.40869
7.1714899999999995,-0.570856,-3.0385
7.22651,-0.74607,-3.31751
7.27305,-0.9044969999999999,-3.4769099999999997
7.31382,-1.04769,-3.5319199999999995
7.354589999999999,-1.19106,-3.48105
7.388310000000001,-1.30634,-3.3403300000000002
7.42203,-1.41517,-3.0966
7.45575,-1.5139200000000002,-2.74174
7.484139999999999,-1.58646,-2.35596
7.512519999999999,-1.6469599999999998,-1.89525
7.54091,-1.69344,-1.36947
7.56929,-1.72423,-0.793606
7.59768,-1.7382,-0.186901
7.6260699999999995,-1.7347599999999999,0.428671
7.65445,-1.7139900000000001,1.03041
7.68284,-1.6765900000000002,1.59704
7.71122,-1.6238299999999999,2.11059
7.739610000000001,-1.5574,2.5577099999999997
7.768,-1.47933,2.93036
7.79638,-1.3917700000000002,3.2257
7.82477,-1.29692,3.44542
7.85375,-1.19471,3.5971800000000003
7.884189999999999,-1.08365,3.68655
7.916589999999999,-0.963591,3.71501
7.9515,-0.8342860000000001,3.6842599999999996
7.9897,-0.695052,3.59619
8.03246,-0.544258,3.4518800000000005
8.08203,-0.378062,3.24898
8.14414,-0.184825,2.9708
8.22965,0.05247380000000001,2.5796200000000002
8.31516,0.256438,2.1909400000000003
8.40485,0.43443100000000007,1.77509
8.48052,0.554873,1.40483
8.55618,0.646404,1.01061
8.631839999999999,0.70728,0.595988
8.696639999999999,0.734183,0.23440999999999998
8.76143,0.7378060000000001,-0.12029100000000001
8.82623,0.7190350000000001,-0.45458999999999994
8.89103,0.6795979999999999,-0.756417
8.95582,0.621898,-1.01724
9.02062,0.548747,-1.2330299999999998
9.08542,0.463075,-1.40406
9.15281,0.363698,-1.5382200000000001
9.22448,0.249615,-1.63842
9.30289,0.118245,-1.7059799999999998
9.39338,-0.037907199999999995,-1.7373599999999998
9.484760000000001,-0.19628299999999999,-1.72019
9.56831,-0.337648,-1.65517
9.65185,-0.47119799999999995,-1.53078
9.72138,-0.572411,-1.37161
9.7909,-0.660573,-1.15449
9.860430000000001,-0.731532,-0.876826
9.92995,-0.78118,-0.5427109999999999
9.990860000000001,-0.80433,-0.21266300000000002
10.0518,-0.8066260000000001,0.139882
10.1127,-0.787118,0.500976
10.1736,-0.7457050000000001,0.857138
10.2345,-0.68303,1.19779
10.2954,-0.600244,1.5169700000000002
10.3574,-0.496597,1.8194
10.4227,-0.368106,2.1170400000000003
10.4933,-0.20760599999999998,2.4257
10.5723,-0.0025548000000000003,2.76728
10.6578,0.24999899999999997,3.1386
10.7433,0.533578,3.4838199999999997
10.7988,0.731838,3.6535
10.8443,0.9000799999999999,3.72551
10.8841,1.0484799999999999,3.7113199999999997
10.924000000000001,1.19444,3.5989
10.9571,1.31084,3.41275
10.9902,1.41951,3.12986
11.0234,1.51709,2.74343
11.0515,1.58873,2.33375
11.0797,1.64785,1.8548200000000001
11.1078,1.69262,1.31711
11.136,1.7216,0.735954
11.1641,1.73383,0.130576
11.1923,1.7289299999999999,-0.477479
11.2204,1.70713,-1.0663
11.2486,1.6692599999999997,-1.61563
11.2768,1.61669,-2.10859
11.3049,1.55118,-2.53286
11.3331,1.47479,-2.88121
11.3612,1.3896899999999999,-3.15129
11.3894,1.29807,-3.3449800000000005
11.4185,1.19871,-3.4704099999999998
11.4491,1.09128,-3.5291099999999997
11.4817,0.976068,-3.5209900000000003
11.5169,0.853404,-3.4458900000000003
11.5554,0.723485,-3.30309
11.5982,0.58629,-3.08983
11.6474,0.441328,-2.7982099999999996
11.7068,0.286648,-2.4054
11.7913,0.108421,-1.8046200000000001
11.8807,-0.023368700000000003,-1.14002
11.9744,-0.0966689,-0.42243
12.0878,-0.094389,0.464837
12.1891,-0.006878,1.26263
12.2785,0.137375,1.96232
12.3679,0.34356,2.64413
12.4574,0.608491,3.26435
12.511,0.791779,3.56207
12.5555,0.954376,3.73
12.5943,1.1008200000000001,3.7890300000000003
12.6332,1.24752,3.73812
12.6653,1.36538,3.5938
12.6974,1.4769299999999999,3.3425599999999998
12.7257,1.56731,3.02475
12.754000000000001,1.6474,2.61535
12.7823,1.7146299999999999,2.1187099999999996
12.8106,1.76668,1.54564
12.8352,1.79804,0.999503
12.8598,1.81558,0.42335200000000006
12.8844,1.81875,-0.16596
12.909,1.80745,-0.750595
12.9336,1.78203,-1.3130899999999999
12.9581,1.74321,-1.8376599999999998
12.9827,1.6921,-2.31125
13.0073,1.63008,-2.72428
13.0319,1.55871,-3.07087
13.0571,1.47765,-3.35474
13.0831,1.3872200000000001,-3.5738199999999996
13.1103,1.28785,-3.72612
13.1389,1.1799600000000001,-3.81061
13.1692,1.06389,-3.82705
13.2018,0.9398719999999999,-3.77569
13.2373,0.807932,-3.6567199999999995
13.2766,0.667751,-3.46916
13.3213,0.518278,-3.20859
13.3746,0.35643,-2.86027
13.4469,0.167655,-2.35832
13.5294,-0.00285815,-1.77384
13.6133,-0.126729,-1.17953
13.7092,-0.207438,-0.505497
13.8303,-0.217955,0.326666
13.9388,-0.14368499999999998,1.03631
14.0472,0.00514959,1.7007
14.1556,0.22324000000000002,2.31149
14.2419,0.44148999999999994,2.73831
14.3038,0.618943,2.9839
14.3556,0.777666,3.1222
14.401,0.92056,3.16764
14.4463,1.06344,3.11718
14.4837,1.1776799999999998,2.98543
14.520999999999999,1.28526,2.75868
14.5584,1.38247,2.4287
14.5898,1.45335,2.0699099999999997
14.6212,1.51185,1.6413900000000001
14.6527,1.5559,1.1527100000000001
14.6841,1.5838299999999998,0.618503
14.7155,1.5945,0.05747240000000001
14.7469,1.5873899999999999,-0.509208
14.7784,1.56266,-1.0600100000000001
14.8098,1.5211299999999999,-1.57524
14.8412,1.46418,-2.03887
14.8727,1.39362,-2.43973
14.9041,1.3115299999999999,-2.77199
14.9355,1.2201,-3.03484
14.967,1.12145,-3.2316599999999998
14.9996,1.01335,-3.37324
15.0343,0.894893,-3.4633800000000003
15.0714,0.7653439999999999,-3.50541
15.1119,0.6232449999999999,-3.5036
15.1571,0.46557299999999996,-3.46295
15.2096,0.28557,-3.3882
15.2763,0.063238,-3.2791300000000003
15.3619,-0.2115,-3.1393400000000002
15.4537,-0.492195,-2.97357
15.5124,-0.662658,-2.82887
15.5637,-0.8037529999999999,-2.65362
15.6151,-0.934269,-2.41427
15.6585,-1.0334299999999998,-2.15167
15.7018,-1.11989,-1.82828
15.7451,-1.19103,-1.44496
15.7833,-1.23898,-1.06403
15.8214,-1.27177,-0.6520630000000001
15.8595,-1.28847,-0.22217199999999998
15.8977,-1.2886799999999998,0.210211
15.9358,-1.27261,0.628963
15.9739,-1.24108,1.01902
16.012,-1.19543,1.3679
16.0502,-1.13741,1.66674
16.0883,-1.06904,1.9107299999999998
16.1264,-0.9924219999999999,2.09888
16.1661,-0.90628,2.2377
16.2077,-0.8110970000000001,2.3267
16.2519,-0.707237,2.36613
16.2994,-0.594881,2.35656
16.3513,-0.473926,2.29809
16.4092,-0.343796,2.1890099999999997
16.476,-0.202873,2.0223
16.5588,-0.0455521,1.77268
16.6564,0.111133,1.42944
16.754,0.231869,1.03598
16.8516,0.311732,0.592226
16.9492,0.346001,0.10323199999999999
17.0542,0.327545,-0.459762
17.1773,0.228816,-1.1469799999999999
17.2809,0.07948989999999999,-1.73718
17.3702,-0.09843810000000001,-2.25274
17.4594,-0.32242600000000005,-2.76671
17.5486,-0.590902,-3.23897
17.6038,-0.7762859999999999,-3.46674
17.6494,-0.937366,-3.5817900000000003
17.6893,-1.08104,-3.60055
17.7292,-1.2235,-3.5164699999999995
17.7623,-1.33748,-3.3508
17.7955,-1.44435,-3.0855099999999998
17.8286,-1.54069,-2.7137599999999997
17.8566,-1.61129,-2.31642
17.8846,-1.66976,-1.8484599999999998
17.9126,-1.71426,-1.3203
17.9406,-1.7432900000000002,-0.747237
17.9686,-1.75587,-0.14846600000000001
17.9966,-1.75157,0.454412
18.0246,-1.73059,1.03935
18.0526,-1.6937200000000001,1.5858700000000001
18.0806,-1.6422900000000002,2.07678
18.1086,-1.5780399999999999,2.4994
18.1366,-1.50301,2.84612
18.1646,-1.41937,3.11423
18.1926,-1.3293,3.3053199999999996
18.2215,-1.23206,3.42677
18.2518,-1.12707,3.4806199999999996
18.2841,-1.01468,3.4664
18.3189,-0.8953059999999999,3.38351
18.357,-0.7693260000000001,3.2307200000000003
18.3994,-0.637012,3.00475
18.4479,-0.498391,2.6972
18.5064,-0.352652,2.28527
18.5876,-0.191694,1.67315
18.6782,-0.07206649999999999,0.96526
18.773,-0.0161975,0.211729
18.8867,-0.0437476,-0.695657
18.9848,-0.15002000000000001,-1.4697799999999999
19.0828,-0.33123,-2.22033
19.1809,-0.5833149999999999,-2.90361
19.2388,-0.761265,-3.2313
19.2863,-0.9196350000000001,-3.42133
19.3275,-1.0626799999999998,-3.49999
19.3688,-1.20684,-3.47016
19.4025,-1.32221,-3.3454
19.4363,-1.43164,-3.1158900000000003
19.465999999999998,-1.52001,-2.8204
19.4957,-1.59828,-2.4356299999999997
19.5254,-1.6638400000000002,-1.9658400000000003
19.5551,-1.7143099999999998,-1.4217
19.5808,-1.74426,-0.9040870000000001
19.6065,-1.7605099999999998,-0.357903
19.6322,-1.7625400000000002,0.200383
19.6579,-1.75026,0.753406
19.6835,-1.72403,1.28426
19.7092,-1.6846,1.77778
19.7349,-1.6331200000000001,2.2215599999999998
19.7606,-1.57097,2.6066700000000003
19.7863,-1.49975,2.9278299999999997
19.8127,-1.4188,3.18962
19.8401,-1.32856,3.38935
19.8687,-1.22947,3.52525
19.8989,-1.1219299999999999,3.5965599999999998
19.930999999999997,-1.00621,3.60333
19.9655,-0.8824489999999999,3.5460800000000003
20.0033,-0.750526,3.42519
20.0455,-0.6098210000000001,3.2397400000000003
20.094,-0.458613,2.98474
20.1534,-0.291637,2.6415
20.2419,-0.0813712,2.1078200000000002
20.3304,0.0815438,1.57416
20.4218,0.20051,1.03092
20.5298,0.27775,0.402663
20.6567,0.283621,-0.30218
20.7599,0.22471999999999998,-0.8317459999999999
20.863000000000003,0.11369100000000001,-1.3116
20.9662,-0.0441414,-1.73868
21.0725,-0.249612,-2.1177200000000003
21.1497,-0.42214399999999996,-2.33953
21.2147,-0.578843,-2.46998
21.271,-0.7194649999999999,-2.52002
21.3272,-0.860714,-2.4881599999999997
21.3728,-0.972101,-2.3848599999999998
21.4184,-1.07693,-2.1987200000000002
21.4584,-1.1604700000000001,-1.9598200000000001
21.4985,-1.23298,-1.6485400000000001
21.5386,-1.29162,-1.2686
21.5786,-1.3338299999999998,-0.829965
21.6135,-1.35555,-0.41313999999999995
21.6483,-1.36238,0.0226221
21.6831,-1.3539299999999999,0.46235200000000004
21.7179,-1.33031,0.8909950000000001
21.7528,-1.29215,1.29488
21.7876,-1.24052,1.66295
21.8224,-1.1768100000000001,1.9875599999999998
21.8573,-1.1026200000000002,2.26479
21.8933,-1.0165899999999999,2.50137
21.9308,-0.9188870000000001,2.69658
21.9703,-0.809183,2.85229
22.0124,-0.6865100000000001,2.9724
22.058000000000003,-0.5488270000000001,3.0629299999999997
22.1086,-0.391984,3.13235
22.166999999999998,-0.207011,3.19259
22.2403,0.0294246,3.2617700000000003
22.3293,0.32362399999999997,3.3458900000000003
22.4022,0.569249,3.3868699999999996
22.455,0.74764,3.3668099999999996
22.5005,0.8993399999999999,3.28859
22.546,1.04572,3.12899
22.5835,1.1595600000000001,2.91953
22.6211,1.26403,2.62869
22.6587,1.35596,2.25123
22.6908,1.42215,1.8611
22.7229,1.47489,1.4151200000000002
22.755,1.51255,0.9243030000000001
22.7871,1.53393,0.403931
22.8192,1.53837,-0.127624
22.8513,1.52583,-0.6506350000000001
22.8834,1.49688,-1.14599
22.9156,1.4527,-1.59704
22.9477,1.39493,-1.9909999999999999
22.9798,1.3255299999999999,-2.3197099999999997
23.0119,1.24668,-2.5797
23.044,1.16059,-2.77169
23.0771,1.06646,-2.90272
23.1119,0.9639459999999999,-2.97471
23.149,0.8533299999999999,-2.98791
23.1889,0.734857,-2.94258
23.2325,0.6086060000000001,-2.83849
23.2811,0.47434,-2.67354
23.3371,0.331185,-2.44066
23.405,0.176246,-2.11788
23.5082,-0.0148054,-1.57365
23.6115,-0.147073,-0.9806799999999999
23.7147,-0.215854,-0.344996
23.8274,-0.213802,0.38665900000000003
23.9702,-0.09050069999999999,1.34467
24.0589,0.055647300000000004,1.94852
24.1509,0.263598,2.5722099999999997
24.2429,0.527772,3.16187
24.3033,0.728997,3.48684
24.3506,0.898754,3.6679800000000005
24.3914,1.04997,3.7412699999999997
24.4321,1.20211,3.70795
24.4652,1.3230899999999999,3.58126
24.4984,1.43816,3.3493
24.5274,1.5313700000000001,3.05068
24.5565,1.61457,2.66035
24.5855,1.68513,2.18146
24.6146,1.7406,1.62376
24.6396,1.77469,1.09246
24.6647,1.7950400000000002,0.528948
24.6897,1.8010400000000002,-0.050225099999999995
24.7148,1.7925400000000002,-0.6272810000000001
24.7398,1.7698,-1.18458
24.7648,1.7335200000000002,-1.70595
24.7899,1.68477,-2.17786
24.8149,1.62495,-2.5901400000000003
24.84,1.55561,-2.9363799999999998
24.8654,1.47705,-3.21812
24.8918,1.3893,-3.43511
24.9192,1.29282,-3.58529
24.948,1.18808,-3.66724
24.9786,1.07554,-3.6802300000000003
25.0114,0.955564,-3.6239199999999996
25.0471,0.8284530000000001,-3.4977699999999996
25.0865,0.694322,-3.2999199999999997
25.1311,0.552952,-3.02498
25.1838,0.40321799999999997,-2.658
25.2519,0.23947600000000002,-2.14705
25.3429,0.076218,-1.4372
25.4339,-0.0218556,-0.716932
25.5354,-0.0537881,0.08706749999999999
25.6566,0.014333199999999999,1.0338
25.7535,0.150489,1.77004
25.8505,0.356489,2.46982
25.9342,0.586429,3.00705
25.9895,0.7608090000000001,3.28904
26.0359,0.917401,3.44781
26.0766,1.0590899999999999,3.5016199999999995
26.1173,1.20089,3.44907
26.151,1.31494,3.30672
26.1847,1.4225,3.06149
26.2183,1.51994,2.70571
26.2467,1.59142,2.31965
26.2751,1.65087,1.85953
26.3035,1.69633,1.33541
26.3318,1.7261900000000001,0.762408
26.3602,1.73932,0.159781
26.3886,1.73518,-0.450596
26.4169,1.7138900000000001,-1.04623
26.4453,1.67615,-1.6061
26.4737,1.62325,-2.11254
26.5021,1.5569,-2.55249
26.5304,1.4791100000000001,-2.91813
26.5588,1.39204,-3.20676
26.5872,1.29785,-3.4201599999999996
26.6162,1.19621,-3.5662
26.6468,1.08584,-3.6495800000000003
26.6793,0.9666540000000001,-3.67155
26.7143,0.83849,-3.6335800000000003
26.7527,0.700762,-3.53724
26.7957,0.552029,-3.3831599999999997
26.8454,0.388839,-3.16826
26.9077,0.200663,-2.8745700000000003
26.9942,-0.029874500000000002,-2.4571099999999997
27.0807,-0.224444,-2.0431
27.1716,-0.390379,-1.60503
27.2625,-0.515889,-1.1524299999999998
27.3394,-0.589287,-0.756201
27.4162,-0.631941,-0.353941
27.493000000000002,-0.643861,0.041147300000000005
27.5699,-0.626221,0.412733
27.6467,-0.5814239999999999,0.745788
27.7236,-0.512861,1.03019
27.8004,-0.42445200000000005,1.26225
27.8772,-0.320171,1.44405
27.9541,-0.20368,1.5810899999999999
28.0372,-0.0676232,1.68595
28.1342,0.0999229,1.7573299999999998
28.2233,0.25755,1.77226
28.3023,0.396464,1.73543
28.3813,0.530143,1.63705
28.4465,0.632599,1.49789
28.5117,0.7240300000000001,1.2976
28.5768,0.800295,1.03219
28.6337,0.851165,0.749116
28.6906,0.884725,0.42496000000000006
28.7475,0.8989360000000001,0.07092539999999999
28.8043,0.8924979999999999,-0.298591
28.8612,0.8649700000000001,-0.668201
28.9181,0.816753,-1.0240799999999999
28.975,0.748935,-1.3562
29.0318,0.663034,-1.6596
29.0887,0.560697,-1.93462
29.1483,0.437478,-2.19749
29.2126,0.28749,-2.46222
29.2846,0.09992589999999998,-2.74894
29.3668,-0.139577,-3.07721
29.4505,-0.41073000000000004,-3.4029300000000005
29.5172,-0.645475,-3.6198699999999997
29.5661,-0.825061,-3.71685
29.6081,-0.98156,-3.7278599999999997
29.65,-1.1366100000000001,-3.64284
29.6842,-1.2587,-3.4824
29.7184,-1.37368,-3.22503
29.7486,-1.46643,-2.90983
29.7788,-1.5483799999999999,-2.50975
29.8089,-1.61703,-2.02846
29.8391,-1.67005,-1.47611
29.8653,-1.70193,-0.951428
29.8915,-1.71967,-0.399831
29.9177,-1.72279,0.162227
29.9439,-1.71123,0.71737
29.9701,-1.6854099999999999,1.24868
29.9963,-1.6461400000000002,1.74102
30.0225,-1.5946200000000001,2.18208
30.0487,-1.5323200000000001,2.56304
30.0749,-1.46088,2.87883
30.1019,-1.37965,3.1341900000000003
30.1298,-1.2891700000000001,3.3262699999999996
30.1591,-1.18993,3.4532300000000005
30.1899,-1.08243,3.51418
30.2227,-0.967051,3.50885
30.258000000000003,-0.844118,3.43719
30.2967,-0.713795,3.2985599999999997
30.3397,-0.576004,3.09038
30.3892,-0.430149,2.80494
30.4489,-0.274047,2.41973
30.5342,-0.09266339999999999,1.82719
30.6234,0.041604699999999994,1.1764299999999999
30.7166,0.118647,0.47400600000000004
30.8279,0.123682,-0.386251
30.9357,0.0367077,-1.22775
31.0257,-0.10529200000000001,-1.9276799999999998
31.1157,-0.30977899999999997,-2.6136
31.2056,-0.574096,-3.24684
31.2613,-0.764303,-3.5686400000000003
31.3067,-0.930882,-3.75325
31.3461,-1.0805,-3.827
31.3855,-1.23095,-3.7909300000000004
31.4178,-1.35141,-3.6589300000000002
31.4501,-1.46591,-3.4191300000000004
31.4785,-1.55883,-3.11092
31.5068,-1.64166,-2.7092
31.5352,-1.7118,-2.21745
31.5636,-1.7668099999999998,-1.64575
31.5881,-1.80057,-1.10022
31.6127,-1.8205099999999999,-0.521857
31.6372,-1.82604,0.0725487
31.6617,-1.81697,0.664992
31.6863,-1.79358,1.23763
31.7108,-1.75656,1.77414
31.7353,-1.7069599999999998,2.2608200000000003
31.7598,-1.64615,2.68738
31.7844,-1.57568,3.04734
31.8093,-1.49579,3.3424099999999997
31.8351,-1.4065,3.5724199999999997
31.862,-1.30821,3.73544
31.8902,-1.20135,3.8303
31.9201,-1.08628,3.8566300000000004
31.9521,-0.96325,3.8146199999999997
31.9869,-0.832341,3.70444
32.0253,-0.6933279999999999,3.52535
32.0687,-0.5453680000000001,3.27359
32.12,-0.386002,2.9368
32.1869,-0.205254,2.46654
32.2717,-0.0219805,1.85336
32.3565,0.109117,1.23776
32.4502,0.19330799999999998,0.561558
32.5674,0.210159,-0.269922
32.6776,0.138812,-1.01886
32.7878,-0.012691899999999999,-1.72376
32.8979,-0.239021,-2.3747700000000003
32.9827,-0.459693,-2.81655
33.0433,-0.638378,-3.07025
33.0941,-0.7981189999999999,-3.21375
33.1384,-0.9419770000000001,-3.2621700000000002
33.1827,-1.08591,-3.21278
33.2192,-1.2011,-3.08017
33.2558,-1.30972,-2.85073
33.2923,-1.40805,-2.5160099999999996
33.323,-1.47994,-2.1516599999999997
33.3537,-1.53952,-1.71595
33.3845,-1.58473,-1.21838
33.4152,-1.61389,-0.673575
33.4459,-1.6258299999999999,-0.10036
33.4766,-1.61999,0.479851
33.5073,-1.5965,1.04515
33.5381,-1.55613,1.5753
33.5688,-1.50024,2.05365
33.5995,-1.43061,2.4684
33.6302,-1.3493,2.81307
33.6609,-1.2585,3.0863099999999997
33.6917,-1.1603700000000001,3.2911099999999998
33.7234,-1.0534,3.4374300000000004
33.7569,-0.9364110000000001,3.5299099999999997
33.7928,-0.8087850000000001,3.5715199999999996
33.8319,-0.6693819999999999,3.56605
33.8752,-0.515817,3.51787
33.9249,-0.342888,3.431
33.9862,-0.13659300000000002,3.3051699999999995
34.07,0.133153,3.12946
34.158,0.400419,2.94014
34.2232,0.586871,2.7717099999999997
34.2785,0.7351949999999999,2.58628
34.3338,0.871707,2.34124
34.3796,0.97324,2.08111
34.4254,1.06154,1.76338
34.4713,1.13396,1.38834
34.5114,1.1824,1.01803
34.5516,1.21533,0.618423
34.5917,1.23184,0.20238499999999998
34.6319,1.23157,-0.214887
34.6721,1.21478,-0.6175649999999999
34.7122,1.18236,-0.990978
34.7524,1.13574,-1.32315
34.7925,1.07676,-1.60582
34.8327,1.00749,-1.83477
34.8728,0.930126,-2.00957
34.9148,0.842981,-2.1372299999999997
34.9589,0.746686,-2.2170099999999997
35.0059,0.6415649999999999,-2.24934
35.0566,0.527687,-2.2348
35.1123,0.40474899999999997,-2.17326
35.175,0.27177199999999996,-2.06193
35.2486,0.126048,-1.8903299999999998
35.3464,-0.045626599999999996,-1.61109
35.45,-0.194744,-1.25878
35.5536,-0.304307,-0.8468959999999999
35.6571,-0.368138,-0.37654299999999996
35.7607,-0.380633,0.141913
35.8676,-0.335363,0.70891
35.9856,-0.21387199999999998,1.3524100000000001
36.0854,-0.05129500000000001,1.90562
36.1723,0.13536099999999998,2.39332
36.2591,0.364325,2.87606
36.346,0.633544,3.30805
36.3982,0.8114979999999999,3.49954
36.4423,0.9682719999999999,3.5869400000000002
36.4865,1.1268,3.57329
36.5216,1.25071,3.46766
36.5567,1.3691799999999998,3.26045
36.5873,1.46491,2.98769
36.6179,1.55093,2.62472
36.6485,1.62448,2.1733
36.6753,1.6768,1.7098400000000002
36.7022,1.71595,1.19479
36.7291,1.7407099999999998,0.642402
36.756,1.7503,0.06996060000000001
36.7829,1.74446,-0.503513
36.8097,1.7234,-1.05884
36.8366,1.68785,-1.5783
36.8635,1.639,-2.04698
36.8904,1.57836,-2.45375
36.9173,1.50769,-2.79169
36.9442,1.4289100000000001,-3.05802
36.9716,1.34195,-3.25725
37.0003,1.24658,-3.3906300000000003
37.0304,1.1432200000000001,-3.45707
37.0624,1.03236,-3.4557599999999997
37.0969,0.9144399999999999,-3.38611
37.1344,0.789867,-3.24705
37.176,0.658946,-3.03583
37.2234,0.521791,-2.7454
37.2797,0.37791199999999997,-2.35708
37.3542,0.222701,-1.80433
37.4474,0.0880304,-1.0830799999999998
37.5405,0.0213687,-0.346352
37.6501,0.0312363,0.526721
37.7514,0.125344,1.32946
37.8407,0.275113,2.02148
37.93,0.485175,2.67345
37.9991,0.685742,3.1108700000000002
38.0506,0.8524959999999999,3.35931
38.0942,1.0022799999999998,3.4869
38.1379,1.15539,3.50593
38.1727,1.27646,3.4207199999999998
38.2076,1.39275,3.22883
38.2379,1.4868700000000001,2.96581
38.2683,1.57161,2.60918
38.2986,1.6441299999999999,2.16088
38.3252,1.6956200000000001,1.69849
38.3518,1.73405,1.18248
38.3784,1.7582,0.627239
38.405,1.7672400000000001,0.0501749
38.4316,1.76085,-0.529539
38.4582,1.73921,-1.09256
38.4848,1.70301,-1.62097
38.5115,1.6533799999999998,-2.0996900000000003
38.5381,1.5918,-2.51742
38.5647,1.52,-2.86711
38.5913,1.43983,-3.14589
38.6185,1.35134,-3.3582300000000003
38.6467,1.2541,-3.50624
38.6765,1.1484,-3.5893800000000002
38.7081,1.03454,-3.6075199999999996
38.742,0.9127120000000001,-3.56104
38.779,0.782896,-3.4502900000000003
38.8201,0.64467,-3.2746
38.8669,0.496758,-3.02997
38.9232,0.335402,-2.70197
39.0024,0.140593,-2.2151400000000003
39.0868,-0.0243366,-1.69147
39.1744,-0.148894,-1.15428
39.2762,-0.235085,-0.541529
39.4028,-0.256798,0.191496
39.5116,-0.20358800000000002,0.7791859999999999
39.6203,-0.0891944,1.3153700000000002
39.7291,0.0804758,1.7951099999999998
39.8378,0.298902,2.20871
39.9114,0.470051,2.43208
39.9734,0.6250859999999999,2.56155
40.0272,0.7644770000000001,2.60858
40.080999999999996,0.904233,2.5710599999999997
40.1248,1.01491,2.46067
40.1687,1.11893,2.26547
40.2073,1.20187,2.0167900000000003
40.246,1.27379,1.6946900000000003
40.2846,1.33191,1.30335
40.3232,1.37373,0.853093
40.3569,1.39531,0.425496
40.3905,1.40215,-0.0208995
40.4242,1.39386,-0.470966
40.4578,1.37059,-0.909494
40.4915,1.33295,-1.32264
40.5251,1.2819999999999998,-1.69912
40.5587,1.21912,-2.03103
40.5924,1.1458899999999999,-2.3141700000000003
40.6271,1.0611,-2.55481
40.6633,0.9649780000000001,-2.7519
40.7013,0.8573379999999999,-2.90679
40.7417,0.737481,-3.02274
40.7853,0.603851,-3.1048400000000003
40.8333,0.453269,-3.1602799999999998
40.8881,0.279026,-3.19877
40.9547,0.0645299,-3.2339
41.0431,-0.22316399999999997,-3.2815199999999995
41.1334,-0.521217,-3.3098400000000003
41.1887,-0.703773,-3.28134
41.2362,-0.858072,-3.1998900000000003
41.2838,-1.00674,-3.04025
41.3227,-1.12121,-2.83473
41.3615,-1.22619,-2.55037
41.4004,-1.31847,-2.1816299999999997
41.4336,-1.38467,-1.80158
41.4667,-1.43734,-1.36722
41.4999,-1.47485,-0.889338
41.5331,-1.496,-0.383019
41.5662,-1.50014,0.13359100000000002
41.5994,-1.48724,0.641025
41.6325,-1.45794,1.12049
41.6657,-1.41343,1.55571
41.6988,-1.3554,1.9343099999999998
41.732,-1.28587,2.24858
41.7652,-1.20704,2.4954400000000003
41.7983,-1.12113,2.67592
41.8326,-1.02708,2.79731
41.8687,-0.924702,2.86108
41.9072,-0.8142689999999999,2.8675
41.9488,-0.696025,2.81678
41.9943,-0.570028,2.7084900000000003
42.0453,-0.436,2.5400099999999997
42.1043,-0.292951,2.30288
42.177,-0.137348,1.97013
42.286,0.0476346,1.41619
42.3949,0.169287,0.808689
42.5039,0.22212800000000002,0.154358
42.6256,0.194271,-0.617412
42.7373,0.0847481,-1.34649
42.8289,-0.06639049999999999,-1.9528299999999998
42.9206,-0.27315700000000004,-2.5581
43.0122,-0.534269,-3.1294299999999997
43.0726,-0.733114,-3.44361
43.1201,-0.9011879999999999,-3.6173800000000003
43.161,-1.05091,-3.68486
43.202,-1.20134,-3.64649
43.2353,-1.32097,-3.5164400000000002
43.2686,-1.4345700000000001,-3.2822400000000003
43.2979,-1.5264799999999998,-2.9826900000000003
43.3272,-1.6083,-2.5929
43.3564,-1.6774200000000001,-2.11637
43.3857,-1.73144,-1.56314
43.4109,-1.76435,-1.03671
43.4362,-1.78355,-0.47966099999999995
43.4615,-1.78846,0.0914957
43.4867,-1.7789599999999999,0.659143
43.512,-1.7553400000000001,1.2059
43.5372,-1.71835,1.71595
43.5625,-1.66908,2.17614
43.5878,-1.60893,2.57669
43.613,-1.53948,2.91157
43.6388,-1.46072,3.18328
43.6655,-1.37286,3.3905800000000004
43.6933,-1.2763799999999998,3.53134
43.7226,-1.1717600000000001,3.60414
43.7537,-1.0594700000000001,3.6082400000000003
43.7871,-0.939918,3.54319
43.8234,-0.8134239999999999,3.4082
43.8637,-0.680161,3.201
43.9095,-0.5400010000000001,2.91533
43.9637,-0.391943,2.5341
44.0352,-0.22996100000000003,1.99554
44.1251,-0.0820188,1.29247
44.215,0.00217272,0.579467
44.3191,0.0194558,-0.246665
44.4319,-0.058414,-1.13046
44.527,-0.200458,-1.85427
44.622,-0.40966800000000003,-2.53841
44.6978,-0.620741,-3.01803
44.7519,-0.791528,-3.2866800000000005
44.7974,-0.9449,-3.4332300000000004
44.8375,-1.0838299999999998,-3.4755199999999995
44.8777,-1.2223899999999999,-3.41095
44.9111,-1.3340299999999998,-3.25826
44.9445,-1.43889,-3.00332
44.9779,-1.5334299999999998,-2.63955
45.0061,-1.6026200000000002,-2.24729
45.0343,-1.65969,-1.7830599999999999
45.0626,-1.70275,-1.25747
45.0908,-1.7302799999999998,-0.68597
45.1191,-1.74125,-0.08788589999999999
45.1473,-1.7352,0.515126
45.1755,-1.7123099999999998,1.10105
45.2038,-1.67336,1.6495400000000002
45.232,-1.61965,2.1436599999999997
45.2603,-1.55291,2.5710900000000003
45.2885,-1.4751299999999998,2.9245900000000002
45.3168,-1.38844,3.20191
45.345,-1.2949700000000002,3.40507
45.3741,-1.19354,3.54265
45.4048,-1.0834700000000002,3.6173900000000003
45.4376,-0.9647620000000001,3.6302199999999996
45.4728,-0.837324,3.5824
45.5115,-0.700655,3.4751300000000005
45.5549,-0.553453,3.30849
45.6052,-0.39252,3.07835
45.6685,-0.20780700000000002,2.76401
45.7562,0.015209899999999998,2.31737
45.843999999999994,0.199174,1.87493
45.9365,0.351117,1.41029
46.0339,0.464455,0.9152950000000001
46.1196,0.524094,0.47701000000000005
46.2053,0.5464319999999999,0.047039300000000006
46.291000000000004,0.532853,-0.35849699999999995
46.3767,0.48615200000000003,-0.723771
46.4623,0.410282,-1.03817
46.548,0.309793,-1.29845
46.6337,0.18923299999999998,-1.50752
46.7194,0.05275409999999999,-1.67091
46.8175,-0.118209,-1.8062
46.9048,-0.279385,-1.87627
46.9814,-0.42382700000000006,-1.88717
47.0579,-0.566754,-1.8334
47.1193,-0.6763859999999999,-1.72932
47.1807,-0.777655,-1.55923
47.2349,-0.8566819999999999,-1.34794
47.2891,-0.9226629999999999,-1.07788
47.3432,-0.9724959999999999,-0.7530640000000001
47.3974,-1.00346,-0.38348000000000004
47.4516,-1.01352,0.015556200000000001
47.4993,-1.00416,0.376718
47.5471,-0.977626,0.7330979999999999
47.5948,-0.934428,1.073
47.6426,-0.8755790000000001,1.3875899999999999
47.6903,-0.802424,1.6717799999999998
47.7396,-0.713442,1.9321599999999999
47.791000000000004,-0.607795,2.17076
47.8456,-0.48319399999999996,2.394
47.9048,-0.334894,2.6129700000000002
47.9713,-0.15329700000000002,2.8454
48.0492,0.0788425,3.1156200000000003
48.1344,0.356937,3.40809
48.2077,0.614744,3.62066
48.2576,0.7977989999999999,3.7061300000000004
48.3003,0.9565040000000001,3.70975
48.343,1.1134700000000002,3.6196099999999998
48.3777,1.23644,3.45715
48.4124,1.35216,3.19943
48.443000000000005,1.4454,2.8853400000000002
48.4735,1.52776,2.48745
48.5041,1.5967,2.00929
48.5347,1.64992,1.46086
48.5612,1.6818799999999998,0.940132
48.5878,1.6996200000000001,0.392929
48.6144,1.7026599999999998,-0.16436900000000002
48.6409,1.69095,-0.714461
48.6675,1.6649200000000002,-1.24053
48.693999999999996,1.62541,-1.72755
48.7206,1.57362,-2.16335
48.7471,1.5110299999999999,-2.5392900000000003
48.7737,1.4393200000000002,-2.85045
48.8011,1.35775,-3.1018
48.8294,1.26688,-3.29043
48.8591,1.16724,-3.4146300000000003
48.8904,1.0592700000000002,-3.4736300000000004
48.9237,0.94337,-3.46728
48.9597,0.819807,-3.39564
48.9991,0.688695,-3.25813
49.043,0.549854,-3.05212
49.0936,0.402494,-2.76954
49.155,0.243873,-2.38611
49.2472,0.0522784,-1.766
49.3393,-0.08054270000000001,-1.11242
49.4338,-0.152942,-0.41561000000000003
49.547,-0.151593,0.442634
49.6552,-0.0587736,1.27375
49.7449,0.0864946,1.9623099999999998
49.8347,0.29319,2.63961
49.9244,0.559005,3.2692799999999997
49.981,0.753486,3.59772
50.0266,0.922306,3.78606
50.0661,1.07361,3.86329
50.1056,1.22591,3.8308699999999996
50.1378,1.34764,3.7019599999999997
50.1701,1.4635200000000002,3.4649400000000004
50.1984,1.55761,3.15892
50.2268,1.6417,2.75861
50.2551,1.7131299999999998,2.2671200000000002
50.2834,1.7694400000000001,1.69425
50.3079,1.8042599999999998,1.14731
50.3323,1.8252599999999999,0.566369
50.3568,1.83181,-0.031778100000000004
50.3812,1.82371,-0.629051
50.4057,1.8012099999999998,-1.20744
50.4301,1.7649700000000001,-1.75035
50.4546,1.71603,-2.24382
50.479,1.65575,-2.6772299999999998
50.5035,1.5856700000000001,-3.0438099999999997
50.5283,1.5062799999999998,-3.34438
50.5539,1.4174799999999999,-3.5795800000000004
50.5805,1.3196700000000001,-3.74749
50.6085,1.21327,-3.84683
50.6381,1.09866,-3.8771699999999996
50.6699,0.9761139999999999,-3.83859
50.7043,0.845757,-3.73124
50.7422,0.707426,-3.55435
50.785,0.560417,-3.30435
50.8353,0.40263699999999997,-2.96969
50.8997,0.226037,-2.50788
50.9875,0.0343733,-1.8579900000000003
51.0752,-0.0999643,-1.20326
51.1689,-0.18,-0.506367
51.2873,-0.188415,0.360115
51.396,-0.107332,1.1256700000000002
51.506,0.057343399999999996,1.85927
51.6161,0.299942,2.53781
51.6927,0.510544,2.95077
51.7501,0.6875100000000001,3.19665
51.7985,0.8456450000000001,3.33146
51.841,0.988298,3.36997
51.8834,1.13055,3.3081199999999997
51.9187,1.24482,3.16275
51.9539,1.35227,2.9189
51.9892,1.44927,2.56893
52.0189,1.5202799999999999,2.18995
52.0487,1.57893,1.7394900000000002
52.0785,1.62323,1.22753
52.1082,1.65155,0.669078
52.138000000000005,1.66278,0.0831788
52.1677,1.6564400000000001,-0.508653
52.1975,1.63266,-1.0845
52.2273,1.5922399999999999,-1.6241700000000001
52.257,1.5365,-2.11101
52.2868,1.4672100000000001,-2.53315
52.3166,1.3864,-2.8839900000000003
52.3463,1.29624,-3.1619900000000003
52.3761,1.19886,-3.3699
52.4069,1.09265,-3.51761
52.4394,0.976677,-3.609
52.4741,0.850507,-3.6466
52.5118,0.713271,-3.63365
52.5534,0.5631079999999999,-3.5738300000000005
52.6009,0.395983,-3.4703199999999996
52.658,0.201675,-3.32211
52.7406,-0.06340119999999999,-3.09918
52.8249,-0.315197,-2.87146
52.8979,-0.5170239999999999,-2.65545
52.9578,-0.6699109999999999,-2.44198
53.0177,-0.808504,-2.17505
53.0668,-0.908905,-1.90481
53.1159,-0.994775,-1.58304
53.1651,-1.06359,-1.21092
53.2083,-1.10817,-0.848225
53.2514,-1.1365399999999999,-0.46250600000000003
53.2946,-1.14798,-0.066814
53.3378,-1.14238,0.323995
53.381,-1.12027,0.695036
53.4242,-1.08281,1.03315
53.4674,-1.0316299999999998,1.32827
53.5106,-0.9687549999999999,1.57421
53.5538,-0.896365,1.76867
53.5982,-0.814425,1.9160599999999999
53.6446,-0.722961,2.0178700000000003
53.6937,-0.6222310000000001,2.0747
53.7465,-0.512305,2.08735
53.803999999999995,-0.392869,2.0561
53.8683,-0.262912,1.97924
53.943000000000005,-0.11973099999999999,1.84887
54.0394,0.0482659,1.63024
54.1457,0.206152,1.32885
54.2367,0.31338499999999997,1.01801
54.3278,0.390002,0.656486
54.4189,0.43150900000000003,0.24803000000000003
54.5099,0.43406300000000003,-0.196849
54.6069,0.390971,-0.69463
54.71,0.291543,-1.235
54.8151,0.132493,-1.7911400000000002
54.9065,-0.05344159999999999,-2.28072
54.9979,-0.284301,-2.77238
55.0892,-0.5590149999999999,-3.23029
55.1462,-0.749734,-3.45566
55.1927,-0.9134540000000001,-3.5691
55.2332,-1.0589,-3.58819
55.2738,-1.20316,-3.5061199999999997
55.3073,-1.31825,-3.34363
55.3409,-1.42626,-3.08242
55.3744,-1.52376,-2.7152
55.4027,-1.59521,-2.3224299999999998
55.431000000000004,-1.6545400000000001,-1.859
55.4593,-1.69986,-1.33507
55.4876,-1.72967,-0.76574
55.5159,-1.74295,-0.170128
55.5442,-1.7392599999999998,0.43018500000000004
55.5725,-1.7187700000000001,1.01309
55.6008,-1.6822700000000002,1.55799
55.6291,-1.63111,2.04759
55.6574,-1.56703,2.4691
55.6857,-1.49207,2.81482
55.714,-1.40845,3.08202
55.7423,-1.31836,3.27228
55.7714,-1.2212399999999999,3.39285
55.802,-1.11639,3.4461699999999995
55.8346,-1.00414,3.43183
55.8697,-0.884912,3.34925
55.9081,-0.7590899999999999,3.1971700000000003
55.9508,-0.626951,2.97229
55.9999,-0.488548,2.66609
56.0589,-0.34313299999999997,2.25559
56.141000000000005,-0.182848,1.6443
56.2325,-0.06461230000000001,0.935641
56.3285,-0.0110907,0.17746800000000001
56.4443,-0.0437923,-0.742803
56.5407,-0.152256,-1.50453
56.6382,-0.335648,-2.25307
56.7356,-0.58938,-2.93593
56.7932,-0.768338,-3.26382
56.8404,-0.9271459999999999,-3.4531400000000003
56.8814,-1.07049,-3.53082
56.9223,-1.2148700000000001,-3.4995800000000004
56.9559,-1.33044,-3.3732800000000003
56.9894,-1.44003,-3.14186
57.0189,-1.5285600000000001,-2.84437
57.0484,-1.6069799999999999,-2.4573099999999997
57.0779,-1.67271,-1.9849599999999998
57.1074,-1.7233599999999998,-1.43802
57.1329,-1.7535,-0.917767
57.1585,-1.7699599999999998,-0.368796
57.184,-1.7722200000000001,0.192393
57.2095,-1.7601900000000001,0.748391
57.235,-1.7342099999999998,1.28223
57.2605,-1.6950599999999998,1.77866
57.2861,-1.6438599999999999,2.22519
57.3116,-1.58199,2.6127700000000003
57.3371,-1.51105,2.93604
57.3633,-1.43044,3.19935
57.3905,-1.34059,3.40006
57.4189,-1.24196,3.53631
57.4488,-1.13494,3.60719
57.4806,-1.01987,3.6126
57.5149,-0.896935,3.55284
57.5523,-0.766105,3.4280699999999995
57.5941,-0.6269359999999999,3.23707
57.6419,-0.47806400000000004,2.97458
57.7001,-0.315259,2.62232
57.7883,-0.108617,2.0623099999999996
57.8764,0.048392000000000004,1.4995100000000001
57.9672,0.15845,0.927428
58.0755,0.222556,0.260129
58.2147,0.201299,-0.555416
58.3215,0.110713,-1.1326200000000002
58.4283,-0.0388719,-1.6592799999999999
58.5351,-0.241733,-2.1278900000000003
58.6143,-0.42223599999999994,-2.4215299999999997
58.6793,-0.58601,-2.60537
58.7347,-0.733128,-2.69753
58.79,-0.8830950000000001,-2.7035
58.833999999999996,-1.00061,-2.6269099999999996
58.878,-1.11287,-2.46215
58.9162,-1.20295,-2.2382
58.9545,-1.28296,-1.93505
58.9927,-1.34988,-1.55441
59.0263,-1.3957,-1.16164
59.06,-1.42755,-0.725195
59.0936,-1.44416,-0.258769
59.1272,-1.44481,0.221331
59.1609,-1.42931,0.697725
59.1945,-1.39809,1.1536799999999998
59.2282,-1.35208,1.57471
59.2618,-1.29265,1.9498400000000002
59.2955,-1.22148,2.27221
59.3291,-1.14039,2.5392099999999997
59.3634,-1.04935,2.75577
59.3992,-0.947469,2.9262799999999998
59.437,-0.834292,3.0532
59.4775,-0.70894,3.1402799999999997
59.5214,-0.5695600000000001,3.19292
59.5704,-0.412358,3.2183200000000003
59.6273,-0.228956,3.22574
59.6997,0.00436238,3.22696
59.7884,0.290903,3.22988
59.8653,0.538788,3.20978
59.9206,0.714733,3.15023
59.9683,0.862808,3.04244
60.016000000000005,1.00403,2.85944
60.0556,1.11309,2.63583
60.0952,1.21185,2.3378400000000004
60.1349,1.29726,1.96215
60.169,1.35781,1.57891
60.2031,1.40445,1.14792
60.2372,1.43573,0.680908
60.2713,1.45068,0.193293
60.3054,1.44889,-0.297121
60.3396,1.43058,-0.771957
60.3737,1.39659,-1.21413
60.4078,1.34827,-1.6094899999999999
60.4419,1.28741,-1.9479
60.476000000000006,1.21607,-2.22369
60.5101,1.1364100000000001,-2.43547
60.5449,1.04898,-2.58764
60.5812,0.95305,-2.6838599999999997
60.6197,0.848874,-2.72433
60.6609,0.736779,-2.7093
60.7056,0.616954,-2.6388
60.7551,0.489359,-2.5116400000000003
60.8112,0.353524,-2.32325
60.8776,0.207869,-2.0596799999999997
60.9651,0.044476199999999994,-1.6672900000000002
61.0682,-0.101462,-1.15602
61.1712,-0.192246,-0.597913
61.2776,-0.223291,0.0206982
61.4077,-0.169154,0.817755
61.5078,-0.055733000000000005,1.44966
61.5982,0.10147300000000001,2.02821
61.6886,0.311021,2.60436
61.7791,0.57133,3.1404900000000002
61.8368,0.760886,3.4178300000000004
61.8834,0.9241860000000001,3.5678900000000002
61.9239,1.06999,3.61539
61.9644,1.21569,3.5579
61.9977,1.33197,3.4128800000000004
62.031000000000006,1.44175,3.1656400000000002
62.0604,1.53035,2.8560000000000003
62.0897,1.60857,2.45922
62.1191,1.67392,1.9798799999999999
62.1484,1.7241099999999998,1.42887
62.1739,1.7539200000000001,0.90569
62.1994,1.77003,0.35581799999999997
62.2249,1.7719599999999998,-0.204249
62.2503,1.75968,-0.757191
62.2758,1.73358,-1.28621
62.3013,1.6944700000000001,-1.77626
62.3268,1.6435099999999998,-2.21509
62.3523,1.5821100000000001,-2.59388
62.3777,1.51189,-2.9074400000000002
62.403999999999996,1.43206,-3.16058
62.4312,1.34324,-3.3496599999999996
62.4597,1.24597,-3.4723900000000003
62.4897,1.14077,-3.5274300000000003
62.5217,1.0281200000000001,-3.51402
62.5561,0.908449,-3.43157
62.5937,0.782119,-3.2788800000000005
62.6355,0.649358,-3.05281
62.6835,0.510117,-2.74518
62.7412,0.363385,-2.3336099999999997
62.8216,0.20016099999999998,-1.7222400000000002
62.9107,0.0777619,-1.0226
63.0039,0.016939199999999998,-0.282931
63.1152,0.0346356,0.599633
63.217,0.136328,1.3944299999999998
63.3188,0.317707,2.16072
63.4207,0.574026,2.85392
63.4787,0.749221,3.17266
63.5267,0.9063540000000001,3.3584400000000003
63.5685,1.04846,3.43454
63.6102,1.1916,3.4033800000000003
63.6444,1.30623,3.2785699999999998
63.6786,1.41485,3.05016
63.7088,1.5025,2.75657
63.7389,1.57998,2.37478
63.769,1.64468,1.90917
63.7991,1.69422,1.3705
63.8252,1.72335,0.858186
63.8512,1.7387299999999999,0.318196
63.8773,1.73985,-0.23306
63.9034,1.7266299999999999,-0.778353
63.9294,1.6994599999999997,-1.3009899999999999
63.9555,1.6591200000000002,-1.78608
63.9816,1.60677,-2.2215599999999998
64.0077,1.5438,-2.59884
64.0337,1.47181,-2.91301
64.0606,1.3899,-3.16941
64.0885,1.29861,-3.3649
64.1177,1.19835,-3.4979400000000003
64.1484,1.08946,-3.56808
64.1812,0.9721489999999999,-3.57575
64.2166,0.846412,-3.52189
64.2554,0.7118939999999999,-3.4073599999999997
64.2988,0.567549,-3.2317400000000003
64.3492,0.410714,-2.9903
64.4121,0.233023,-2.66198
64.5009,0.017657299999999997,-2.18511
64.5898,-0.15546600000000002,-1.71258
64.6833,-0.292575,-1.22167
64.7881,-0.391996,-0.676416
64.8929,-0.43482,-0.144179
64.9851,-0.427472,0.298272
65.0772,-0.38103899999999996,0.7017
65.1694,-0.299629,1.05616
65.2616,-0.187941,1.35873
65.3538,-0.050674000000000004,1.61179
65.4523,0.11934600000000001,1.8300400000000001
65.5382,0.283074,1.9714599999999998
65.61399999999999,0.43564899999999995,2.04544
65.6801,0.571438,2.05498
65.7462,0.705643,1.99413
65.8003,0.810665,1.87756
65.8544,0.9075,1.68999
65.9085,0.992115,1.42526
65.9544,1.05126,1.13989
66.0004,1.0961100000000001,0.804183
66.0463,1.12455,0.428104
66.0923,1.13505,0.025775599999999996
66.1382,1.12677,-0.386029
66.1842,1.09969,-0.790049
66.2301,1.0545200000000001,-1.1708399999999999
66.2761,0.992619,-1.5167
66.322,0.915768,-1.8207799999999998
66.368,0.825947,-2.08134
66.4139,0.725107,-2.30107
66.4622,0.6092770000000001,-2.4945
66.514,0.475401,-2.67007
66.5711,0.318063,-2.83943
66.6366,0.126107,-3.0206
66.7159,-0.122143,-3.23906
66.8034,-0.415944,-3.4725800000000002
66.8668,-0.640554,-3.6020800000000004
66.9156,-0.81765,-3.64336
66.9578,-0.9710260000000001,-3.60972
67.0,-1.12115,-3.4849300000000003
67.0349,-1.23939,-3.29532
67.0697,-1.34946,-3.0143299999999997
67.1045,-1.44805,-2.6347099999999997
67.134,-1.52013,-2.23493
67.1635,-1.57941,-1.7690000000000001
67.1931,-1.62406,-1.24711
67.2226,-1.6526599999999998,-0.684301
67.2521,-1.6642700000000001,-0.099486
67.2817,-1.6585299999999998,0.48618199999999995
67.3112,-1.63575,1.0513
67.3407,-1.59683,1.5762399999999999
67.3702,-1.54321,2.0449
67.3998,-1.47672,2.44582
67.4293,-1.3994799999999998,2.77258
67.4588,-1.3137,3.0236099999999997
67.4884,-1.22161,3.20142
67.5191,-1.12129,3.31471
67.5516,-1.01274,3.36418
67.5862,-0.8962709999999999,3.34993
67.6237,-0.772103,3.2720700000000003
67.6648,-0.640279,3.12988
67.7109,-0.5004970000000001,2.9201799999999998
67.7645,-0.35168499999999997,2.63327
67.8308,-0.189992,2.2385
67.9283,-0.00182656,1.6117700000000001
68.0259,0.12328499999999999,0.9474809999999999
68.1234,0.182051,0.252806
68.2432,0.159834,-0.627635
68.3441,0.0585525,-1.38024
68.433,-0.0937327,-2.04393
68.5219,-0.304738,-2.69778
68.6109,-0.5722470000000001,-3.3039199999999997
68.6665,-0.7649239999999999,-3.61455
68.7117,-0.9325700000000001,-3.79023
68.7509,-1.08279,-3.85691
68.7901,-1.23358,-3.81439
68.8222,-1.35425,-3.67755
68.8544,-1.4688299999999999,-3.43338
68.8827,-1.5618,-3.12154
68.911,-1.64463,-2.7166099999999997
68.9393,-1.71471,-2.22212
68.9676,-1.76964,-1.6482299999999999
68.992,-1.8033599999999999,-1.10081
69.0165,-1.82325,-0.520944
69.041,-1.8287200000000001,0.0745528
69.0654,-1.81962,0.6676770000000001
69.0899,-1.7962200000000001,1.2406
69.1144,-1.75921,1.77702
69.1388,-1.70966,2.26326
69.1633,-1.64894,2.68907
69.1878,-1.57861,3.0479700000000003
69.2127,-1.4988700000000001,3.34179
69.2384,-1.40977,3.5701400000000003
69.2652,-1.31175,3.7310000000000003
69.2934,-1.20523,3.82309
69.3232,-1.0906200000000001,3.8459199999999996
69.3552,-0.9682139999999999,3.79947
69.3899,-0.838169,3.6836900000000004
69.4282,-0.700387,3.49744
69.4716,-0.5542630000000001,3.23648
69.5226,-0.397884,2.8878
69.5885,-0.22336799999999998,2.40382
69.6758,-0.042457999999999996,1.74153
69.763,0.08032669999999999,1.07305
69.8583,0.147807,0.34408
69.9835,0.13164,-0.597825
70.0884,0.028709199999999997,-1.3591
70.1947,-0.15517899999999998,-2.0933
70.301,-0.41427299999999995,-2.76693
70.3662,-0.6064039999999999,-3.1168099999999996
70.4187,-0.7759020000000001,-3.3298900000000002
70.4636,-0.928092,-3.4348300000000003
70.5085,-1.08283,-3.43805
70.5445,-1.2054799999999999,-3.34515
70.5806,-1.3229799999999998,-3.14988
70.6121,-1.41819,-2.8862200000000002
70.6435,-1.50367,-2.53127
70.675,-1.57655,-2.08665
70.7027,-1.62814,-1.62745
70.7304,-1.66625,-1.1154700000000002
70.7581,-1.6896,-0.565038
70.7858,-1.6973599999999998,0.00649375
70.8135,-1.6892200000000002,0.580062
70.8413,-1.6653799999999999,1.13655
70.869,-1.62656,1.6584400000000001
70.8967,-1.5739299999999998,2.13122
70.9244,-1.50901,2.5443
70.9521,-1.43355,2.89148
70.9798,-1.34941,3.17075
71.0082,-1.25601,3.3885300000000003
71.0379,-1.15299,3.5468
71.0691,-1.0404,3.6463
71.1024,-0.9181520000000001,3.6886099999999997
71.1383,-0.785763,3.67619
71.1777,-0.642072,3.61196
71.222,-0.48453599999999997,3.49841
71.2739,-0.307192,3.335
71.3413,-0.09003799999999999,3.10502
71.4263,0.161471,2.8139
71.5113,0.388194,2.5186599999999997
71.5814,0.5557,2.25176
71.6425,0.685293,1.9846099999999998
71.7036,0.797246,1.6726299999999998
71.7564,0.877448,1.36258
71.8091,0.9403229999999999,1.01626
71.8618,0.984125,0.640945
71.9146,1.0076399999999999,0.249198
71.9673,1.01041,-0.142706
72.02,0.9928899999999999,-0.517232
72.0728,0.956441,-0.8583040000000001
72.1255,0.903169,-1.15357
72.1783,0.835706,-1.3957
72.23100000000001,0.756933,-1.5825200000000001
72.2837,0.669725,-1.71623
72.3376,0.574761,-1.80339
72.3947,0.47015100000000004,-1.84936
72.4566,0.355274,-1.85517
72.5253,0.22895700000000002,-1.8198400000000001
72.6043,0.08813710000000001,-1.7370299999999999
72.7059,-0.0806495,-1.57628
72.7999,-0.219788,-1.3752
72.8939,-0.337485,-1.11913
72.9879,-0.42831899999999995,-0.80324
73.0819,-0.486653,-0.428537
73.1759,-0.5073489999999999,-0.0049116
73.2699,-0.48658,0.450442
73.3639,-0.42225,0.9191020000000001
73.4579,-0.313752,1.3889
73.55199999999999,-0.161143,1.8581299999999998
73.6488,0.0423663,2.34662
73.7307,0.251551,2.76289
73.8125,0.494274,3.1593299999999997
73.8752,0.700494,3.4107800000000004
73.9238,0.8697030000000001,3.53842
73.9657,1.01906,3.57175
74.0077,1.16782,3.5055300000000003
74.0419,1.28572,3.3579199999999996
74.0762,1.3969,3.1118799999999998
74.1064,1.4865,2.80633
74.1366,1.56559,2.41602
74.1668,1.63165,1.9451599999999998
74.197,1.6824,1.4043
74.2232,1.71255,0.891249
74.2495,1.72889,0.352373
74.2757,1.7309400000000001,-0.19602
74.3019,1.71868,-0.736797
74.3281,1.6925299999999999,-1.25335
74.3543,1.65333,-1.73088
74.3805,1.60225,-2.1573900000000004
74.4067,1.54077,-2.52431
74.4329,1.47051,-2.82674
74.46,1.3906100000000001,-3.06973
74.488,1.30174,-3.24953
74.5174,1.2044700000000002,-3.36401
74.5484,1.09932,-3.41192
74.5814,0.986786,-3.39256
74.617,0.867317,-3.30531
74.656,0.741296,-3.14879
74.6996,0.609003,-2.9194299999999997
74.7496,0.470492,-2.60803
74.8102,0.32495100000000005,-2.1894400000000003
74.8969,0.162642,-1.5485799999999998
74.9893,0.0522602,-0.838918
75.0876,0.00761391,-0.06762760000000001
75.2076,0.056493299999999996,0.882224
75.3013,0.173692,1.61842
75.3949,0.35904899999999995,2.3334799999999998
75.4886,0.6088520000000001,2.98253
75.5449,0.7859999999999999,3.2963400000000003
75.5913,0.943543,3.47514
75.6318,1.08578,3.5435300000000005
75.6722,1.2286700000000002,3.50284
75.7055,1.3432,3.36858
75.7387,1.45156,3.12949
75.768,1.53903,2.82528
75.7973,1.61628,2.4323
75.8266,1.6807599999999998,1.95524
75.8559,1.73016,1.4051799999999999
75.8814,1.7593,0.882282
75.9068,1.7747700000000002,0.331929
75.9322,1.7760799999999999,-0.229334
75.9576,1.7631700000000001,-0.784153
75.983,1.73642,-1.3157
76.0084,1.69662,-1.80893
76.0338,1.6449099999999999,-2.25161
76.0592,1.5826799999999999,-2.63492
76.0847,1.5115299999999998,-2.95371
76.1109,1.43061,-3.21305
76.138,1.3405,-3.4094800000000003
76.1664,1.24167,-3.54103
76.1963,1.1345399999999999,-3.60676
76.2282,1.01946,-3.6064800000000004
76.2625,0.896658,-3.54037
76.3,0.766134,-3.40836
76.3419,0.627526,-3.2088799999999997
76.39,0.479605,-2.93598
76.4485,0.318412,-2.56977
76.5379,0.114722,-1.9829700000000001
76.6274,-0.036186699999999995,-1.39248
76.7191,-0.136409,-0.793804
76.83,-0.185052,-0.087227
76.9555,-0.14773,0.6740010000000001
77.0649,-0.0397902,1.29136
77.1743,0.132926,1.8569099999999998
77.2848,0.366684,2.35822
77.3535,0.537747,2.60955
77.4114,0.693573,2.75877
77.4617,0.8340780000000001,2.81815
77.512,0.975406,2.78724
77.553,1.0877299999999999,2.6771700000000003
77.594,1.19373,2.47712
77.63,1.27863,2.2199299999999997
77.6661,1.35285,1.8849
77.7021,1.41365,1.476
77.7382,1.45851,1.00347
77.7695,1.48296,0.554403
77.8008,1.4929700000000001,0.08342739999999998
77.832,1.48811,-0.393964
77.8633,1.46842,-0.861909
77.8946,1.43444,-1.3056
77.9259,1.3871200000000001,-1.7125599999999999
77.9572,1.3277700000000001,-2.07349
77.9885,1.2579200000000001,-2.3827700000000003
78.0204,1.17741,-2.6434599999999997
78.0535,1.08623,-2.85574
78.0881,0.984405,-3.01989
78.1247,0.8717530000000001,-3.1376
78.1637,0.7476079999999999,-3.21207
78.2061,0.610488,-3.24796
78.2532,0.457322,-3.2513400000000003
78.3075,0.281412,-3.22949
78.3751,0.06454009999999999,-3.18981
78.46300000000001,-0.21379,-3.13965
78.5552,-0.5002310000000001,-3.0706700000000002
78.6132,-0.676189,-2.98615
78.6634,-0.8232079999999999,-2.8611
78.7136,-0.9622719999999999,-2.6657599999999997
78.7552,-1.06865,-2.43675
78.7968,-1.16409,-2.13859
78.8384,-1.24563,-1.76895
78.8744,-1.30267,-1.39524
78.9103,-1.34548,-0.979253
78.9463,-1.37274,-0.532995
78.9823,-1.38364,-0.071806
79.0182,-1.3779299999999999,0.38706999999999997
79.0542,-1.3560299999999998,0.8262889999999999
79.0902,-1.31892,1.23021
79.1261,-1.2681200000000001,1.58637
79.1621,-1.20549,1.8863900000000002
79.1981,-1.13315,2.12617
79.234,-1.05328,2.3056
79.2713,-0.964786,2.43118
79.3105,-0.8678520000000001,2.50335
79.3522,-0.762861,2.52215
79.3972,-0.650131,2.48774
79.4463,-0.529818,2.39967
79.5012,-0.40181500000000003,2.25547
79.5645,-0.265479,2.04735
79.6419,-0.11824000000000001,1.7510599999999998
79.7455,0.040407099999999994,1.3026200000000001
79.8491,0.149955,0.804127
79.9527,0.20546599999999998,0.26049
80.0707,0.197457,-0.40286900000000003
80.2155,0.0775778,-1.25894
80.3074,-0.0636453,-1.8171400000000002
80.3917,-0.23865,-2.33312
80.476,-0.45669499999999996,-2.83248
80.5504,-0.682227,-3.21601
80.6017,-0.8523629999999999,-3.4087400000000003
80.6452,-1.00305,-3.4941800000000005
80.6888,-1.1553200000000001,-3.4764699999999995
80.7238,-1.27521,-3.36619
80.7587,-1.3895,-3.15404
80.7892,-1.48173,-2.87701
80.8197,-1.56416,-2.51118
80.8503,-1.63409,-2.05936
80.8772,-1.6833900000000002,-1.597
80.9041,-1.71957,-1.0858299999999999
80.931,-1.7415,-0.540369
80.9579,-1.74849,0.022068599999999997
80.9848,-1.74033,0.5827260000000001
81.0117,-1.7173200000000002,1.12294
81.0386,-1.68025,1.62568
81.0654,-1.6303299999999998,2.0768299999999997
81.0923,-1.56908,2.46601
81.1192,-1.49827,2.78701
81.1461,-1.4197799999999998,3.03756
81.1739,-1.33275,3.2235400000000003
81.2029,-1.23745,3.34398
81.2334,-1.13435,3.39753
81.2659,-1.02398,3.3832699999999996
81.3009,-0.906824,3.30038
81.3391,-0.783339,3.1474
81.3817,-0.653917,2.92087
81.4305,-0.518803,2.61226
81.4891,-0.377633,2.19895
81.5701,-0.224138,1.58847
81.6615,-0.11142300000000001,0.8743549999999999
81.7566,-0.0640209,0.121457
81.8676,-0.09927689999999999,-0.755718
81.9647,-0.209492,-1.5109
82.0618,-0.391753,-2.23463
82.1589,-0.6409130000000001,-2.87507
82.2141,-0.807566,-3.15655
82.2604,-0.9578030000000001,-3.31185
82.3011,-1.09394,-3.36049
82.3418,-1.22996,-3.3016
82.3756,-1.3392899999999999,-3.15387
82.4094,-1.44194,-2.90452
82.4432,-1.53436,-2.54743
82.4717,-1.60169,-2.16293
82.5002,-1.65703,-1.70818
82.5287,-1.6985299999999999,-1.19397
82.5573,-1.7247,-0.635779
82.5858,-1.73455,-0.052828999999999994
82.6143,-1.7276799999999999,0.533487
82.6428,-1.7043,1.10155
82.6713,-1.66523,1.63147
82.6998,-1.61179,2.10681
82.7283,-1.54572,2.5157
82.7568,-1.4690299999999998,2.85127
82.7854,-1.38384,3.11148
82.8139,-1.29229,3.2984699999999996
82.8434,-1.19281,3.42067
82.8746,-1.0850799999999998,3.4795800000000003
82.9079,-0.9692649999999999,3.4755599999999998
82.9438,-0.845433,3.40921
82.9832,-0.713376,3.28085
83.0275,-0.5723010000000001,3.0892
83.0789,-0.420018,2.82807
83.1433,-0.24921500000000002,2.47288
83.2348,-0.0466147,1.95413
83.3263,0.108651,1.44038
83.4229,0.221998,0.909582
83.5391,0.291476,0.290085
83.6687,0.286443,-0.35833400000000004
83.7713,0.225374,-0.824067
83.8739,0.119111,-1.23863
83.9765,-0.0269556,-1.5998700000000001
84.0856,-0.21979400000000002,-1.92173
84.1668,-0.383737,-2.1070599999999997
84.2359,-0.533281,-2.21028
84.2962,-0.66771,-2.2404599999999997
84.3565,-0.801755,-2.19391
84.4058,-0.90756,-2.08327
84.4551,-1.00605,-1.89573
84.5045,-1.09323,-1.62453
84.5461,-1.1549200000000002,-1.33049
84.5877,-1.2032,-0.981633
84.6293,-1.2359799999999999,-0.587684
84.6709,-1.25167,-0.16279000000000002
84.7125,-1.24934,0.275801
84.7541,-1.22879,0.709728
84.7957,-1.19058,1.1217700000000002
84.8374,-1.1359299999999999,1.49787
84.87899999999999,-1.06656,1.82853
84.9206,-0.984455,2.10931
84.9622,-0.891708,2.34059
85.0044,-0.788786,2.52897
85.0489,-0.672601,2.68518
85.0968,-0.5408229999999999,2.81603
85.1495,-0.389336,2.93071
85.2096,-0.20957699999999999,3.04278
85.28299999999999,0.0184175,3.17368
85.374,0.314804,3.3367
85.4507,0.5750350000000001,3.4439800000000003
85.50299999999999,0.7561180000000001,3.46487
85.5479,0.9110860000000001,3.4195699999999998
85.5929,1.0622,3.2889
85.6296,1.17984,3.1005
85.6664,1.2890000000000001,2.82587
85.7031,1.38637,2.45787
85.7343,1.45707,2.0727700000000002
85.7654,1.5148,1.6255899999999999
85.7965,1.55776,1.12647
85.8277,1.58456,0.590266
85.8588,1.5943200000000002,0.0355302
85.8899,1.58679,-0.517167
85.9211,1.56235,-1.04724
85.9522,1.52201,-1.5361200000000002
85.9833,1.46728,-1.9688700000000001
86.0145,1.4001,-2.33525
86.0456,1.32261,-2.62997
86.0767,1.23708,-2.85237
86.1079,1.14571,-3.00562
86.1406,1.04551,-3.0987299999999998
86.1754,0.9371370000000001,-3.1308
86.2126,0.8209709999999999,-3.10183
86.25299999999999,0.697236,-3.01174
86.2977,0.565941,-2.8592400000000002
86.3483,0.426709,-2.63972
86.4078,0.278202,-2.3395900000000003
86.4848,0.11440299999999999,-1.911
86.5855,-0.0478719,-1.30556
86.6861,-0.14713900000000002,-0.660424
86.7918,-0.179574,0.0517558
86.9276,-0.108444,1.00003
87.0196,0.013392,1.65172
87.1047,0.179839,2.25621
87.1899,0.39732399999999995,2.84575
87.2751,0.662824,3.37077
87.3257,0.839773,3.60704
87.3686,0.9972479999999999,3.7271300000000003
87.4114,1.1577,3.7400900000000004
87.4454,1.28372,3.65041
87.4795,1.40491,3.4535099999999996
87.509,1.50322,3.18497
87.5386,1.59218,2.8206700000000002
87.5681,1.66897,2.3616
87.594,1.72413,1.88726
87.6199,1.7662400000000003,1.35606
87.6458,1.7940099999999999,0.782139
87.6717,1.80654,0.182976
87.6976,1.8034400000000002,-0.42186999999999997
87.7235,1.7848099999999998,-1.01235
87.7494,1.75128,-1.56959
87.7753,1.70393,-2.07734
87.8012,1.64421,-2.5231
87.8271,1.5738299999999998,-2.89867
87.853,1.49469,-3.20017
87.8789,1.40869,-3.42769
87.906,1.31342,-3.59019
87.9345,1.2097200000000001,-3.6847300000000005
87.9646,1.09809,-3.71041
87.9969,0.9789120000000001,-3.6669099999999997
88.0319,0.852468,-3.55386
88.0704,0.718865,-3.3698599999999996
88.1139,0.5778800000000001,-3.11055
88.1647,0.42844799999999994,-2.76365
88.229,0.265913,-2.28877
88.3212,0.087391,-1.57823
88.4135,-0.0249912,-0.857475
88.5121,-0.0715425,-0.08752710000000001
88.6441,-0.0158703,0.926277
88.744,0.113899,1.66802
88.8438,0.31606599999999996,2.37242
88.9437,0.585063,2.9936700000000003
88.9982,0.7558729999999999,3.25618
89.0447,0.9110290000000001,3.4030400000000003
89.0856,1.0514299999999999,3.4475599999999997
89.1265,1.1916,3.38712
89.1605,1.30444,3.23929
89.1945,1.41057,2.9900700000000002
89.2285,1.5064,2.63234
89.2572,1.57657,2.24547
89.2859,1.63459,1.78627
89.3146,1.6785,1.26504
89.3432,1.70675,0.697044
89.3719,1.71825,0.101515
89.4006,1.71252,-0.49987700000000007
89.4293,1.6897099999999998,-1.08504
89.458,1.6505900000000002,-1.63351
89.4867,1.59647,-2.1282799999999997
89.5154,1.5290700000000002,-2.55698
89.5441,1.45041,-2.91244
89.5728,1.36263,-3.19251
89.6015,1.26787,-3.3993599999999997
89.6311,1.16503,-3.54178
89.6623,1.0532299999999999,-3.6232900000000003
89.6955,0.932328,-3.64535
89.7314,0.802024,-3.6098199999999996
89.7708,0.66146,-3.5187199999999996
89.8151,0.508664,-3.3731
89.8669,0.3389,-3.16998
89.9338,0.136238,-2.88733
90.0202,-0.0972125,-2.51897
90.1066,-0.298993,-2.15291
90.198,-0.477774,-1.7521799999999998
90.2704,-0.5924659999999999,-1.41184
90.3428,-0.681567,-1.04503
90.4152,-0.743218,-0.654825
90.4776,-0.773287,-0.308768
90.54,-0.7817970000000001,0.034305199999999994
90.6024,-0.769346,0.361128
90.6647,-0.7373460000000001,0.65923
90.7271,-0.687908,0.918997
90.7895,-0.623617,1.13487
90.8519,-0.547277,1.30549
90.916,-0.459201,1.4358799999999998
90.9834,-0.359014,1.52908
91.0558,-0.245984,1.58637
91.1358,-0.117975,1.60686
91.2295,0.0317973,1.5822399999999999
91.3249,0.179535,1.50594
91.4232,0.321291,1.36765
91.5046,0.426125,1.19935
91.586,0.515043,0.975816
91.6674,0.583427,0.694934
91.7488,0.626737,0.36114
91.8302,0.641099,-0.0137888
91.9116,0.623839,-0.412736
91.993,0.573746,-0.81772
92.0744,0.49092600000000003,-1.21516
92.1558,0.376278,-1.5996299999999999
92.2372,0.230775,-1.97438
92.3239,0.0422414,-2.37247
92.4148,-0.192588,-2.79442
92.5057,-0.46543,-3.20159
92.5698,-0.678602,-3.43957
92.6189,-0.85072,-3.557
92.6612,-1.0019,-3.5833
92.7035,-1.1522299999999999,-3.5118199999999997
92.738,-1.27106,-3.36135
92.7725,-1.38305,-3.1135599999999997
92.8029,-1.47328,-2.80723
92.8333,-1.55292,-2.41672
92.8637,-1.61944,-1.9461099999999998
92.8941,-1.6705599999999998,-1.40582
92.9205,-1.70097,-0.893332
92.9469,-1.71748,-0.355133
92.9733,-1.71963,0.192482
92.9996,-1.7073900000000002,0.7323930000000001
93.02600000000001,-1.6811900000000002,1.24801
93.0524,-1.6418700000000002,1.7245400000000002
93.0788,-1.59063,2.15003
93.1052,-1.52893,2.51598
93.1316,-1.45842,2.81752
93.1588,-1.37822,3.05979
93.1871,-1.28902,3.2391
93.2167,-1.19136,3.35341
93.2479,-1.0857700000000001,3.40156
93.2811,-0.972721,3.38295
93.31700000000001,-0.8526469999999999,3.29705
93.3563,-0.7258939999999999,3.14259
93.4003,-0.592683,2.91606
93.4508,-0.452967,2.60826
93.512,-0.305707,2.19378
93.6005,-0.139695,1.55215
93.6933,-0.028105,0.851152
93.7923,0.0183173,0.08357310000000001
93.9157,-0.031052,-0.8847299999999999
94.0091,-0.147865,-1.6158
94.1039,-0.335636,-2.34083
94.1987,-0.589838,-3.0057099999999997
94.256,-0.771947,-3.3336900000000003
94.3028,-0.9325110000000001,-3.5220300000000004
94.3433,-1.07718,-3.59869
94.3839,-1.22284,-3.56607
94.4171,-1.33938,-3.43819
94.4503,-1.4499600000000001,-3.20456
94.4794,-1.53935,-2.90444
94.5086,-1.61866,-2.51395
94.5378,-1.6852900000000002,-2.03723
94.56700000000001,-1.7368700000000001,-1.4848700000000001
94.5923,-1.7678,-0.959269
94.6175,-1.78505,-0.40416199999999997
94.6428,-1.7880900000000002,0.163883
94.66799999999999,-1.77682,0.727333
94.6932,-1.7515599999999998,1.2690299999999999
94.7185,-1.7130599999999998,1.7734900000000002
94.7437,-1.6624400000000001,2.22795
94.76899999999999,-1.6010799999999998,2.6230599999999997
94.7942,-1.5305600000000001,2.95318
94.8201,-1.45049,3.22205
94.8469,-1.36121,3.42748
94.8749,-1.26318,3.5674699999999997
94.9043,-1.1568399999999999,3.64095
94.9357,-1.04255,3.6475699999999995
94.9693,-0.920566,3.58742
95.0061,-0.790986,3.4603699999999997
95.0469,-0.653572,3.26498
95.0935,-0.507394,2.99589
95.1496,-0.349473,2.6360099999999997
95.2283,-0.162879,2.10165
95.3129,-0.00968333,1.5185
95.4007,0.09719680000000001,0.9168700000000001
95.5039,0.15579300000000001,0.221842
95.645,0.122029,-0.69107
95.7546,0.00953463,-1.35463
95.8642,-0.173028,-1.96813
95.9737,-0.419166,-2.50793
96.0384,-0.589982,-2.76283
96.0932,-0.7457779999999999,-2.91296
96.1409,-0.8863840000000001,-2.97012
96.1886,-1.02758,-2.9334
96.2277,-1.14019,-2.81527
96.2667,-1.2464,-2.60426
96.3012,-1.33162,-2.3347
96.3356,-1.40619,-1.9852400000000001
96.37,-1.4674,-1.5601200000000002
96.4044,-1.51283,-1.06987
96.4343,-1.53793,-0.603851
96.4642,-1.54871,-0.11513
96.4941,-1.54474,0.38054499999999997
96.524,-1.52605,0.8669950000000001
96.5539,-1.49314,1.32901
96.5838,-1.44695,1.75363
96.6137,-1.3887399999999999,2.13103
96.6436,-1.3200399999999999,2.45502
96.6741,-1.24094,2.7276
96.7056,-1.15139,2.94913
96.7384,-1.05154,3.11941
96.773,-0.941343,3.23944
96.8099,-0.8204469999999999,3.3116199999999996
96.8497,-0.687894,3.33965
96.8935,-0.541637,3.3283099999999997
96.9432,-0.377325,3.2830800000000004
97.0027,-0.184352,3.2086
97.0874,0.0828972,3.09682
97.1794,0.362196,2.97497
97.2484,0.563678,2.8584099999999997
97.3047,0.720949,2.72074
97.361,0.868806,2.51998
97.4063,0.9781860000000001,2.29737
97.4516,1.07606,2.01099
97.4969,1.15943,1.6575900000000001
97.5358,1.21715,1.30367
97.5747,1.2603,0.9103889999999999
97.6136,1.28758,0.48926099999999995
97.6525,1.29818,0.0551851
97.6913,1.2919200000000002,-0.37506999999999996
97.7302,1.26928,-0.784723
97.7691,1.23136,-1.1588200000000002
97.80799999999999,1.1797799999999998,-1.48573
97.8469,1.11653,-1.7579200000000001
97.8858,1.04382,-1.97217
97.9246,0.9639049999999999,-2.1291
97.9652,0.8751700000000001,-2.23561
98.008,0.778043,-2.29157
98.0538,0.6729310000000001,-2.29707
98.1033,0.560116,-2.25212
98.1578,0.43968599999999997,-2.1556599999999997
98.2194,0.311404,-2.0036
98.2918,0.174202,-1.78358
98.3856,0.0221213,-1.45002
98.4978,-0.115531,-0.9930969999999999
98.6101,-0.19863,-0.478625
98.7223,-0.22107399999999996,0.086103
98.855,-0.162676,0.8012229999999999
98.9609,-0.046412,1.3969200000000002
99.0534,0.107341,1.9295099999999998
99.1458,0.31056300000000003,2.4637
99.2383,0.5620390000000001,2.96302
99.2988,0.74947,3.22716
99.3472,0.909432,3.3665199999999995
99.3892,1.0519100000000001,3.40695
99.4311,1.19404,3.3455
99.4656,1.30712,3.2005
99.5001,1.41353,2.95706
99.5305,1.4990299999999999,2.65464
99.5609,1.57407,2.26936
99.5913,1.6362,1.8063099999999999
99.6217,1.6832,1.2767700000000002
99.6481,1.71039,0.775699
99.6745,1.7239900000000001,0.251679
99.7009,1.72363,-0.27912600000000004
99.7273,1.70933,-0.799974
99.7538,1.6815799999999999,-1.29484
99.7802,1.64126,-1.74964
99.8066,1.58958,-2.15311
99.833,1.528,-2.49741
99.8598,1.4573,-2.78113
99.8873,1.37751,-3.00435
99.9159,1.2891,-3.1644799999999997
99.9459,1.19265,-3.25945
99.9776,1.08871,-3.28789
100.0,1.0151299999999999,-3.2692200000000002
