,x,xdot
1e-06,6.04e-10,0.000608
6e-06,3.744e-09,0.000647999
3.1e-05,2.24439e-08,0.000847993
0.000156,1.9094000000000001e-07,0.00184794
0.000781,2.9082e-06,0.00684713
0.003906,6.33456e-05,0.0318289
0.019531,0.00153449,0.156375
0.09765599999999999,0.0377971,0.7689600000000001
0.21544699999999997,0.180957,1.6525400000000001
0.33323800000000003,0.424221,2.46053
0.400631,0.603759,2.85569
0.454866,0.765778,3.10613
0.500997,0.912583,3.2448599999999996
0.547128,1.0636700000000001,3.2866699999999995
0.5838300000000001,1.18353,3.23025
0.620533,1.29961,3.07787
0.652414,1.39445,2.8580799999999997
0.684296,1.4809299999999999,2.55228
0.716178,1.55629,2.16103
0.744214,1.61127,1.75153
0.772251,1.6540099999999998,1.2899
0.800288,1.68323,0.7888
0.828324,1.69802,0.264007
0.856361,1.6979799999999998,-0.266727
0.8843979999999999,1.68318,-0.785139
0.912434,1.6542299999999999,-1.274
0.940471,1.61216,-1.71848
0.968508,1.55839,-2.1072
0.9965450000000001,1.4945899999999999,-2.4327099999999997
1.0245799999999998,1.4226,-2.69158
1.05352,1.34168,-2.8891299999999998
1.08376,1.25211,-3.02373
1.11564,1.15441,-3.09363
1.1496,1.04908,-3.0977900000000003
1.18623,0.936582,-3.0356400000000003
1.22633,0.817261,-2.90643
1.27115,0.691249,-2.70802
1.32289,0.558087,-2.4339
1.38648,0.41499300000000006,-2.0623299999999998
1.48319,0.24382399999999999,-1.47718
1.5799,0.128802,-0.905783
1.67661,0.0676025,-0.365858
1.7903799999999999,0.05979299999999999,0.21882100000000002
1.9323400000000002,0.13760799999999998,0.860073
2.04088,0.25408800000000004,1.27406
2.1301,0.380675,1.5530000000000002
2.2062,0.506108,1.73289
2.27267,0.624896,1.8309099999999998
2.33914,0.7478779999999999,1.85589
2.39292,0.8467370000000001,1.8091099999999998
2.44671,0.9412159999999999,1.69157
2.49375,1.01711,1.5251
2.5407900000000003,1.08374,1.29765
2.58783,1.13828,1.0123799999999998
2.6348700000000003,1.1782,0.677654
2.67596,1.1995,0.35526399999999997
2.71705,1.20718,0.0169637
2.75814,1.20085,-0.324378
2.79924,1.18066,-0.655894
2.84033,1.14724,-0.9660270000000001
2.88142,1.10169,-1.24561
2.92252,1.04538,-1.48854
2.96489,0.9777170000000001,-1.6976799999999999
3.00889,0.8990610000000001,-1.8706599999999998
3.055,0.8094859999999999,-2.00739
3.10387,0.70872,-2.10966
3.15639,0.595881,-2.18123
3.21392,0.468933,-2.22789
3.2787800000000002,0.32338,-2.2579599999999997
3.35586,0.148347,-2.2835099999999997
3.45961,-0.0906047,-2.3252
3.56892,-0.347725,-2.37845
3.6545300000000003,-0.5524479999999999,-2.397
3.71695,-0.7014640000000001,-2.3692900000000003
3.77109,-0.828011,-2.29635
3.8252300000000004,-0.9489780000000001,-2.1604200000000002
3.87026,-1.04261,-1.98878
3.9153,-1.1272,-1.7580099999999999
3.9603300000000004,-1.20004,-1.46728
3.9992699999999997,-1.2515399999999999,-1.17117
4.03822,-1.29082,-0.8410350000000001
4.07717,-1.31675,-0.48744799999999994
4.11611,-1.32866,-0.123649
4.15506,-1.32644,0.23569299999999999
4.19401,-1.31055,0.575952
4.23295,-1.28199,0.884
4.2719,-1.24224,1.1493799999999998
4.31085,-1.1931100000000001,1.3650200000000001
4.3497900000000005,-1.1366100000000001,1.52739
4.39016,-1.07251,1.63916
4.4326099999999995,-1.00148,1.6975799999999999
4.4778199999999995,-0.9244690000000001,1.6993599999999998
4.52671,-0.8425950000000001,1.64078
4.58066,-0.757178,1.51641
4.64216,-0.669805,1.31574
4.71762,-0.581767,1.00865
4.81074,-0.507839,0.570921
4.8929,-0.47790600000000005,0.154611
4.97506,-0.482749,-0.273279
5.05722,-0.52274,-0.6985239999999999
5.13938,-0.597004,-1.10435
5.22154,-0.70303,-1.46689
5.3036900000000005,-0.835888,-1.75035
5.36632,-0.950098,-1.88255
5.41868,-1.0499,-1.9159400000000002
5.47104,-1.14923,-1.8621900000000002
5.51369,-1.2263899999999999,-1.7451
5.5563400000000005,-1.29708,-1.55831
5.59898,-1.35833,-1.30308
5.63525,-1.40089,-1.0373700000000001
5.67151,-1.4331200000000002,-0.735178
5.70777,-1.4539,-0.407465
5.74403,-1.46252,-0.0674802
5.78029,-1.45882,0.270336
5.81656,-1.4431200000000002,0.591648
5.8528199999999995,-1.41626,0.8835139999999999
5.88908,-1.37952,1.13543
5.92534,-1.33449,1.33999
5.96161,-1.2829700000000002,1.49309
5.99913,-1.2248299999999999,1.5963200000000002
6.03866,-1.16054,1.6464400000000001
6.08096,-1.09085,1.63883
6.12714,-1.0165799999999998,1.56751
6.1793,-0.938351,1.4220899999999999
6.2428300000000005,-0.855507,1.1749100000000001
6.3142,-0.783454,0.836038
6.3772199999999994,-0.741065,0.506093
6.440230000000001,-0.719912,0.164492
6.50325,-0.7202930000000001,-0.175217
6.566269999999999,-0.741697,-0.500726
6.6292800000000005,-0.782841,-0.799535
6.69371,-0.8431049999999999,-1.06293
6.761410000000001,-0.92269,-1.27516
6.8350100000000005,-1.02204,-1.4048100000000001
6.89163,-1.10227,-1.41495
6.94097,-1.17079,-1.35066
6.990310000000001,-1.2343600000000001,-1.21422
7.0328,-1.28243,-1.03978
7.07529,-1.32205,-0.8173779999999999
7.117780000000001,-1.35133,-0.55543
7.16027,-1.36885,-0.265849
7.2027600000000005,-1.37374,0.0368565
7.24525,-1.36576,0.336978
7.287739999999999,-1.34535,0.6192380000000001
7.33023,-1.31358,0.87035
7.372719999999999,-1.2719799999999999,1.0802
7.415210000000001,-1.22246,1.24245
7.4577,-1.16711,1.35458
7.5009,-1.10704,1.41805
7.546810000000001,-1.04139,1.4336799999999998
7.59668,-0.970576,1.39768
7.652480000000001,-0.8949739999999999,1.30382
7.718939999999999,-0.8135899999999999,1.13688
7.7961800000000006,-0.734899,0.894116
7.87343,-0.676144,0.624626
7.95067,-0.6385609999999999,0.34884
8.02791,-0.622021,0.08197760000000001
8.10516,-0.62536,-0.16409200000000002
8.1824,-0.646574,-0.379246
8.26372,-0.685183,-0.561908
8.35303,-0.7419899999999999,-0.6978
8.44234,-0.807399,-0.752339
8.515830000000001,-0.8621969999999999,-0.728164
8.589319999999999,-0.9128139999999999,-0.638491
8.65092,-0.9485459999999999,-0.514462
8.71252,-0.975389,-0.35104
8.77413,-0.991158,-0.156625
8.83573,-0.9942790000000001,0.0575769
8.89734,-0.9839209999999999,0.278789
8.95894,-0.9600479999999999,0.494313
9.020539999999999,-0.9233610000000001,0.693196
9.08215,-0.8751479999999999,0.8675219999999999
9.14375,-0.81707,1.0130299999999999
9.20535,-0.750942,1.12907
9.26915,-0.675849,1.2206700000000001
9.33717,-0.590264,1.29186
9.41111,-0.492593,1.34691
9.49363,-0.379475,1.39294
9.59029,-0.24246399999999999,1.44251
9.72043,-0.04960030000000001,1.52647
9.83434,0.129798,1.62778
9.95018,0.325342,1.74953
10.066,0.53455,1.8550900000000001
10.14,0.673108,1.8832900000000001
10.2026,0.790601,1.8612900000000001
10.2652,0.9049229999999999,1.7791400000000002
10.315999999999999,0.9923629999999999,1.6576099999999998
10.3667,1.0722399999999999,1.48064
10.4175,1.1417,1.24689
10.4605,1.19036,1.00705
10.5036,1.22799,0.735682
10.5467,1.25342,0.44233500000000003
10.5898,1.26595,0.13911700000000002
10.6328,1.26545,-0.160439
10.6759,1.2523799999999998,-0.44277
10.719000000000001,1.22774,-0.695671
10.762,1.19302,-0.9094200000000001
10.8051,1.15006,-1.07745
10.8482,1.10091,-1.1965
10.8931,1.0453700000000001,-1.26826
10.9407,0.984231,-1.28881
10.9922,0.9185620000000001,-1.25296
11.0494,0.849514,-1.15278
11.1166,0.777817,-0.970125
11.193,0.713654,-0.700136
11.2694,0.671928,-0.386417
11.3459,0.655216,-0.048363800000000005
11.4223,0.66473,0.297315
11.4987,0.700435,0.634338
11.5751,0.760991,0.9444299999999999
11.6515,0.843515,1.20509
11.7279,0.9431930000000001,1.38831
11.7939,1.0376299999999998,1.45938
11.8481,1.11668,1.44189
11.9024,1.19269,1.34622
11.947000000000001,1.24978,1.2063700000000002
11.9915,1.29942,1.01301
12.0361,1.3393700000000002,0.7722100000000001
12.075,1.3648200000000001,0.531188
12.114,1.38049,0.271418
12.1529,1.38585,0.00399754
12.1919,1.38085,-0.259263
12.2308,1.3658700000000001,-0.506866
12.2697,1.34172,-0.728601
12.3087,1.3095700000000001,-0.9163180000000001
12.3476,1.27088,-1.06439
12.3879,1.22563,-1.17275
12.4302,1.17449,-1.2367299999999999
12.4753,1.11822,-1.25128
12.5244,1.05754,-1.2100799999999998
12.5802,0.99279,-1.10195
12.6448,0.927371,-0.9128379999999999
12.7149,0.872215,-0.6537270000000001
12.7755,0.840108,-0.402264
12.8362,0.8236479999999999,-0.13978
12.8968,0.823134,0.12174000000000001
12.9575,0.838169,0.371178
13.0181,0.8676879999999999,0.597618
13.0795,0.9105260000000001,0.7918810000000001
13.1433,0.96621,0.943801
13.2132,1.0359200000000002,1.03572
13.2831,1.1088799999999999,1.03433
13.3374,1.16333,0.9623139999999999
13.3916,1.2121600000000001,0.8276700000000001
13.4378,1.24679,0.66751
13.4839,1.27319,0.471963
13.53,1.2899200000000002,0.250342
13.5761,1.29606,0.014257800000000001
13.6222,1.29121,-0.22343200000000002
13.6684,1.27562,-0.449924
13.7145,1.25006,-0.653758
13.7606,1.21581,-0.825865
13.8067,1.1744700000000001,-0.960189
13.8528,1.1278700000000002,-1.05382
13.9005,1.0761399999999999,-1.10784
13.9515,1.0192,-1.12036
14.0072,0.95744,-1.08692
14.0709,0.890749,-0.999481
14.1451,0.821896,-0.849076
14.2266,0.760779,-0.646746
14.3081,0.7169810000000001,-0.427278
14.3895,0.6911390000000001,-0.20851
14.470999999999998,0.682606,-0.00442299
14.5525,0.689712,0.173699
14.6339,0.709943,0.316352
14.718,0.74116,0.417728
14.8094,0.782069,0.466617
14.9007,0.824291,0.44586899999999996
14.9772,0.855957,0.37438
15.0537,0.8803780000000001,0.257346
15.120999999999999,0.893323,0.12266099999999999
15.1884,0.8964209999999999,-0.03352569999999999
15.2558,0.888531,-0.201925
15.3231,0.869158,-0.372857
15.3905,0.8384360000000001,-0.537488
15.4579,0.797037,-0.68889
15.5252,0.746013,-0.822729
15.5941,0.685174,-0.939837
15.6664,0.613456,-1.04231
15.7434,0.529616,-1.1327399999999999
15.8271,0.43121000000000004,-1.21642
15.9211,0.312822,-1.30322
16.0337,0.159993,-1.4134
16.165,-0.035322000000000006,-1.5679299999999998
16.2683,-0.20464200000000002,-1.71154
16.3716,-0.389257,-1.8599599999999998
16.475,-0.588013,-1.9769400000000001
16.5423,-0.722444,-2.0068099999999998
16.6004,-0.8386,-1.98213
16.6585,-0.951541,-1.89342
16.7063,-1.03914,-1.76207
16.7541,-1.11907,-1.57215
16.8019,-1.18849,-1.3227200000000001
16.8428,-1.23737,-1.06602
16.8836,-1.2750700000000001,-0.776008
16.9244,-1.3004200000000001,-0.462646
16.9652,-1.3127,-0.138481
17.0061,-1.31177,0.182506
17.0469,-1.29803,0.486289
17.0877,-1.27247,0.760204
17.1285,-1.23651,0.994084
17.1694,-1.19194,1.18096
17.2102,-1.14078,1.31723
17.2525,-1.08295,1.40467
17.2973,-1.0191,1.44
17.3453,-0.9502229999999999,1.4187100000000001
17.398,-0.8774350000000001,1.33456
17.458,-0.8018350000000001,1.17591
17.5301,-0.725897,0.9187120000000001
17.6114,-0.665082,0.5709069999999999
17.6821,-0.636339,0.237975
17.7529,-0.63168,-0.107314
17.8237,-0.651515,-0.45188500000000004
17.8945,-0.695322,-0.782189
17.9653,-0.761545,-1.08225
18.0361,-0.847359,-1.33192
18.1128,-0.957247,-1.51619
18.1735,-1.0515,-1.57467
18.2249,-1.13215,-1.54893
18.2763,-1.20949,-1.44496
18.3193,-1.26857,-1.29528
18.3623,-1.3200100000000001,-1.09007
18.4052,-1.36154,-0.8353889999999999
18.4429,-1.38829,-0.579486
18.4806,-1.40498,-0.303279
18.5183,-1.41104,-0.0181888
18.555999999999997,-1.40639,0.26355500000000004
18.5937,-1.39137,0.529968
18.6314,-1.36676,0.7703300000000001
18.6691,-1.3337299999999999,0.9759899999999999
18.7068,-1.2937,1.14088
18.7456,-1.24688,1.26449
18.7862,-1.19382,1.34289
18.8292,-1.13524,1.37135
18.8757,-1.07189,1.3443
18.9275,-1.0043799999999998,1.2533299999999998
18.9893,-0.9319440000000001,1.0775700000000001
19.0578,-0.866648,0.8220200000000001
19.1262,-0.8203379999999999,0.526568
19.1947,-0.795,0.21238400000000002
19.2631,-0.791287,-0.102648
19.3315,-0.808703,-0.40250199999999997
19.4,-0.845676,-0.671543
19.4684,-0.899544,-0.8934030000000001
19.5368,-0.966484,-1.05059
19.6094,-1.04615,-1.12685
19.6687,-1.11269,-1.10741
19.7204,-1.1681,-1.02506
19.7721,-1.21765,-0.8815129999999999
19.8171,-1.2536100000000001,-0.710467
19.8621,-1.28103,-0.503151
19.907,-1.2984799999999999,-0.269031
19.952,-1.30501,-0.0199134
19.997,-1.30024,0.231111
20.042,-1.2843799999999999,0.470974
20.087,-1.25821,0.6879430000000001
20.132,-1.2229700000000001,0.8726870000000001
20.177,-1.1802700000000002,1.01891
20.2219,-1.1319299999999999,1.12353
20.2683,-1.07813,1.1877
20.3177,-1.01878,1.2099799999999998
20.3713,-0.9543159999999999,1.18656
20.4315,-0.8849600000000001,1.11154
20.504,-0.809181,0.969915
20.5854,-0.738261,0.7686390000000001
20.6667,-0.684737,0.5456840000000001
20.748,-0.649576,0.319758
20.8294,-0.632419,0.105001
20.9107,-0.631895,-0.08765389999999999
20.991999999999997,-0.645835,-0.24931199999999998
21.0779,-0.673126,-0.378017
21.1733,-0.713651,-0.461046
21.2686,-0.758777,-0.473499
21.3509,-0.796112,-0.42455
21.4332,-0.827183,-0.321968
21.5042,-0.8457370000000001,-0.19528900000000002
21.5752,-0.8542549999999999,-0.040700099999999996
21.6462,-0.8510770000000001,0.132455
21.7172,-0.8352510000000001,0.313773
21.7882,-0.806562,0.49320600000000003
21.8592,-0.7654529999999999,0.662447
21.9302,-0.712861,0.815937
22.0012,-0.6500090000000001,0.9512889999999999
22.0752,-0.575028,1.0736700000000001
22.1538,-0.48603599999999997,1.18692
22.2394,-0.37969,1.29772
22.3359,-0.248619,1.41861
22.4528,-0.07381239999999999,1.57565
22.5632,0.109301,1.7445700000000002
22.6756,0.315834,1.93023
22.7881,0.542465,2.09259
22.8568,0.688471,2.14739
22.9151,0.813862,2.1433299999999997
22.9734,0.937162,2.07238
23.0205,1.03209,1.95357
23.0675,1.1199700000000001,1.77152
23.109,1.1892399999999999,1.55546
23.1506,1.24848,1.28901
23.1921,1.2957,0.978118
23.2336,1.32926,0.633181
23.2752,1.3480299999999998,0.268487
23.3118,1.35191,-0.05563869999999999
23.3483,1.34408,-0.36995
23.3849,1.3251,-0.66297
23.4215,1.29596,-0.924773
23.4581,1.25793,-1.14768
23.4958,1.21105,-1.33144
23.5348,1.1562,-1.4698
23.5756,1.09423,-1.5582
23.6187,1.02605,-1.59257
23.665,0.952641,-1.56861
23.7157,0.875144,-1.48071
23.7729,0.794745,-1.31893
23.8425,0.711754,-1.05564
23.9232,0.6410560000000001,-0.689404
24.0038,0.601592,-0.285082
24.0844,0.59551,0.13527999999999998
24.1651,0.623333,0.552801
24.2457,0.68405,0.947519
24.3264,0.7748520000000001,1.29413
24.406999999999996,0.890545,1.55829
24.4729,0.997909,1.6821599999999999
24.5264,1.0888200000000001,1.7014799999999999
24.58,1.17849,1.6333799999999998
24.6233,1.2467700000000002,1.50777
24.6666,1.30821,1.31766
24.7099,1.3600700000000001,1.06666
24.7471,1.3950200000000001,0.809729
24.7842,1.41985,0.5233979999999999
24.8214,1.43367,0.218925
24.8585,1.43604,-0.0908116
24.8956,1.4270200000000002,-0.392423
24.9328,1.40715,-0.673193
24.9699,1.37742,-0.9221590000000001
25.006999999999998,1.3391600000000001,-1.1309
25.0442,1.29399,-1.29396
25.0823,1.24227,-1.41123
25.1222,1.1843299999999999,-1.47996
25.1648,1.12086,-1.49561
25.2109,1.05265,-1.4525700000000001
25.2625,0.980266,-1.3419299999999998
25.3247,0.902758,-1.14039
25.394000000000002,0.833325,-0.8544209999999999
25.4633,0.785187,-0.530061
25.5326,0.760212,-0.18942
25.601999999999997,0.758879,0.14924300000000001
25.6713,0.7804800000000001,0.469624
25.7406,0.82319,0.75554
25.8099,0.884027,0.9895370000000001
25.8792,0.958733,1.1523700000000001
25.9514,1.04514,1.22468
26.0079,1.11406,1.1991
26.0645,1.1793,1.09443
26.1107,1.22674,0.949931
26.1569,1.26633,0.756305
26.2031,1.29599,0.521351
26.2493,1.31405,0.256626
26.2896,1.3195,0.0126991
26.3299,1.3150600000000001,-0.23236500000000002
26.3702,1.3009,-0.468077
26.4105,1.27759,-0.684893
26.4508,1.24606,-0.874951
26.4918,1.2068299999999998,-1.0348700000000002
26.534000000000002,1.1603,-1.16105
26.5781,1.10701,-1.24956
26.6247,1.04754,-1.29684
26.6746,0.982484,-1.29941
26.7295,0.9123180000000001,-1.25321
26.7919,0.8370489999999999,-1.15121
26.8672,0.75656,-0.978836
26.9531,0.682341,-0.744224
27.039,0.6290819999999999,-0.49476899999999996
27.125,0.597173,-0.250046
27.2109,0.5855670000000001,-0.0242289
27.2968,0.5921569999999999,0.171905
27.3841,0.614438,0.331574
27.479,0.65208,0.450825
27.5766,0.6993119999999999,0.5049899999999999
27.6742,0.748163,0.483231
27.7532,0.7837189999999999,0.40895
27.8321,0.811501,0.287215
27.9111,0.828024,0.125384
27.9801,0.831068,-0.0400729
28.0491,0.8221959999999999,-0.218567
28.118000000000002,0.8008350000000001,-0.4007
28.186999999999998,0.767034,-0.577986
28.256,0.721368,-0.743927
28.3261,0.66378,-0.8969600000000001
28.3988,0.5933149999999999,-1.03814
28.4754,0.508587,-1.1696600000000001
28.5578,0.406898,-1.29682
28.649,0.282506,-1.43003
28.7555,0.121958,-1.58945
28.8856,-0.098695,-1.80595
28.9829,-0.28281100000000003,-1.9803
29.0801,-0.48353500000000005,-2.1415599999999997
29.1538,-0.644606,-2.2253700000000003
29.2137,-0.778824,-2.24408
29.2662,-0.8959719999999999,-2.20495
29.3188,-1.0093299999999998,-2.09745
29.3628,-1.09845,-1.94491
29.4067,-1.17949,-1.7299400000000003
29.4507,-1.24969,-1.45207
29.4886,-1.29945,-1.1658899999999999
29.5266,-1.33766,-0.844046
29.5645,-1.36315,-0.497122
29.6024,-1.37522,-0.138319
29.6403,-1.37368,0.217698
29.6783,-1.35893,0.556217
29.7162,-1.33188,0.8639040000000001
29.7541,-1.29393,1.12996
29.791999999999998,-1.2468,1.3468799999999999
29.8299,-1.19245,1.51062
29.8691,-1.13097,1.6230200000000001
29.9102,-1.06283,1.68172
29.954,-0.988924,1.68294
30.0014,-0.9102899999999999,1.62216
30.054000000000002,-0.8281209999999999,1.49253
30.1148,-0.743554,1.2797100000000001
30.19,-0.659304,0.950566
30.2713,-0.5983109999999999,0.543817
30.3526,-0.571643,0.109697
30.4339,-0.58067,-0.331473
30.5151,-0.625207,-0.760877
30.5964,-0.70344,-1.15646
30.6777,-0.811469,-1.48821
30.759,-0.9425020000000001,-1.7145599999999999
30.8163,-1.0431700000000002,-1.78266
30.8654,-1.1306,-1.76394
30.9145,-1.2151399999999999,-1.6631900000000002
30.9558,-1.28086,-1.51071
30.9971,-1.339,-1.2965200000000001
31.0384,-1.38711,-1.02557
31.0744,-1.41921,-0.750186
31.1105,-1.44088,-0.448588
31.1465,-1.45138,-0.132517
31.1826,-1.45041,0.185004
31.2186,-1.43818,0.49078299999999997
31.2547,-1.4153200000000001,0.772596
31.2907,-1.38289,1.02017
31.3268,-1.34228,1.22585
31.3628,-1.29508,1.3849200000000002
31.4004,-1.24072,1.49918
31.4399,-1.18002,1.5634299999999999
31.482,-1.11376,1.5730000000000002
31.5278,-1.04273,1.52229
31.579,-0.967535,1.40238
31.6407,-0.8872680000000001,1.18993
31.7103,-0.814617,0.8885649999999999
31.7799,-0.764421,0.549132
31.8496,-0.738512,0.194182
31.9192,-0.7373149999999999,-0.157967
31.9888,-0.760065,-0.491065
32.0584,-0.804875,-0.7888930000000001
32.128,-0.868684,-1.03368
32.1977,-0.9471139999999999,-1.20543
32.27,-1.03783,-1.2836
32.3258,-1.1091600000000001,-1.26034
32.3816,-1.17696,-1.15683
32.4273,-1.22674,-1.0113
32.473,-1.26867,-0.814578
32.5188,-1.30057,-0.574164
32.5645,-1.32069,-0.301523
32.6043,-1.3277,-0.0495913
32.644,-1.3246,0.20498200000000003
32.6838,-1.31151,0.45141099999999995
32.7235,-1.28895,0.67975
32.7633,-1.25781,0.88169
32.8035,-1.21878,1.05285
32.8449,-1.17222,1.1901899999999999
32.888000000000005,-1.1186399999999999,1.28977
32.9334,-1.0586200000000001,1.3480299999999998
32.9818,-0.9927450000000001,1.3616700000000002
33.0346,-0.9215549999999999,1.3271
33.0939,-0.845308,1.2389700000000001
33.1648,-0.762732,1.0838299999999998
33.2478,-0.681805,0.859902
33.3309,-0.620466,0.615866
33.4139,-0.579529,0.371298
33.4969,-0.558425,0.14013599999999998
33.58,-0.5555979999999999,-0.06739060000000001
33.6667,-0.569653,-0.250221
33.7603,-0.600475,-0.39969699999999997
33.8617,-0.646522,-0.495983
33.9632,-0.698481,-0.515018
34.047,-0.740097,-0.46879
34.1307,-0.775501,-0.36730999999999997
34.204,-0.797879,-0.237538
34.2773,-0.809555,-0.0766
34.3506,-0.808573,0.10613099999999999
34.4239,-0.793729,0.29990500000000003
34.4972,-0.764606,0.49412799999999996
34.5705,-0.721511,0.679945
34.6438,-0.665298,0.851432
34.717,-0.597128,1.00614
34.7935,-0.514588,1.15065
34.8751,-0.414886,1.2905
34.9647,-0.292707,1.43546
35.0678,-0.136141,1.60405
35.1919,0.0763442,1.8247
35.2893,0.26314899999999997,2.01028
35.3868,0.467765,2.18458
35.4614,0.634638,2.28031
35.5212,0.772221,2.30735
35.5735,0.8922370000000001,2.27494
35.6257,1.00881,2.1728099999999997
35.6693,1.1004,2.02373
35.7128,1.18412,1.8102900000000002
35.7564,1.2571,1.5313
35.7938,1.30912,1.24269
35.8312,1.3496,0.915966
35.8686,1.3773,0.561531
35.906,1.39143,0.192619
35.9434,1.39172,-0.17582799999999998
35.9808,1.37847,-0.5286029999999999
36.0182,1.3525399999999999,-0.8517110000000001
36.0556,1.31526,-1.13362
36.093,1.26835,-1.36609
36.1305,1.21374,-1.54447
36.1686,1.15219,-1.6695099999999998
36.2086,1.08379,-1.7406400000000002
36.2511,1.00934,-1.7544
36.2969,0.9298420000000001,-1.7066700000000001
36.3473,0.8464459999999999,-1.59165
36.4047,0.760387,-1.39838
36.4755,0.671855,-1.0943100000000001
36.5594,0.597333,-0.6735760000000001
36.6334,0.5622060000000001,-0.272771
36.7074,0.557229,0.138855
36.7814,0.582681,0.54738
36.8554,0.637803,0.9380879999999999
36.9294,0.7206229999999999,1.29235
37.0034,0.8275459999999999,1.58456
37.0746,0.947883,1.7751099999999997
37.1299,1.04813,1.8373599999999999
37.1781,1.1364100000000001,1.81493
37.2263,1.22167,1.7103400000000002
37.266999999999996,1.28829,1.55356
37.3077,1.34725,1.33428
37.3483,1.39609,1.05741
37.3839,1.4288100000000001,0.775684
37.4195,1.45098,0.467045
37.4551,1.46187,0.143349
37.4907,1.46116,-0.182224
37.5263,1.4490399999999999,-0.49628999999999995
37.5619,1.42612,-0.786412
37.5975,1.39347,-1.0421
37.6331,1.35245,-1.25549
37.6687,1.30467,-1.42172
37.7057,1.24965,-1.54244
37.7445,1.18815,-1.61281
37.7859,1.12095,-1.62828
37.8306,1.04882,-1.5836
37.8805,0.9724520000000001,-1.47078
37.9393,0.8915290000000001,-1.27116
38.0076,0.814462,-0.9760110000000001
38.0759,0.759103,-0.639879
38.1442,0.727453,-0.28520700000000004
38.2126,0.720147,0.0701168
38.2809,0.736697,0.41068000000000005
38.3492,0.775584,0.721534
38.4175,0.8342379999999999,0.986516
38.4858,0.908912,1.18724
38.5602,1.0024899999999999,1.30879
38.6187,1.07959,1.31666
38.6696,1.1453,1.2519200000000001
38.7205,1.20593,1.11714
38.7644,1.2514100000000001,0.946049
38.8084,1.28835,0.72924
38.8523,1.31492,0.47534899999999997
38.8962,1.3297299999999999,0.1963
38.9401,1.3319999999999999,-0.0936558
38.984,1.3215700000000001,-0.379342
39.0279,1.2989600000000001,-0.646267
39.0719,1.26526,-0.8820969999999999
39.1158,1.22207,-1.07772
39.1597,1.1712799999999999,-1.22775
39.2036,1.11493,-1.33043
39.2489,1.0532299999999999,-1.3881700000000001
39.2971,0.9857319999999999,-1.40055
39.3497,0.912868,-1.36436
39.4086,0.834899,-1.27453
39.4787,0.750726,-1.11866
39.5622,0.66662,-0.891057
39.6457,0.602506,-0.643597
39.7292,0.559167,-0.396048
39.8127,0.536,-0.162232
39.8961,0.531421,0.047902099999999996
39.9847,0.5443060000000001,0.236438
40.0809,0.574982,0.392152
40.1845,0.6214569999999999,0.49299
40.288000000000004,0.6743939999999999,0.5156470000000001
40.3732,0.716854,0.47184499999999996
40.4584,0.7531869999999999,0.372235
40.5332,0.776407,0.242866
40.6079,0.7886989999999999,0.0812818
40.6827,0.787991,-0.10315899999999999
40.7575,0.7729729999999999,-0.299639
40.8322,0.743152,-0.49746599999999996
40.907,0.6987760000000001,-0.687714
40.9818,0.640653,-0.8644850000000001
41.0565,0.569901,-1.02548
41.1349,0.483498,-1.17848
41.2188,0.378155,-1.3297700000000001
41.3116,0.24720999999999999,-1.49106
41.4196,0.0759168,-1.68435
41.5272,-0.11646600000000001,-1.8924599999999998
41.6349,-0.331849,-2.10816
41.7426,-0.569236,-2.2908
41.8061,-0.716911,-2.34892
41.8607,-0.8452569999999999,-2.34477
41.9152,-0.9715370000000001,-2.26983
41.9596,-1.06962,-2.1434900000000003
42.0039,-1.1606299999999998,-1.94975
42.0482,-1.24147,-1.6848599999999998
42.0857,-1.29955,-1.40707
42.1232,-1.34637,-1.0855299999999999
42.1607,-1.38047,-0.729645
42.1981,-1.40078,-0.35224099999999997
42.2356,-1.40679,0.031452999999999995
42.2731,-1.39855,0.40525700000000003
42.3105,-1.37673,0.7536579999999999
42.348,-1.34255,1.06331
42.3855,-1.29766,1.3241
42.423,-1.24401,1.52975
42.4604,-1.18374,1.67773
42.4992,-1.1167,1.7710099999999998
42.5401,-1.04326,1.80765
42.583999999999996,-0.9643,1.7840099999999999
42.6318,-0.880907,1.69534
42.6852,-0.7943060000000001,1.53379
42.7481,-0.705559,1.28112
42.8266,-0.619557,0.90145
42.906000000000006,-0.564708,0.474112
42.9855,-0.544746,0.026592900000000003
43.0649,-0.560542,-0.42320100000000005
43.1444,-0.6116020000000001,-0.8579700000000001
43.2238,-0.695928,-1.25645
43.3033,-0.809525,-1.5888200000000001
43.3765,-0.934348,-1.80066
43.4323,-1.03715,-1.87487
43.4806,-1.12776,-1.8616400000000002
43.5289,-1.21574,-1.76455
43.5696,-1.28459,-1.61276
43.6102,-1.34595,-1.3963700000000001
43.6508,-1.39727,-1.11969
43.6862,-1.432,-0.8369030000000001
43.7216,-1.4561600000000001,-0.524944
43.757,-1.46895,-0.195622
43.7924,-1.46996,0.137737
43.8278,-1.45931,0.461413
43.8632,-1.43757,0.762482
43.8986,-1.40574,1.02988
43.934,-1.36517,1.2551700000000001
43.9694,-1.31746,1.43292
44.0058,-1.2626600000000001,1.5638100000000001
44.044,-1.2012399999999999,1.64442
44.0845,-1.13392,1.67045
44.1282,-1.06148,1.63699
44.1764,-0.9846590000000001,1.53708
44.2323,-0.903609,1.35629
44.2988,-0.82234,1.07522
44.3683,-0.759279,0.7347560000000001
44.4378,-0.720811,0.370737
44.5072,-0.707867,0.00276491
44.5767,-0.7201390000000001,-0.352794
44.6461,-0.756231,-0.680492
44.7156,-0.813645,-0.963816
44.7851,-0.8886569999999999,-1.18385
44.861000000000004,-0.9847030000000001,-1.32659
44.9205,-1.06474,-1.34884
44.972,-1.13309,-1.29453
45.0235,-1.19678,-1.1675
45.0675,-1.2447700000000002,-1.00152
45.1116,-1.28435,-0.787213
45.1557,-1.3135700000000001,-0.532808
45.1998,-1.3309,-0.250085
45.2438,-1.33541,0.0465044
45.2879,-1.32683,0.341262
45.332,-1.30558,0.61893
45.3761,-1.27272,0.866288
45.4201,-1.22981,1.0733700000000002
45.4642,-1.17878,1.23406
45.5083,-1.12175,1.34612
45.553000000000004,-1.05989,1.41124
45.6005,-0.9921709999999999,1.43106
45.6521,-0.918947,1.40275
45.7095,-0.8405590000000001,1.32196
45.7765,-0.756455,1.17924
45.8582,-0.668791,0.961327
45.9438,-0.597218,0.708771
46.0294,-0.54751,0.45359399999999994
46.115,-0.519187,0.21123899999999998
46.2006,-0.510667,-0.00751999
46.2905,-0.520424,-0.203059
46.3881,-0.548687,-0.366979
46.4939,-0.5940489999999999,-0.478084
46.5997,-0.647094,-0.5108739999999999
46.6872,-0.6906220000000001,-0.47458199999999995
46.7747,-0.728448,-0.380897
46.8514,-0.7530859999999999,-0.25514499999999996
46.9281,-0.76672,-0.09535260000000001
47.0048,-0.76708,0.08922739999999998
47.0815,-0.752676,0.287691
47.1583,-0.7228680000000001,0.489116
47.235,-0.677797,0.6843100000000001
47.3117,-0.6181989999999999,0.867186
47.3884,-0.545131,1.03541
47.4688,-0.455319,1.19736
47.5552,-0.34475300000000003,1.36057
47.6514,-0.20531100000000002,1.53882
47.7639,-0.0201262,1.75646
47.8657,0.169328,1.9674099999999999
47.9675,0.38049299999999997,2.1787
48.0693,0.6114890000000001,2.34629
48.1294,0.754134,2.3911599999999997
48.1817,0.879194,2.3740200000000002
48.2341,1.00156,2.2852200000000003
48.2773,1.09743,2.1459200000000003
48.3204,1.18585,1.93924
48.3636,1.26383,1.66252
48.4004,1.31982,1.3738
48.4372,1.36439,1.04274
48.474,1.39614,0.679289
48.5107,1.4141299999999999,0.296593
48.5475,1.41791,-0.0900474
48.5843,1.40765,-0.464638
48.6211,1.38406,-0.812064
48.6579,1.34839,-1.1194899999999999
48.6947,1.30231,-1.3773799999999998
48.7315,1.24774,-1.57992
48.7683,1.18677,-1.7249900000000002
48.8067,1.11856,-1.8163099999999999
48.8473,1.04389,-1.85047
48.8908,0.963678,-1.82378
48.9383,0.879027,-1.7315200000000002
48.9915,0.791158,-1.5659100000000001
49.0539,0.70116,-1.3088899999999999
49.1325,0.6131479999999999,-0.9208049999999999
49.2123,0.556884,-0.483727
49.2921,0.536439,-0.0267423
49.372,0.552662,0.43208900000000006
49.4518,0.605017,0.875345
49.5316,0.691444,1.28145
49.6115,0.807829,1.61978
49.6832,0.9321950000000001,1.8303599999999998
49.7384,1.0358,1.9063599999999998
49.7865,1.12741,1.89462
49.8345,1.2164700000000002,1.79843
49.8749,1.2863,1.64664
49.9153,1.34867,1.4293200000000001
49.9557,1.40099,1.15058
49.9909,1.43654,0.8652059999999999
50.0261,1.46149,0.549711
50.0612,1.47499,0.215927
50.0964,1.47662,-0.122723
50.1316,1.46646,-0.452354
50.1667,1.44506,-0.7598199999999999
50.2019,1.41341,-1.0338100000000001
50.2371,1.37285,-1.26562
50.2722,1.3249600000000001,-1.4496
50.3083,1.26999,-1.58602
50.3461,1.20832,-1.67205
50.3861,1.14063,-1.7034900000000002
50.4291,1.06771,-1.67563
50.4765,0.9902989999999999,-1.58198
50.5308,0.908744,-1.4099
50.5965,0.8248120000000001,-1.13514
50.6681,0.755926,-0.783641
50.7396,0.713302,-0.405194
50.8112,0.698058,-0.021570500000000003
50.8828,0.709912,0.349385
50.9543,0.74736,0.69099
51.0259,0.807675,0.985355
51.0974,0.886756,1.21176
51.1737,0.9852549999999999,1.3514700000000002
51.2323,1.06539,1.36934
51.2833,1.13402,1.31177
51.3342,1.19789,1.18184
51.378,1.24616,1.01292
51.4219,1.2859399999999999,0.795574
51.4657,1.31528,0.5380689999999999
51.5095,1.3326799999999999,0.252218
51.5533,1.33718,-0.0475029
51.5971,1.32854,-0.34537199999999996
51.6409,1.3071700000000002,-0.626107
51.6848,1.2741200000000001,-0.876468
51.7286,1.23095,-1.08646
51.7724,1.17959,-1.24996
51.8162,1.1221299999999998,-1.36468
51.8607,1.05975,-1.43236
51.9079,0.9914129999999999,-1.45469
51.958999999999996,0.9174829999999999,-1.4290100000000001
52.0158,0.8383290000000001,-1.3513
52.0817,0.7535729999999999,-1.21327
52.163000000000004,0.663424,-0.99835
52.251000000000005,0.586841,-0.73961
52.3391,0.533315,-0.477774
52.4271,0.502337,-0.229477
52.5151,0.49218900000000004,-0.00603652
52.607,0.501029,0.19178900000000002
52.7072,0.529036,0.357614
52.8148,0.5741350000000001,0.46813
52.9224,0.626967,0.5000439999999999
53.0113,0.670181,0.46312700000000007
53.1001,0.707561,0.369112
53.1785,0.731784,0.242393
53.2569,0.744676,0.08143020000000001
53.3353,0.7439020000000001,-0.10446300000000001
53.4138,0.727927,-0.304385
53.4922,0.696084,-0.507536
53.5706,0.648486,-0.704996
53.648999999999994,0.585825,-0.891094
53.7282,0.508214,-1.06576
53.8117,0.41206099999999996,-1.23725
53.9021,0.292104,-1.41508
54.0042,0.137454,-1.61674
54.1228,-0.0688416,-1.86525
54.2193,-0.259083,-2.0775099999999997
54.3158,-0.469449,-2.27642
54.3885,-0.639279,-2.3867599999999998
54.4469,-0.779989,-2.42394
54.4978,-0.9030440000000001,-2.39842
54.5487,-1.0230299999999999,-2.3005
54.591,-1.11751,-2.15243
54.6334,-1.20432,-1.9368599999999998
54.6757,-1.28052,-1.65185
54.711999999999996,-1.3351899999999999,-1.35534
54.7482,-1.3783299999999998,-1.0173299999999998
54.7845,-1.4086100000000001,-0.648093
54.8208,-1.42513,-0.261004
54.8571,-1.4275200000000001,0.12858699999999998
54.8933,-1.4159700000000002,0.504791
54.9296,-1.39124,0.85272
54.9659,-1.3546,1.15985
55.0021,-1.30771,1.4169399999999999
55.0384,-1.2524899999999999,1.61848
55.0747,-1.1909999999999998,1.76257
55.1128,-1.12195,1.85338
55.1531,-1.0463799999999999,1.88664
55.1963,-0.9652430000000001,1.85863
55.2434,-0.879632,1.76472
55.2961,-0.7907689999999999,1.5972600000000001
55.3579,-0.6997680000000001,1.33867
55.4364,-0.6097640000000001,0.945664
55.5167,-0.551523,0.499957
55.597,-0.53001,0.0341705
55.6773,-0.546081,-0.43333
55.7576,-0.599175,-0.884927
55.8378,-0.687184,-1.29871
55.9181,-0.805891,-1.6433200000000001
55.9889,-0.9302040000000001,-1.85415
56.0438,-1.03451,-1.93197
56.0916,-1.12696,-1.9216900000000001
56.1394,-1.2169299999999998,-1.82645
56.1796,-1.28758,-1.67482
56.2198,-1.35079,-1.45689
56.2601,-1.40396,-1.17659
56.2951,-1.44021,-0.88918
56.3301,-1.4658200000000001,-0.570846
56.365,-1.47993,-0.233429
56.4,-1.48209,0.109571
56.435,-1.4723600000000001,0.44413400000000003
56.47,-1.45127,0.756929
56.505,-1.4197799999999998,1.03643
56.54,-1.37924,1.27372
56.575,-1.33122,1.46296
56.6108,-1.27613,1.6040299999999998
56.6482,-1.2142700000000002,1.69462
56.6878,-1.14629,1.73063
56.7303,-1.07297,1.70747
56.777,-0.995086,1.61903
56.8302,-0.913077,1.45391
56.8952,-0.8270000000000001,1.18446
56.9689,-0.752737,0.821615
57.0331,-0.710889,0.480626
57.0973,-0.691206,0.13304000000000002
57.1614,-0.6936770000000001,-0.20799499999999999
57.2256,-0.717499,-0.5305810000000001
57.2909,-0.762091,-0.8276399999999999
57.3584,-0.826993,-1.08582
57.431000000000004,-0.9136549999999999,-1.28732
57.5051,-1.01344,-1.3855600000000001
57.5603,-1.08988,-1.37228
57.6154,-1.16331,-1.27586
57.6607,-1.21802,-1.1325100000000001
57.7059,-1.2649700000000001,-0.933594
57.7512,-1.30178,-0.685824
57.791000000000004,-1.32418,-0.43636199999999997
57.8307,-1.3362399999999999,-0.167606
57.8705,-1.33742,0.108981
57.9103,-1.3276299999999999,0.38140100000000005
57.9501,-1.30728,0.638195
57.9899,-1.27719,0.869433
58.0297,-1.23855,1.06746
58.0694,-1.19277,1.22728
58.1109,-1.13923,1.35065
58.1542,-1.07866,1.43311
58.2003,-1.01165,1.47149
58.2498,-0.938786,1.46291
58.3042,-0.860542,1.40405
58.3661,-0.776984,1.28918
58.4422,-0.685776,1.10105
58.5334,-0.59711,0.839965
58.6246,-0.532896,0.568896
58.7158,-0.493041,0.308361
58.8069,-0.47593100000000005,0.071814
58.8993,-0.47909300000000005,-0.133881
58.9995,-0.501738,-0.30954699999999996
59.1094,-0.543429,-0.436561
59.2194,-0.5948859999999999,-0.485863
59.3117,-0.639151,-0.462579
59.4041,-0.678493,-0.379512
59.4852,-0.704713,-0.2603
59.5663,-0.719712,-0.10409000000000002
59.6474,-0.720841,0.0800352
59.7285,-0.7062729999999999,0.281086
59.8096,-0.675093,0.487907
59.8907,-0.627233,0.691109
59.9718,-0.563258,0.884624
60.0529,-0.484063,1.06644
60.1389,-0.384475,1.2485600000000001
60.2325,-0.258583,1.4409999999999998
60.3387,-0.09376989999999999,1.6633799999999999
60.4587,0.12164100000000001,1.93022
60.5542,0.316279,2.14817
60.6496,0.53088,2.34134
60.7153,0.687898,2.42901
60.7706,0.8230860000000001,2.4488
60.8259,0.957456,2.3956
60.87,1.0609600000000001,2.2854799999999997
60.9141,1.1580700000000002,2.1045
60.9529,1.2354399999999999,1.88257
60.9916,1.3030700000000002,1.6013700000000002
61.0303,1.3587200000000001,1.26544
61.068999999999996,1.40046,0.884383
61.1029,1.42442,0.524563
61.1369,1.43593,0.153112
61.1708,1.43482,-0.216712
61.2047,1.42139,-0.5715640000000001
61.2386,1.39635,-0.899151
61.2726,1.3608,-1.18921
61.3065,1.31616,-1.43415
61.3413,1.26263,-1.63368
61.3773,1.2009,-1.78325
61.415,1.13173,-1.87878
61.4548,1.05596,-1.9166299999999998
61.4975,0.974526,-1.8931900000000002
61.5439,0.888491,-1.80404
61.5956,0.799057,-1.6420400000000002
61.6559,0.7074,-1.3914799999999998
61.7332,0.614442,-1.00439
61.8149,0.550775,-0.547958
61.8966,0.525475,-0.0691841
61.9784,0.539538,0.41226499999999994
62.0601,0.592438,0.8779440000000001
62.1418,0.6820039999999999,1.30504
62.2235,0.803824,1.66057
62.2937,0.928356,1.8727200000000002
62.3483,1.03328,1.9524
62.396,1.1264299999999998,1.94357
62.4436,1.21716,1.8493400000000002
62.4837,1.28849,1.69803
62.5238,1.3524100000000001,1.47975
62.5639,1.40629,1.19831
62.5988,1.4431200000000002,0.909341
62.6336,1.4693,0.588767
62.6685,1.4839200000000001,0.24843200000000001
62.7033,1.48654,-0.09810880000000001
62.7381,1.47718,-0.43672
62.773,1.45635,-0.7539170000000001
62.8078,1.4250200000000002,-1.03799
62.8427,1.3845100000000001,-1.27986
62.8775,1.33639,-1.4735
62.9131,1.28122,-1.61845
62.9502,1.2192100000000001,-1.7128599999999998
62.9895,1.151,-1.7527
63.0316,1.07738,-1.7334900000000002
63.0777,0.9991059999999999,-1.6494
63.1301,0.9167069999999999,-1.48991
63.1945,0.828901,-1.2249700000000001
63.2677,0.752119,-0.8654729999999999
63.3322,0.707325,-0.52175
63.3966,0.6850189999999999,-0.170206
63.4611,0.6852600000000001,0.175728
63.5255,0.707296,0.504074
63.5912,0.7505430000000001,0.8077479999999999
63.6589,0.814547,1.07365
63.7314,0.900544,1.28435
63.8062,1.00158,1.395
63.861999999999995,1.07962,1.3901700000000001
63.9177,1.15506,1.3005
63.9632,1.21128,1.16177
64.0087,1.2598799999999999,0.9659610000000001
64.0542,1.29839,0.7194010000000001
64.094,1.32216,0.470405
64.1338,1.3355700000000001,0.200632
64.1736,1.3380100000000001,-0.07845039999999999
64.2135,1.32936,-0.354707
64.2533,1.30996,-0.6164270000000001
64.2931,1.28061,-0.853351
64.3329,1.24245,-1.05746
64.3727,1.19692,-1.22343
64.4139,1.14371,-1.35228
64.457,1.0833899999999999,-1.4404
64.5026,1.01651,-1.48471
64.5515,0.943664,-1.48242
64.6052,0.865334,-1.43048
64.6658,0.781695,-1.32397
64.7387,0.691226,-1.14964
64.8281,0.599514,-0.8986049999999999
64.9174,0.530996,-0.6346930000000001
65.0068,0.48584700000000003,-0.37832899999999997
65.0962,0.462754,-0.142823
65.1883,0.459609,0.0685764
65.2879,0.476054,0.25318
65.4001,0.513189,0.397015
65.5122,0.562248,0.464454
65.6086,0.60711,0.45623100000000005
65.705,0.6481560000000001,0.385347
65.7891,0.6762130000000001,0.27458899999999997
65.8732,0.693227,0.12399400000000001
65.9573,0.696198,-0.0576322
66.0414,0.682971,-0.259257
66.1255,0.65235,-0.469395
66.2096,0.604052,-0.678203
66.2937,0.5384869999999999,-0.879236
66.3778,0.456433,-1.07034
66.467,0.352234,-1.26445
66.5647,0.218563,-1.47379
66.676,0.040944699999999994,-1.72003
66.7784,-0.14745899999999998,-1.9595799999999999
66.8809,-0.360673,-2.20036
66.9833,-0.596973,-2.3995
67.0438,-0.7441180000000001,-2.46297
67.096,-0.873066,-2.46089
67.1483,-1.00007,-2.38508
67.191,-1.0993600000000001,-2.25497
67.2337,-1.19163,-2.05465
67.2764,-1.27376,-1.78026
67.3125,-1.33304,-1.4915399999999999
67.3487,-1.38103,-1.15676
67.3848,-1.41622,-0.785415
67.421,-1.43753,-0.390548
67.4571,-1.44436,0.012283
67.4932,-1.43674,0.40644
67.5294,-1.4152799999999999,0.775846
67.5655,-1.3811200000000001,1.1065200000000002
67.6017,-1.33588,1.38772
67.6378,-1.28148,1.61256
67.67399999999999,-1.22002,1.77805
67.7111,-1.15183,1.88673
67.7501,-1.07695,1.9379400000000002
67.7918,-0.9961760000000001,1.92841
67.837,-0.9105200000000001,1.85408
67.887,-0.821147,1.7088
67.9445,-0.72929,1.48007
68.0167,-0.634764,1.12755
68.1034,-0.557501,0.647047
68.1786,-0.52537,0.204973
68.2539,-0.526818,-0.243344
68.3291,-0.5617840000000001,-0.6837770000000001
68.4043,-0.629101,-1.10049
68.4795,-0.726229,-1.4721
68.5583,-0.855023,-1.77935
68.6199,-0.9698,-1.93038
68.6712,-1.07025,-1.97429
68.7225,-1.17066,-1.92642
68.7641,-1.2487,-1.8107099999999998
68.8057,-1.32041,-1.6219700000000001
68.8474,-1.38275,-1.36129
68.8827,-1.42618,-1.0885799999999999
68.9181,-1.45925,-0.7769729999999999
68.9534,-1.48078,-0.437557
68.9888,-1.49001,-0.08382869999999999
69.0241,-1.48671,0.269402
69.0595,-1.47115,0.607332
69.0948,-1.44412,0.916484
69.1301,-1.40683,1.1858
69.1655,-1.36085,1.40737
69.2008,-1.30795,1.57665
69.2371,-1.24842,1.6947
69.2752,-1.1824299999999999,1.7596599999999998
69.3158,-1.11063,1.76747
69.3598,-1.03383,1.71318
69.4088,-0.952729,1.58924
69.4662,-0.8672340000000001,1.37848
69.5349,-0.783107,1.0628
69.6036,-0.722209,0.706325
69.6722,-0.686509,0.332167
69.7409,-0.676589,-0.0419207
69.8095,-0.691924,-0.401094
69.8782,-0.731004,-0.731112
69.9469,-0.791305,-1.0164
70.0182,-0.872475,-1.2458200000000001
70.0948,-0.9741549999999999,-1.38926
70.1528,-1.05571,-1.40855
70.2035,-1.126,-1.35215
70.2542,-1.1915799999999999,-1.2226700000000001
70.2979,-1.24146,-1.05282
70.3415,-1.2828,-0.833192
70.3852,-1.31361,-0.571859
70.4289,-1.33231,-0.280577
70.4726,-1.33789,0.0260726
70.5162,-1.33004,0.33210500000000004
70.5599,-1.30913,0.621851
70.6036,-1.27617,0.881625
70.6472,-1.23272,1.10099
70.6909,-1.1807,1.27346
70.7346,-1.12222,1.39648
70.7782,-1.05945,1.47099
70.8248,-0.990102,1.50108
70.875,-0.914889,1.48377
70.9305,-0.834257,1.41584
70.994,-0.748145,1.29131
71.0733,-0.653459,1.0905
71.1691,-0.5619270000000001,0.815713
71.265,-0.49716499999999997,0.536454
71.3609,-0.458524,0.273572
71.4568,-0.443755,0.0402348
71.5547,-0.449896,-0.158342
71.6633,-0.47659700000000005,-0.32306399999999996
71.7761,-0.519458,-0.424101
71.8889,-0.569343,-0.44657600000000003
71.9827,-0.609588,-0.40270900000000004
72.0764,-0.643088,-0.303171
72.1701,-0.6648430000000001,-0.153392
72.2638,-0.6705800000000001,0.036632300000000007
72.3576,-0.657139,0.253424
72.4513,-0.622694,0.48251499999999997
72.545,-0.566696,0.711619
72.6388,-0.48953800000000003,0.933299
72.7325,-0.392029,1.14618
72.8288,-0.271369,1.35999
72.9358,-0.11287799999999999,1.60146
73.0556,0.09586610000000001,1.88638
73.1507,0.28631599999999996,2.1196
73.2458,0.498325,2.3334200000000003
73.3146,0.663133,2.44521
73.3712,0.8026810000000001,2.4834099999999997
73.4207,0.92529,2.45695
73.4702,1.04482,2.35629
73.5116,1.13933,2.20402
73.5529,1.22614,1.9828299999999999
73.5943,1.30233,1.69094
73.6297,1.3571,1.38701
73.6652,1.4003,1.04074
73.7007,1.4306,0.662562
73.7362,1.44712,0.26602600000000004
73.7717,1.44946,-0.133339
73.8072,1.43781,-0.519454
73.8427,1.4129200000000002,-0.877231
73.8782,1.37602,-1.19393
73.9137,1.32875,-1.46013
73.9492,1.27302,-1.67012
73.9847,1.2108700000000001,-1.8218400000000001
74.0219,1.1411,-1.91955
74.0612,1.06466,-1.9591900000000002
74.1033,0.9824879999999999,-1.9372
74.1491,0.895623,-1.84927
74.2,0.805255,-1.6885700000000001
74.2591,0.712572,-1.44036
74.3355,0.6169,-1.05267
74.4183,0.548953,-0.583657
74.501,0.5209520000000001,-0.0910625
74.5838,0.533959,0.404361
74.6665,0.587425,0.8834709999999999
74.7493,0.679074,1.3226
74.832,0.804265,1.6872099999999999
74.9009,0.9284459999999999,1.8980700000000001
74.9551,1.03387,1.97849
75.0025,1.1276700000000002,1.9702
75.0498,1.21908,1.8760400000000002
75.0897,1.2910700000000002,1.72415
75.1296,1.35565,1.5046
75.1694,1.41018,1.22107
75.2041,1.44754,0.9296260000000001
75.2387,1.47422,0.6058979999999999
75.2734,1.48929,0.261761
75.308,1.4922799999999998,-0.08915419999999999
75.3426,1.4832,-0.432591
75.3773,1.46255,-0.754909
75.4119,1.43127,-1.0442200000000001
75.4466,1.39068,-1.2912700000000001
75.4812,1.34236,-1.48986
75.5165,1.28698,-1.6392400000000003
75.5533,1.2246700000000001,-1.73796
75.5922,1.15608,-1.7820900000000002
75.6338,1.08196,-1.7672700000000001
75.6793,1.0031,-1.68798
75.7307,0.9200809999999999,-1.53467
75.7932,0.8317209999999999,-1.28049
75.8656,0.75161,-0.9268280000000001
75.9379,0.698461,-0.539509
76.0102,0.673801,-0.142442
76.0825,0.6776399999999999,0.24573299999999998
76.1549,0.708734,0.608483
76.2272,0.764632,0.928622
76.2995,0.8415530000000001,1.1862
76.3782,0.9428190000000001,1.36765
76.4394,1.02844,1.4167
76.4918,1.10217,1.38237
76.5443,1.1721,1.2707600000000001
76.5887,1.2253100000000001,1.1146
76.6332,1.27037,0.9050389999999999
76.6776,1.30506,0.649317
76.722,1.3275700000000001,0.358793
76.7609,1.33627,0.0880015
76.7997,1.3343399999999999,-0.187053
76.8385,1.32184,-0.455064
76.8773,1.29924,-0.70549
76.9162,1.26741,-0.9294049999999999
76.955,1.22751,-1.12011
76.9951,1.1793200000000001,-1.27773
77.0367,1.1234899999999999,-1.39726
77.0803,1.0606,-1.47517
77.1267,0.991242,-1.5085899999999999
77.1767,0.915952,-1.49491
77.2318,0.835181,-1.43111
77.2945,0.7489399999999999,-1.3118299999999998
77.3717,0.654802,-1.1206200000000002
77.4666,0.560999,-0.852593
77.5616,0.493134,-0.578427
77.6565,0.45072399999999996,-0.318895
77.7514,0.43171800000000005,-0.0870044
77.8494,0.433403,0.114327
77.9578,0.455528,0.283803
78.0725,0.495105,0.394133
78.1871,0.542937,0.426832
78.28399999999999,0.583034,0.39097600000000005
78.3809,0.6168520000000001,0.297728
78.4778,0.639042,0.152198
78.5747,0.6449729999999999,-0.035828399999999996
78.6717,0.631158,-0.252913
78.7686,0.59549,-0.484513
78.8655,0.537191,-0.7183039999999999
78.9624,0.456449,-0.947024
79.0593,0.35385300000000003,-1.16971
79.1606,0.22364299999999998,-1.40107
79.2742,0.049456099999999996,-1.6686400000000001
79.3772,-0.13555,-1.9243
79.4802,-0.3472,-2.1821
79.5833,-0.583938,-2.40081
79.6446,-0.733763,-2.47775
79.6972,-0.864798,-2.48678
79.7499,-0.9944370000000001,-2.42119
79.7926,-1.09553,-2.29894
79.8354,-1.1899,-2.10518
79.8781,-1.27437,-1.8352400000000002
79.9141,-1.33545,-1.5496299999999998
79.9501,-1.3853600000000001,-1.2159799999999998
79.9861,-1.4225299999999999,-0.8434950000000001
80.0221,-1.4457799999999998,-0.445042
80.0581,-1.45445,-0.0362528
80.0941,-1.4484700000000001,0.365935
80.1301,-1.42838,0.744949
80.1661,-1.39529,1.08618
80.2021,-1.35077,1.3782299999999998
80.2381,-1.29674,1.6136
80.2741,-1.2353100000000001,1.78879
80.3107,-1.1674799999999999,1.9053900000000001
80.3492,-1.0929,1.96445
80.3901,-1.0122799999999998,1.9628700000000001
80.4344,-0.9266120000000001,1.89678
80.4833,-0.8370190000000001,1.7605
80.539,-0.744735,1.54302
80.6074,-0.650135,1.2124
80.6927,-0.566504,0.7401409999999999
80.7679,-0.527489,0.295554
80.843,-0.5223,-0.157687
80.9181,-0.5510470000000001,-0.6053
80.9933,-0.61275,-1.0320200000000002
81.0684,-0.7051270000000001,-1.41772
81.1459,-0.8280290000000001,-1.7415599999999998
81.2106,-0.947275,-1.92345
81.2633,-1.05061,-1.9878
81.3097,-1.14276,-1.9666400000000002
81.3562,-1.23199,-1.8609200000000001
81.3956,-1.3023799999999999,-1.69966
81.435,-1.3651,-1.47217
81.4744,-1.41761,-1.18274
81.5089,-1.45336,-0.886393
81.5433,-1.47833,-0.559525
81.5778,-1.49169,-0.214184
81.6122,-1.4930299999999999,0.135993
81.6467,-1.48243,0.476918
81.6811,-1.46043,0.795266
81.7156,-1.42803,1.0795700000000001
81.75,-1.38655,1.32101
81.7845,-1.3375700000000001,1.51384
81.8198,-1.2813299999999999,1.65845
81.8568,-1.2181799999999998,1.75205
81.8958,-1.1488,1.7905900000000001
81.9377,-1.07396,1.7696900000000002
81.9837,-0.99444,1.68363
82.0357,-0.9107729999999999,1.52224
82.0999,-0.82131,1.25496
82.1733,-0.7422380000000001,0.8905049999999999
82.2468,-0.691261,0.49455600000000005
82.3202,-0.669764,0.091284
82.3937,-0.677565,-0.300344
82.4671,-0.71318,-0.663199
82.5406,-0.77384,-0.979087
82.61399999999999,-0.8553350000000001,-1.22661
82.6923,-0.9584229999999999,-1.38665
82.7514,-1.0417,-1.41688
82.8028,-1.11354,-1.36881
82.8541,-1.1810100000000001,-1.24611
82.8981,-1.23241,-1.08128
82.9421,-1.2754,-0.865116
82.9861,-1.30789,-0.605341
83.0301,-1.3282,-0.313554
83.0689,-1.33511,-0.041385000000000005
83.1077,-1.33138,0.23315300000000003
83.1465,-1.31714,0.498863
83.1853,-1.29293,0.745462
83.2241,-1.25966,0.964397
83.2633,-1.21801,1.1514
83.3037,-1.16832,1.30339
83.3457,-1.1110799999999998,1.41658
83.3898,-1.04687,1.48769
83.4367,-0.9762350000000001,1.51397
83.4875,-0.899726,1.49288
83.5436,-0.817747,1.42131
83.6079,-0.730164,1.2934
83.6889,-0.633546,1.08894
83.7875,-0.53974,0.810126
83.8862,-0.47371800000000003,0.530111
83.9848,-0.43448400000000004,0.269733
84.0835,-0.41942299999999993,0.041786800000000006
84.1854,-0.42536999999999997,-0.150677
84.3004,-0.452358,-0.307249
84.4154,-0.493295,-0.39211599999999996
84.5304,-0.53959,-0.399723
84.6274,-0.576124,-0.344609
84.7243,-0.604661,-0.235469
84.8213,-0.620239,-0.0786857
84.9182,-0.618713,0.11531400000000001
85.0152,-0.597097,0.333503
85.1121,-0.553686,0.5629149999999999
85.2091,-0.487907,0.793639
85.306,-0.399909,1.021
85.4056,-0.28674299999999997,1.25214
85.515,-0.135801,1.51021
85.6364,0.0657485,1.81168
85.73200000000001,0.250678,2.05796
85.8276,0.45878199999999997,2.2909599999999997
85.9018,0.63431,2.43132
85.9601,0.778055,2.48881
86.0107,0.904015,2.47933
86.0613,1.02768,2.39493
86.103,1.12505,2.25617
86.1448,1.21517,2.04688
86.1866,1.29501,1.76403
86.2221,1.3526200000000002,1.4673100000000001
86.2577,1.39885,1.12541
86.2933,1.43225,0.748267
86.3288,1.45181,0.349168
86.3644,1.4570100000000001,-0.056249099999999996
86.4,1.44793,-0.451459
86.4355,1.42521,-0.8206530000000001
86.4711,1.3900299999999999,-1.1502
86.5067,1.34399,-1.42975
86.5423,1.2889899999999999,-1.65275
86.5778,1.22712,-1.81647
86.6146,1.1582,-1.9240599999999999
86.6533,1.08255,-1.97375
86.6946,1.00101,-1.96218
86.7394,0.914573,-1.88527
86.7891,0.8244,-1.7368400000000002
86.8461,0.731696,-1.5042799999999998
86.9179,0.636193,-1.1467200000000002
87.00399999999999,0.55805,-0.660977
87.079,0.525201,-0.21335199999999999
87.1539,0.5262100000000001,0.24005
87.2289,0.560978,0.685072
87.3038,0.628305,1.1059
87.3788,0.725626,1.48117
87.4576,0.8554370000000001,1.79293
87.5189,0.9704219999999999,1.9454
87.5699,1.07122,1.9904099999999998
87.62100000000001,1.17204,1.9432599999999998
87.6625,1.2504899999999999,1.8276700000000001
87.7039,1.3226200000000001,1.6385299999999998
87.7454,1.38539,1.37683
87.7806,1.42917,1.10275
87.8158,1.46258,0.789257
87.851,1.48442,0.447454
87.8862,1.4939200000000001,0.0908735
87.9214,1.49082,-0.26560300000000003
87.9567,1.47539,-0.607065
87.9919,1.44841,-0.919911
88.0271,1.41108,-1.19295
88.0623,1.36497,-1.41815
88.0975,1.31184,-1.59087
88.1336,1.2520799999999999,-1.712
88.1714,1.18579,-1.78
88.2117,1.11363,-1.79093
88.2554,1.03639,-1.7399900000000001
88.3038,0.9547760000000001,-1.62006
88.3602,0.868859,-1.4155799999999998
88.4284,0.782636,-1.1042299999999998
88.4984,0.717855,-0.741284
88.5684,0.67928,-0.35918
88.6384,0.667565,0.023227599999999998
88.7085,0.682176,0.390415
88.7785,0.721535,0.727634
88.8485,0.78299,1.01876
88.9208,0.86551,1.2508
88.9978,0.9681860000000001,1.39415
89.0557,1.04988,1.4128
89.1065,1.12043,1.3561
89.1572,1.18626,1.22644
89.20100000000001,1.2363899999999999,1.0562
89.2447,1.27796,0.836045
89.2885,1.30894,0.5739989999999999
89.3322,1.32775,0.28181100000000003
89.376,1.33338,-0.0259302
89.4198,1.32549,-0.333219
89.4635,1.30445,-0.624359
89.5073,1.27129,-0.885634
89.551,1.2275399999999999,-1.10659
89.5948,1.17513,-1.28074
89.6385,1.11618,-1.40554
89.6823,1.05283,-1.48195
89.7289,0.982843,-1.51421
89.7792,0.906877,-1.4996
89.8346,0.825376,-1.4352200000000002
89.8977,0.73833,-1.31596
89.9753,0.643313,-1.12604
90.0718,0.547435,-0.858203
90.1683,0.477837,-0.585712
90.2648,0.433879,-0.329388
90.3613,0.413337,-0.102016
90.4617,0.41335600000000006,0.0950753
90.5738,0.433806,0.25947
90.6908,0.47084899999999996,0.36135
90.8078,0.515355,0.386266
90.9081,0.5524859999999999,0.344283
91.0084,0.582521,0.24541300000000002
91.1087,0.60001,0.0954615
91.2091,0.600301,-0.0954314
91.3094,0.5799340000000001,-0.314108
91.4097,0.536806,-0.5471189999999999
91.51,0.47004399999999996,-0.78398
91.6103,0.379564,-1.01966
91.7136,0.261776,-1.26216
91.8274,0.1026,-1.5366
91.9362,-0.079532,-1.81277
92.0451,-0.29231399999999996,-2.09706
92.1539,-0.535039,-2.35311
92.2194,-0.692792,-2.45817
92.2743,-0.82899,-2.49087
92.3227,-0.9491709999999999,-2.45825
92.3712,-1.06602,-2.35071
92.4119,-1.15876,-2.19162
92.4527,-1.24363,-1.96367
92.4934,-1.31778,-1.66579
92.5285,-1.3709799999999999,-1.35636
92.5636,-1.41257,-1.00563
92.5988,-1.44127,-0.624332
92.6339,-1.45623,-0.226179
92.669,-1.4571399999999999,0.173301
92.7041,-1.44423,0.55819
92.7393,-1.4182700000000001,0.913687
92.7744,-1.3805399999999999,1.2274100000000001
92.8095,-1.33265,1.49027
92.8446,-1.27651,1.6968900000000002
92.8802,-1.2133200000000002,1.84696
92.9173,-1.14286,1.94153
92.9565,-1.06582,1.9775
92.9985,-0.9830969999999999,1.95133
93.0442,-0.895739,1.85863
93.0952,-0.80492,1.69228
93.1546,-0.711777,1.43659
93.2313,-0.6164189999999999,1.04014
93.3126,-0.550652,0.573117
93.3938,-0.523868,0.0843207
93.4751,-0.536999,-0.40636700000000003
93.5563,-0.589461,-0.880531
93.6376,-0.679037,-1.31549
93.7188,-0.801299,-1.67845
93.7885,-0.926373,-1.8963599999999998
93.8428,-1.03219,-1.9805
93.8903,-1.1263100000000001,-1.9749299999999999
93.9377,-1.2181600000000001,-1.88297
93.9776,-1.2904799999999998,-1.73262
94.0175,-1.35544,-1.51414
94.0573,-1.41038,-1.23111
94.09200000000001,-1.44807,-0.939868
94.1266,-1.47508,-0.6158819999999999
94.1612,-1.4904700000000002,-0.271004
94.1958,-1.49376,0.08111389999999999
94.2304,-1.48494,0.42616099999999996
94.2651,-1.4645,0.7504109999999999
94.2997,-1.43336,1.04187
94.3343,-1.3928399999999999,1.2911700000000002
94.3689,-1.3445200000000002,1.4920200000000001
94.4041,-1.28916,1.6433900000000001
94.4408,-1.22684,1.7441799999999998
94.4796,-1.1582,1.7905
94.521,-1.08398,1.7780599999999998
94.5663,-1.00496,1.7014799999999999
94.6173,-0.92176,1.55161
94.679,-0.8334159999999999,1.30372
94.7509,-0.7518819999999999,0.954391
94.8229,-0.696886,0.570677
94.8948,-0.6700050000000001,0.176378
94.9668,-0.6713140000000001,-0.2101
95.0388,-0.699667,-0.57267
95.1107,-0.752761,-0.8948510000000001
95.1827,-0.827025,-1.15765
95.2605,-0.925276,-1.34886
95.3232,-1.0123799999999998,-1.41149
95.3767,-1.08752,-1.3872799999999998
95.4302,-1.15927,-1.28411
95.4751,-1.21385,-1.13445
95.5201,-1.26045,-0.9299229999999999
95.565,-1.29674,-0.677396
95.61,-1.3208,-0.388011
95.649,-1.3307200000000001,-0.11829
95.68799999999999,-1.32996,0.157082
95.727,-1.31853,0.42672899999999997
95.7661,-1.29687,0.679937
95.8051,-1.2658,0.907536
95.8441,-1.2264700000000002,1.1025399999999999
95.8842,-1.17885,1.2643799999999998
95.9258,-1.1235,1.38862
95.9694,-1.061,1.47179
96.0156,-0.9918879999999999,1.51106
96.0654,-0.916724,1.50396
96.12,-0.83596,1.44777
96.1817,-0.749695,1.33804
96.2563,-0.656267,1.1624
96.3499,-0.559167,0.9075610000000001
96.4436,-0.48653,0.6442829999999999
96.5372,-0.438104,0.39318200000000003
96.6309,-0.412103,0.16702899999999998
96.7294,-0.405929,-0.0349435
96.8381,-0.419634,-0.20771599999999998
96.956,-0.451937,-0.328121
97.0739,-0.49403,-0.37296399999999996
97.1776,-0.531882,-0.34725500000000004
97.2812,-0.563928,-0.261369
97.3849,-0.58415,-0.120353
97.4885,-0.587302,0.0660686
97.5921,-0.569346,0.284573
97.6958,-0.527698,0.520997
97.7994,-0.461133,0.7639060000000001
97.9031,-0.369336,1.0075
98.009,-0.249371,1.2580200000000001
98.1258,-0.0859832,1.54303
98.2328,0.093874,1.8184900000000002
98.3399,0.303749,2.10071
98.447,0.542766,2.3529400000000003
98.5119,0.699047,2.4561900000000003
98.5665,0.834412,2.48735
98.6212,0.9695370000000001,2.4434
98.6647,1.07387,2.33887
98.7082,1.1720899999999999,2.16148
98.7464,1.25052,1.9411
98.7845,1.3193700000000002,1.65946
98.8226,1.37636,1.3208600000000001
98.8608,1.41951,0.934717
98.8941,1.4446299999999999,0.569534
98.9274,1.4573200000000002,0.19101400000000002
98.9607,1.45736,-0.18746
98.9941,1.44497,-0.552295
99.0274,1.4208399999999999,-0.89085
99.0607,1.38601,-1.1924299999999999
99.0941,1.34186,-1.449
99.1281,1.28884,-1.65924
99.1632,1.22751,-1.8194
99.1999,1.15859,-1.9254
99.2387,1.0829,-1.97357
99.28,1.00134,-1.96035
99.3249,0.9149149999999999,-1.88162
99.3747,0.824784,-1.73102
99.4319,0.732132,-1.4955100000000001
99.5045,0.636418,-1.13137
99.5892,0.5606270000000001,-0.6515850000000001
99.6638,0.52859,-0.20480500000000001
99.7385,0.530187,0.247309
99.8131,0.565287,0.690619
99.8877,0.632666,1.1093
99.9624,0.729733,1.482
100.0,0.7885949999999999,1.6432200000000001
