,x,xdot
1e-06,6.04e-10,0.000608
6e-06,3.744e-09,0.000648
3.1e-05,2.2444000000000002e-08,0.000848
0.000156,1.90944e-07,0.001848
0.000781,2.90844e-06,0.00684799
0.003906,6.33705e-05,0.0318476
0.019531,0.00153746,0.156829
0.09765599999999999,0.0381624,0.780137
0.195966,0.15306199999999998,1.55469
0.294277,0.343003,2.30261
0.39258699999999996,0.603456,2.97621
0.44833199999999995,0.778226,3.2804
0.494784,0.9349959999999999,3.4544699999999997
0.5353439999999999,1.07675,3.5196099999999997
0.5759029999999999,1.21904,3.4764699999999995
0.609332,1.3332600000000001,3.34073
0.642762,1.44123,3.10079
0.672249,1.52839,2.7961099999999997
0.7017369999999999,1.60527,2.40318
0.731225,1.6693,1.92678
0.7607119999999999,1.7181799999999998,1.37802
0.786317,1.7468599999999999,0.85611
0.811922,1.7617900000000002,0.30717
0.837527,1.7625,-0.252261
0.863132,1.7489299999999999,-0.804879
0.8887370000000001,1.7214900000000002,-1.33395
0.914342,1.68095,-1.8246
0.939947,1.62848,-2.26474
0.9655520000000001,1.56548,-2.6457900000000003
0.991157,1.4935399999999999,-2.9628200000000002
1.01759,1.41163,-3.22148
1.04503,1.3204,-3.41805
1.07371,1.2202899999999999,-3.55076
1.10396,1.1116700000000002,-3.6189699999999996
1.13619,0.994812,-3.62287
1.17093,0.869801,-3.5631
1.20897,0.736437,-3.44014
1.2515,0.593959,-3.2530900000000003
1.30062,0.44033,-2.99668
1.36119,0.269225,-2.65037
1.44946,0.0583005,-2.12737
1.5377399999999999,-0.10643299999999999,-1.60594
1.62957,-0.22928400000000002,-1.07094
1.7370700000000001,-0.311246,-0.456538
1.8568099999999998,-0.32622399999999996,0.199594
1.9569900000000002,-0.280357,0.708758
2.05717,-0.185838,1.16963
2.15735,-0.0477505,1.5784799999999999
2.25753,0.128679,1.93468
2.34681,0.313666,2.19984
2.41915,0.47901499999999997,2.36152
2.48068,0.627109,2.44092
2.5349,0.759919,2.44671
2.58911,0.890948,2.37175
2.63422,0.9950959999999999,2.23323
2.6793299999999998,1.09123,2.01519
2.72444,1.17563,1.7125099999999998
2.76289,1.2354399999999999,1.38879
2.80134,1.28172,1.0106700000000002
2.8397900000000003,1.31259,0.588831
2.87823,1.32663,0.13808499999999999
2.91668,1.3230600000000001,-0.323972
2.95513,1.3018100000000001,-0.778888
2.99358,1.26348,-1.20947
3.03202,1.2093,-1.60166
3.0704700000000003,1.14094,-1.94582
3.10892,1.06036,-2.23719
3.14737,0.969591,-2.47567
3.18646,0.8688950000000001,-2.66779
3.22756,0.7559140000000001,-2.8224400000000003
3.2715099999999997,0.629047,-2.94507
3.31941,0.485519,-3.04288
3.37313,0.319723,-3.1261
3.43646,0.119085,-3.20975
3.5188699999999997,-0.149881,-3.31762
3.60828,-0.45152600000000004,-3.4242800000000004
3.66765,-0.65599,-3.45517
3.7162599999999997,-0.8234819999999999,-3.4245
3.75898,-0.968044,-3.3313
3.8017,-1.1069,-3.15367
3.83765,-1.2164,-2.92417
3.8736099999999998,-1.31618,-2.61233
3.90956,-1.4032200000000001,-2.21483
3.94061,-1.4657799999999999,-1.80532
3.97166,-1.5147700000000002,-1.34196
4.0027099999999995,-1.54869,-0.8367049999999999
4.03376,-1.56646,-0.305415
4.06482,-1.56758,0.23338299999999998
4.09587,-1.55209,0.7602220000000001
4.12692,-1.52068,1.25658
4.15797,-1.47454,1.7065700000000001
4.189019999999999,-1.41531,2.09822
4.22007,-1.3449200000000001,2.42406
4.251119999999999,-1.26548,2.68114
4.28217,-1.1791200000000002,2.8705
4.31456,-1.08388,3.00035
4.348669999999999,-0.980151,3.07024
4.3849800000000005,-0.8683129999999999,3.08019
4.4240900000000005,-0.74862,3.0304599999999997
4.466880000000001,-0.6211409999999999,2.92077
4.51462,-0.485626,2.74899
4.56951,-0.34116199999999997,2.50788
4.63623,-0.184754,2.17497
4.73785,0.00829143,1.61595
4.83946,0.142101,1.01055
4.94108,0.2123,0.364956
5.05305,0.21161300000000002,-0.38216500000000003
5.19641,0.0864067,-1.36779
5.284269999999999,-0.0605727,-1.9782099999999998
5.3752699999999995,-0.269282,-2.6069
5.46627,-0.533982,-3.1993099999999997
5.52568,-0.734064,-3.52285
5.57258,-0.903867,-3.70414
5.61298,-1.05528,-3.7772300000000003
5.65337,-1.20759,-3.7431900000000002
5.68626,-1.32884,-3.6153699999999995
5.71914,-1.4441899999999999,-3.38175
5.74801,-1.5377,-3.0810400000000002
5.77687,-1.62119,-2.68811
5.80574,-1.6920400000000002,-2.20607
5.83461,-1.7477900000000002,-1.6446599999999998
5.85949,-1.78214,-1.1094899999999999
5.88438,-1.8027400000000002,-0.541691
5.90926,-1.80897,0.04214469999999999
5.93415,-1.80066,0.624164
5.95903,-1.77807,1.18664
5.9839199999999995,-1.7419,1.7132900000000002
6.0088,-1.6932099999999999,2.19047
6.03369,-1.63337,2.6078900000000003
6.05857,-1.56397,2.9590400000000003
6.083880000000001,-1.4853100000000001,3.2452799999999997
6.11002,-1.39742,3.46655
6.13725,-1.30074,3.62077
6.1658599999999995,-1.19575,3.70654
6.1962,-1.08286,3.7231699999999996
6.22872,-0.962469,3.67038
6.2640400000000005,-0.834823,3.54775
6.303059999999999,-0.700005,3.3536
6.34722,-0.557732,3.0829299999999997
6.39919,-0.40675700000000004,2.7215700000000003
6.4661,-0.241265,2.22045
6.55713,-0.07124119999999999,1.51211
6.6481699999999995,0.0337561,0.79399
6.748239999999999,0.07366560000000001,0.00435714
6.8856399999999995,0.000630334,-1.06233
6.98216,-0.137099,-1.78709
7.07868,-0.343204,-2.4750099999999997
7.16265,-0.574037,-3.0075
7.218210000000001,-0.749279,-3.28818
7.26483,-0.9066209999999999,-3.44675
7.30571,-1.04894,-3.50107
7.346589999999999,-1.1914,-3.44967
7.38041,-1.30597,-3.30876
7.41423,-1.41406,-3.06525
7.44805,-1.51207,-2.71126
7.47653,-1.584,-2.32672
7.50502,-1.6439,-1.8679299999999999
7.5335,-1.6897900000000001,-1.34481
7.56198,-1.7200400000000002,-0.772403
7.59046,-1.7335,-0.169917
7.61895,-1.72964,0.440767
7.64743,-1.7085299999999999,1.03711
7.675910000000001,-1.6709,1.59804
7.704389999999999,-1.61801,2.1058
7.73287,-1.5515700000000001,2.54727
7.761360000000001,-1.47361,2.91459
7.789839999999999,-1.38628,3.20507
7.81832,-1.29175,3.42047
7.847460000000001,-1.18974,3.5686699999999996
7.8781,-1.07892,3.65469
7.910710000000001,-0.959153,3.6799199999999996
7.945869999999999,-0.8302129999999999,3.6460000000000004
7.984369999999999,-0.691429,3.55475
8.0275,-0.541191,3.40708
8.07756,-0.375671,3.20034
8.14051,-0.18307400000000001,2.91675
8.2268,0.0514871,2.5203599999999997
8.313080000000001,0.25199,2.12718
8.40392,0.42623900000000003,1.70668
8.48161,0.544305,1.32959
8.559289999999999,0.632255,0.931264
8.63697,0.688558,0.516478
8.70369,0.711024,0.157629
8.77041,0.709832,-0.190434
8.83714,0.686148,-0.514467
8.90386,0.641967,-0.80325
8.97058,0.57991,-1.0494700000000001
9.0373,0.502934,-1.25039
9.10402,0.41403599999999996,-1.40733
9.174380000000001,0.310469,-1.52972
9.2499,0.191331,-1.61868
9.33378,0.052933900000000006,-1.67399
9.43574,-0.11886300000000001,-1.68612
9.52497,-0.267862,-1.6446900000000002
9.6142,-0.410616,-1.5438399999999999
9.68702,-0.518369,-1.40672
9.759830000000001,-0.614062,-1.21139
9.83265,-0.693249,-0.953009
9.89649,-0.7454770000000001,-0.675667
9.96033,-0.7786420000000001,-0.35725
10.0242,-0.790449,-0.0087815
10.088,-0.7794260000000001,0.355482
10.1519,-0.7450439999999999,0.7206060000000001
10.2157,-0.687674,1.07388
10.2795,-0.608359,1.4071799999999999
10.3434,-0.5084810000000001,1.7181400000000002
10.4094,-0.38506599999999996,2.01936
10.4803,-0.230852,2.32882
10.5591,-0.0339449,2.66827
10.6452,0.21203400000000003,3.04169
10.7314,0.48971000000000003,3.3965
10.7908,0.697545,3.5911
10.838,0.869331,3.68044
10.8789,1.0202799999999999,3.6825900000000003
10.9198,1.1694200000000001,3.58724
10.9535,1.28778,3.4165699999999997
10.9873,1.39879,3.14902
11.020999999999999,1.4990299999999999,2.77663
11.0495,1.57265,2.3795900000000003
11.078,1.6339299999999999,1.9117
11.1065,1.6809900000000002,1.3828
11.1349,1.71228,0.8077979999999999
11.1634,1.7267599999999999,0.20572600000000002
11.1919,1.72395,-0.401762
11.2204,1.70403,-0.992384
11.2489,1.66777,-1.54531
11.2774,1.6165100000000001,-2.043
11.3059,1.5520100000000001,-2.47247
11.3344,1.4763600000000001,-2.8259
11.3629,1.39175,-3.10051
11.3913,1.30043,-3.29791
11.4206,1.20202,-3.42544
11.4513,1.09565,-3.4862800000000003
11.484000000000002,0.981567,-3.48041
11.5192,0.8601110000000001,-3.4076
11.5577,0.73153,-3.26709
11.6005,0.595881,-3.0561599999999998
11.6496,0.45283,-2.76716
11.7086,0.30083200000000004,-2.37847
11.7907,0.129246,-1.79705
11.8812,-0.00325406,-1.12539
11.9755,-0.07550470000000001,-0.404985
12.0893,-0.07121430000000001,0.48251700000000003
12.1886,0.0154678,1.26229
12.2779,0.15925599999999998,1.95805
12.3671,0.36445,2.63422
12.4564,0.627606,3.24436
12.5092,0.806912,3.52961
12.5534,0.966835,3.6883
12.5922,1.11105,3.73924
12.6309,1.2552,3.68051
12.663,1.37116,3.53001
12.6951,1.48063,3.27358
12.7272,1.58005,2.90329
12.7543,1.6533200000000001,2.5022
12.7813,1.71468,2.02448
12.8083,1.7622,1.48017
12.8354,1.79427,0.884437
12.8624,1.80975,0.256739
12.8895,1.80807,-0.380659
12.9165,1.78928,-1.00464
12.9435,1.75405,-1.59331
12.9706,1.7036,-2.12792
12.9976,1.63959,-2.59422
13.0247,1.564,-2.98314
13.0517,1.47899,-3.2908699999999995
13.0787,1.38675,-3.51822
13.1062,1.28797,-3.67138
13.1349,1.18105,-3.7563
13.1654,1.06606,-3.7733199999999996
13.1981,0.943218,-3.72266
13.2338,0.812592,-3.6044
13.2732,0.6739350000000001,-3.4175
13.3181,0.5263359999999999,-3.15753
13.3714,0.367046,-2.81012
13.4431,0.183305,-2.3135
13.5268,0.0143951,-1.7211
13.6114,-0.10592599999999999,-1.1225100000000001
13.7083,-0.18173,-0.444025
13.8337,-0.183452,0.410602
13.943,-0.0994232,1.11897
14.0524,0.0596445,1.7814900000000002
14.1618,0.288202,2.38618
14.2383,0.48518500000000003,2.75181
14.2981,0.656764,2.97581
14.3486,0.81047,3.09552
14.3931,0.949192,3.12406
14.4376,1.08713,3.05647
14.4746,1.19785,2.9102099999999997
14.5117,1.30144,2.67006
14.5487,1.39429,2.3294099999999998
14.58,1.46176,1.9623
14.6114,1.5166600000000001,1.52855
14.6428,1.55705,1.03854
14.6741,1.5813700000000002,0.507347
14.7055,1.58863,-0.046236599999999996
14.7368,1.57845,-0.601438
14.7682,1.55111,-1.13753
14.7996,1.5075,-1.6359
14.8309,1.44906,-2.0817
14.8623,1.3775899999999999,-2.46492
14.8936,1.2951700000000002,-2.78065
14.925,1.2039,-3.02874
14.9564,1.1058700000000001,-3.21294
14.9894,0.9973219999999999,-3.3451699999999995
15.0245,0.8783059999999999,-3.42666
15.0623,0.748175,-3.4605300000000003
15.1035,0.605401,-3.45105
15.1498,0.446759,-3.4031
15.2039,0.264886,-3.321
15.2739,0.0363874,-3.20223
15.3611,-0.23653600000000002,-3.0557
15.443,-0.48072,-2.90427
15.5034,-0.6517850000000001,-2.75656
15.5558,-0.791929,-2.58092
15.6082,-0.921299,-2.34274
15.6524,-1.01929,-2.08276
15.6966,-1.1045,-1.76365
15.7408,-1.1743,-1.3865299999999998
15.7797,-1.22107,-1.0125899999999999
15.8186,-1.2526899999999999,-0.609259
15.8575,-1.26825,-0.189605
15.8964,-1.26742,0.23110799999999998
15.9353,-1.25047,0.637059
15.9742,-1.21825,1.0136
16.0131,-1.17216,1.3487200000000001
16.0519,-1.11398,1.63406
16.0908,-1.04575,1.8652400000000002
16.1297,-0.9696,2.0415799999999997
16.1704,-0.883799,2.16998
16.2132,-0.789112,2.2491
16.2586,-0.685978,2.27902
16.3076,-0.574635,2.26009
16.3612,-0.45507600000000004,2.19205
16.4213,-0.32688,2.07242
16.4908,-0.1887,1.89264
16.578,-0.0351627,1.6224299999999998
16.6795,0.111398,1.25678
16.781,0.218214,0.839435
16.8825,0.28012,0.37256100000000003
16.9886,0.29173899999999997,-0.160021
17.1148,0.22935100000000003,-0.834182
17.2236,0.10591500000000001,-1.43668
17.3181,-0.0548841,-1.9709
17.4125,-0.266431,-2.5093099999999997
17.5069,-0.527925,-3.0194099999999997
17.5689,-0.7240000000000001,-3.2955099999999997
17.6177,-0.888711,-3.4424
17.6598,-1.03492,-3.48998
17.7019,-1.1811,-3.43591
17.7362,-1.29713,-3.2969800000000005
17.7706,-1.4067100000000001,-3.05865
17.8009,-1.4949700000000001,-2.75977
17.8312,-1.57289,-2.37597
17.8614,-1.63796,-1.91162
17.8917,-1.6878900000000001,-1.37739
17.9179,-1.71744,-0.8709129999999999
17.9441,-1.73334,-0.338803
17.9703,-1.73512,0.20271
17.9966,-1.7227700000000001,0.7366090000000001
18.0228,-1.6967,1.24641
18.049,-1.65775,1.71743
18.0752,-1.6070799999999998,2.1377599999999997
18.1015,-1.54615,2.4989
18.1277,-1.47659,2.79596
18.1548,-1.3974799999999998,3.03399
18.1829,-1.3095299999999999,3.20898
18.2123,-1.21333,3.31863
18.2434,-1.10943,3.36154
18.2765,-0.9983420000000001,3.33682
18.3122,-0.8805790000000001,3.24358
18.3514,-0.756606,3.08012
18.3951,-0.62684,2.84242
18.4455,-0.49156000000000005,2.52053
18.5067,-0.350362,2.08759
18.5961,-0.193712,1.41327
18.6886,-0.0962461,0.691024
18.7873,-0.06652899999999999,-0.0894609
18.9025,-0.129379,-1.00009
18.9945,-0.254352,-1.7140099999999998
19.0864,-0.443679,-2.39394
19.1784,-0.692041,-2.98333
19.2306,-0.85456,-3.23177
19.275,-1.00136,-3.35987
19.3195,-1.15157,-3.3796199999999996
19.3549,-1.27027,-3.2956800000000004
19.3904,-1.38415,-3.10629
19.4212,-1.47613,-2.8470400000000002
19.4521,-1.55871,-2.49613
19.4829,-1.6290799999999999,-2.05591
19.5099,-1.67872,-1.6027200000000001
19.537,-1.71538,-1.09814
19.5641,-1.73783,-0.55657
19.5911,-1.74532,0.00470688
19.6182,-1.73757,0.566822
19.6453,-1.71481,1.11089
19.6723,-1.67776,1.6195700000000002
19.6994,-1.6275899999999999,2.07841
19.7265,-1.5658,2.47675
19.7535,-1.49413,2.8081099999999997
19.7806,-1.41442,3.07007
19.8084,-1.32619,3.2681
19.8374,-1.22933,3.4028300000000002
19.8679,-1.1241700000000001,3.47355
19.9004,-1.0110299999999999,3.48011
19.9354,-0.890125,3.4227800000000004
19.9736,-0.761455,3.30166
20.0162,-0.6246189999999999,3.11558
20.0651,-0.478322,2.85944
20.1246,-0.318463,2.51542
20.2153,-0.11506,1.9659400000000002
20.305999999999997,0.038322300000000004,1.4159899999999999
20.3993,0.14439000000000002,0.861135
20.5119,0.204538,0.21149600000000002
20.6395,0.18662,-0.483349
20.7507,0.101551,-1.03835
20.8619,-0.042205400000000004,-1.53825
20.973000000000003,-0.23815100000000003,-1.97498
21.053,-0.406926,-2.2351400000000003
21.1205,-0.563573,-2.39831
21.1784,-0.70491,-2.4755700000000003
21.2362,-0.8484510000000001,-2.4701400000000002
21.2826,-0.961306,-2.38786
21.3289,-1.06845,-2.22162
21.3693,-1.15402,-2.00006
21.4097,-1.22914,-1.70422
21.4502,-1.29083,-1.33683
21.4906,-1.33637,-0.906974
21.5254,-1.3609200000000001,-0.49813500000000005
21.5603,-1.3708200000000001,-0.0673912
21.5951,-1.36554,0.370386
21.6299,-1.34511,0.799936
21.6647,-1.31007,1.20709
21.6996,-1.2614100000000001,1.5801
21.7344,-1.20049,1.9105
21.7692,-1.12887,2.19354
21.805,-1.04609,2.43342
21.842,-0.952026,2.6309400000000003
21.881,-0.8464229999999999,2.7876
21.9223,-0.728585,2.90656
21.9669,-0.596965,2.9929200000000002
22.016,-0.44839799999999996,3.05387
22.0719,-0.276199,3.09936
22.1399,-0.0639393,3.14362
22.2299,0.22175999999999998,3.20414
22.3216,0.5177149999999999,3.24626
22.3777,0.699619,3.2267
22.4258,0.8533879999999999,3.1533
22.474,1.00185,3.0019099999999996
22.5132,1.11605,2.80372
22.5525,1.22096,2.5268599999999997
22.5917,1.31336,2.1655900000000003
22.6251,1.37962,1.79262
22.6585,1.43249,1.36525
22.6919,1.47033,0.8941290000000001
22.7253,1.4919,0.394185
22.7587,1.49654,-0.116529
22.7921,1.48421,-0.618594
22.8255,1.4555200000000001,-1.0932
22.8589,1.41167,-1.52403
22.8923,1.35435,-1.8986299999999998
22.9257,1.28556,-2.20917
22.9591,1.20753,-2.45248
22.9925,1.12248,-2.62951
23.026999999999997,1.02954,-2.74722
23.0634,0.928441,-2.80721
23.1021,0.8195110000000001,-2.80957
23.1439,0.70307,-2.75431
23.1897,0.5793020000000001,-2.64075
23.241,0.448161,-2.46597
23.3002,0.30911,-2.22127
23.3729,0.159859,-1.88037
23.4841,-0.017638099999999997,-1.3017
23.5953,-0.12773800000000002,-0.670077
23.7066,-0.165053,0.00549426
23.8436,-0.10476300000000001,0.880389
23.9368,0.00566222,1.49126
24.0248,0.16253199999999998,2.07362
24.1128,0.370448,2.6472700000000002
24.2008,0.627023,3.16762
24.255,0.8058420000000001,3.41738
24.3001,0.963319,3.54819
24.3397,1.10459,3.5778199999999996
24.3793,1.24502,3.5018199999999995
24.4121,1.35765,3.3407699999999996
24.445,1.46336,3.07843
24.4778,1.55869,2.7082
24.5056,1.62853,2.3115
24.5333,1.6863400000000002,1.84362
24.5611,1.7303099999999998,1.3151
24.5888,1.7589299999999999,0.741333
24.6166,1.77122,0.141585
24.6443,1.76675,-0.462513
24.6721,1.7457099999999999,-1.0488899999999999
24.6999,1.70888,-1.59704
24.7276,1.65757,-2.08973
24.7554,1.59351,-2.51421
24.7831,1.5187,-2.86278
24.8109,1.4353200000000002,-3.13263
24.8386,1.34552,-3.32525
24.8672,1.24858,-3.4479800000000003
24.8973,1.14391,-3.5028099999999998
24.9293,1.03186,-3.48924
24.9637,0.91284,-3.4066400000000003
25.0014,0.787235,-3.25378
25.0434,0.655299,-3.02747
25.0914,0.5170239999999999,-2.7195099999999996
25.1493,0.371469,-2.30746
25.23,0.209711,-1.6945700000000001
25.3191,0.08964810000000001,-0.997292
25.4123,0.030979400000000004,-0.262207
25.5229,0.050141399999999996,0.606784
25.6255,0.153086,1.3967100000000001
25.7281,0.335604,2.15402
25.8307,0.592344,2.8307900000000004
25.8877,0.762504,3.12827
25.9354,0.9161590000000001,3.29884
25.9771,1.05534,3.36231
26.0187,1.1950399999999999,3.3194199999999996
26.0531,1.30714,3.1858
26.0875,1.41293,2.9502099999999998
26.1178,1.49811,2.65157
26.1482,1.57293,2.26713
26.1785,1.63483,1.80197
26.2088,1.68154,1.2674299999999998
26.2352,1.7083400000000002,0.759677
26.2616,1.7213900000000002,0.227025
26.288,1.7202400000000002,-0.314183
26.3143,1.7048900000000002,-0.8469979999999999
26.3407,1.6757900000000001,-1.3552
26.3671,1.63376,-1.82454
26.3934,1.58,-2.2436599999999998
26.4198,1.51593,-2.60469
26.4465,1.44233,-2.90631
26.4739,1.3590799999999998,-3.1493599999999997
26.5024,1.26654,-3.33198
26.5323,1.16509,-3.45298
26.5638,1.05501,-3.5121900000000004
26.5975,0.936473,-3.5102300000000004
26.634,0.809373,-3.44824
26.6742,0.673195,-3.3271
26.7194,0.526559,-3.14615
26.7725,0.365925,-2.89938
26.8411,0.178681,-2.55728
26.9299,-0.0284002,-2.10893
27.0187,-0.195952,-1.6672200000000001
27.1157,-0.334546,-1.18992
27.2208,-0.432516,-0.676258
27.3258,-0.47698199999999996,-0.17369500000000002
27.4138,-0.47454700000000005,0.224221
27.5018,-0.438575,0.586569
27.5897,-0.372688,0.903008
27.6777,-0.281165,1.1691200000000002
27.7657,-0.168418,1.386
27.8562,-0.0347282,1.5616700000000001
27.9597,0.13489600000000002,1.7065
28.048000000000002,0.289234,1.7777599999999998
28.1255,0.427759,1.78898
28.203000000000003,0.564774,1.7357099999999999
28.2657,0.670651,1.63195
28.3283,0.7680279999999999,1.46308
28.391,0.85259,1.2224700000000002
28.4443,0.911005,0.960981
28.4976,0.954184,0.651935
28.5509,0.979824,0.30487800000000004
28.6042,0.986251,-0.06648689999999999
28.6575,0.972592,-0.446033
28.7108,0.938846,-0.81762
28.7641,0.88582,-1.16757
28.8174,0.814936,-1.48656
28.8707,0.7279760000000001,-1.7705799999999998
28.924,0.626795,-2.02074
28.9792,0.508808,-2.24972
29.0386,0.368669,-2.47154
29.1045,0.19806700000000002,-2.7026
29.1809,-0.0184966,-2.96653
29.2671,-0.28718899999999997,-3.26514
29.3533,-0.580623,-3.5294199999999996
29.4052,-0.76671,-3.6309199999999997
29.4494,-0.9277770000000001,-3.6499699999999997
29.4936,-1.08775,-3.5762699999999996
29.529,-1.21217,-3.42878
29.5645,-1.32972,-3.18646
29.5956,-1.42441,-2.8870299999999998
29.6267,-1.5084799999999998,-2.50333
29.6578,-1.57933,-2.0381400000000003
29.6889,-1.6345399999999999,-1.50078
29.7158,-1.6681099999999998,-0.990445
29.7427,-1.68755,-0.45194300000000004
29.7696,-1.6923,0.098541
29.7964,-1.68229,0.6437430000000001
29.8233,-1.65789,1.16672
29.8502,-1.6199,1.6522
29.8771,-1.5695,2.0876900000000003
29.904,-1.5081799999999999,2.46418
29.9309,-1.43759,2.77641
29.9584,-1.35741,3.02812
29.987,-1.26801,3.2175599999999998
30.0169,-1.1699,3.343
30.0483,-1.0635299999999999,3.40355
30.0819,-0.9493299999999999,3.39894
30.118000000000002,-0.8276309999999999,3.3290800000000003
30.1575,-0.698625,3.19329
30.2015,-0.562276,2.98893
30.2521,-0.41807,2.70818
30.3132,-0.264019,2.32839
30.4007,-0.085735,1.74144
30.491999999999997,0.044041500000000004,1.09605
30.5875,0.115427,0.395782
30.7025,0.111246,-0.47163999999999995
30.8064,0.021062099999999997,-1.26512
30.8959,-0.12274700000000001,-1.94785
30.9854,-0.327216,-2.61732
31.0749,-0.589688,-3.23293
31.13,-0.7769550000000001,-3.5414199999999996
31.1753,-0.941367,-3.7161699999999995
31.2146,-1.0891,-3.7816300000000003
31.2539,-1.2373399999999999,-3.73774
31.2862,-1.35614,-3.59986
31.3185,-1.46879,-3.35523
31.346999999999998,-1.5601,-3.0436799999999997
31.3754,-1.6412200000000001,-2.6402400000000004
31.4039,-1.7095900000000002,-2.14887
31.4324,-1.76283,-1.58004
31.456999999999997,-1.79518,-1.03788
31.4817,-1.81375,-0.464804
31.5063,-1.81798,0.122424
31.531,-1.8077400000000001,0.705966
31.5556,-1.78335,1.26827
31.5803,-1.7455200000000002,1.79338
31.6049,-1.69535,2.26803
31.6296,-1.6342,2.6823900000000003
31.6542,-1.56365,3.0303400000000003
31.6794,-1.48357,3.3148199999999997
31.7055,-1.39419,3.5343400000000003
31.7327,-1.2959399999999999,3.6868800000000004
31.7612,-1.18928,3.77121
31.7915,-1.07459,3.7869
31.824,-0.9521540000000001,3.73394
31.8594,-0.8221120000000001,3.61225
31.8985,-0.684327,3.42052
31.943,-0.5381,3.15405
31.9956,-0.381209,2.79829
32.0653,-0.203531,2.29546
32.1503,-0.035266399999999996,1.6665400000000001
32.2352,0.0794275,1.03512
32.332,0.144957,0.319782
32.4608,0.125918,-0.609633
32.5676,0.021024200000000003,-1.34732
32.6745,-0.160593,-2.04366
32.7814,-0.413559,-2.67564
32.8465,-0.5987180000000001,-2.99773
32.8998,-0.764124,-3.19374
32.9457,-0.9129360000000001,-3.28614
32.9915,-1.06382,-3.27927
33.0285,-1.18364,-3.18055
33.0655,-1.298,-2.98233
33.0979,-1.39045,-2.7185799999999998
33.1302,-1.47295,-2.36685
33.1626,-1.5426600000000001,-1.9294900000000001
33.1911,-1.59148,-1.47918
33.2197,-1.62669,-0.979665
33.2483,-1.6471,-0.44536899999999996
33.2768,-1.6519599999999999,0.10648099999999999
33.3054,-1.64103,0.657262
33.3339,-1.6146,1.18859
33.3625,-1.57348,1.6839099999999998
33.3911,-1.51889,2.12982
33.4196,-1.45238,2.5169099999999998
33.4482,-1.37572,2.84003
33.4767,-1.29077,3.09809
33.5064,-1.1958,3.29966
33.5374,-1.09101,3.4444800000000004
33.5702,-0.9764370000000001,3.5335300000000003
33.6053,-0.851814,3.56891
33.6432,-0.716367,3.55366
33.6852,-0.568364,3.4912900000000002
33.733000000000004,-0.404033,3.3847099999999997
33.7904,-0.21385,3.23277
33.8742,0.0471383,3.00182
33.9595,0.293191,2.76809
34.0362,0.49718,2.54169
34.0986,0.649072,2.32422
34.1609,0.785922,2.05613
34.2119,0.8841379999999999,1.78827
34.2629,0.967469,1.47204
34.3139,1.03346,1.1091799999999998
34.3588,1.07548,0.757501
34.4037,1.10122,0.386125
34.4486,1.1100700000000001,0.00804238
34.4935,1.10206,-0.362254
34.5385,1.07786,-0.71054
34.5834,1.03874,-1.02455
34.6283,0.9864639999999999,-1.29524
34.6732,0.923107,-1.51738
34.7181,0.8508959999999999,-1.6895
34.7648,0.768931,-1.81713
34.8137,0.6777340000000001,-1.9000599999999999
34.8658,0.577692,-1.93858
34.9218,0.46897,-1.93304
34.9833,0.351403,-1.88284
35.0526,0.22421100000000002,-1.78443
35.1341,0.0848823,-1.6254600000000001
35.2472,-0.0835727,-1.34301
35.3603,-0.216277,-0.993078
35.4733,-0.30557,-0.575253
35.5864,-0.343994,-0.0950341
35.6995,-0.325271,0.43252799999999997
35.8295,-0.227586,1.0745
35.938,-0.08105280000000001,1.62827
36.0304,0.09154780000000001,2.11088
36.1227,0.308971,2.59599
36.2151,0.570058,3.04586
36.2735,0.75476,3.26927
36.3212,0.913593,3.38096
36.3627,1.05487,3.3992199999999997
36.4043,1.19492,3.31779
36.4387,1.30655,3.15769
36.4731,1.41104,2.90141
36.5075,1.50496,2.54257
36.5365,1.57341,2.16012
36.5656,1.62976,1.7105299999999999
36.5946,1.6722099999999998,1.20428
36.6237,1.6993099999999999,0.656573
36.6527,1.71012,0.08630410000000001
36.6817,1.7043,-0.485458
36.7108,1.68212,-1.03741
36.7398,1.6444299999999998,-1.54999
36.7689,1.59264,-2.0070099999999997
36.7979,1.52852,-2.39679
36.8269,1.45415,-2.7126099999999997
36.856,1.37171,-2.95247
36.885,1.28339,-3.11842
36.9152,1.1875799999999999,-3.2181
36.9471,1.0843,-3.2516
36.9811,0.9740530000000001,-3.21809
37.0179,0.857359,-3.1165
37.0583,0.734762,-2.94476
37.1036,0.606796,-2.69812
37.156,0.473955,-2.36512
37.2203,0.336192,-1.91442
37.3213,0.180597,-1.1582
37.4224,0.102969,-0.375308
37.527,0.10660499999999999,0.4455
37.626999999999995,0.190365,1.22796
37.727,0.351602,1.9907
37.8271,0.586525,2.68994
37.8886,0.763474,3.04324
37.9379,0.918818,3.24575
37.9804,1.05904,3.3339800000000004
38.0229,1.20081,3.3136699999999997
38.0576,1.3138,3.19759
38.0922,1.4210200000000002,2.978
38.1225,1.50732,2.69346
38.1529,1.58365,2.3216
38.1833,1.64743,1.86687
38.2136,1.6962599999999999,1.3401100000000001
38.2398,1.72491,0.84029
38.266,1.7400799999999998,0.313619
38.2922,1.7412599999999998,-0.223698
38.3185,1.7284099999999998,-0.754664
38.3447,1.7019,-1.26281
38.3709,1.6625400000000001,-1.7334599999999998
38.3971,1.6114600000000001,-2.15469
38.4233,1.55009,-2.51798
38.4495,1.4800200000000001,-2.81842
38.4766,1.4003299999999999,-3.06108
38.5046,1.31165,-3.24233
38.534,1.21448,-3.3601699999999997
38.565,1.10927,-3.4135800000000005
38.5981,0.9963879999999999,-3.40222
38.6338,0.876117,-3.3260400000000003
38.6729,0.748549,-3.18455
38.7168,0.613434,-2.97548
38.7674,0.469713,-2.69149
38.8299,0.313445,-2.30839
38.924,0.12444200000000001,-1.7075
39.0181,-0.00788249,-1.10671
39.1154,-0.0858515,-0.497483
39.236999999999995,-0.10144600000000001,0.234632
39.3616,-0.027864599999999996,0.93768
39.4861,0.129618,1.57956
39.6107,0.362245,2.13795
39.681999999999995,0.524254,2.39483
39.7427,0.674752,2.55139
39.7954,0.8111619999999999,2.61803
39.848,0.9488559999999999,2.59602
39.8909,1.05823,2.49515
39.9337,1.16144,2.3065599999999997
39.9713,1.24384,2.06209
40.009,1.3156299999999999,1.74237
40.0466,1.3740299999999999,1.35158
40.0842,1.41654,0.900076
40.1168,1.43899,0.47185900000000003
40.1494,1.4471100000000001,0.0237535
40.1821,1.44049,-0.42909899999999995
40.2147,1.41923,-0.8713540000000001
40.2473,1.38391,-1.2888700000000002
40.2799,1.33554,-1.6699
40.3125,1.27545,-2.00596
40.3452,1.2052100000000001,-2.29217
40.3787,1.1241299999999999,-2.53308
40.4135,1.03237,-2.7278599999999997
40.45,0.9299629999999999,-2.87702
40.4887,0.8165899999999999,-2.9826200000000003
40.5301,0.691391,-3.04826
40.5754,0.5525,-3.0790900000000003
40.6262,0.396018,-3.08176
40.6857,0.21304299999999998,-3.06438
40.7636,-0.0245498,-3.03546
40.8558,-0.30302199999999996,-3.00429
40.9336,-0.5351199999999999,-2.95666
40.9912,-0.703311,-2.8786
41.0411,-0.8443450000000001,-2.75743
41.0911,-0.977649,-2.56592
41.1328,-1.08029,-2.33913
41.1746,-1.17205,-2.0442400000000003
41.2163,-1.25004,-1.67985
41.2525,-1.30433,-1.3117299999999998
41.2887,-1.34454,-0.903541
41.325,-1.36942,-0.467495
41.3612,-1.3782299999999998,-0.0188947
41.3974,-1.37084,0.42531499999999994
41.4336,-1.3477,0.8483069999999999
41.4698,-1.30985,1.2351
41.506,-1.25885,1.5739100000000001
41.5422,-1.1965700000000001,1.8569799999999999
41.5784,-1.12511,2.0807
41.6146,-1.04663,2.2452400000000003
41.6524,-0.95935,2.35745
41.6923,-0.8639540000000001,2.41617
41.7348,-0.7609819999999999,2.421
41.7807,-0.650906,2.37164
41.8309,-0.534129,2.26701
41.8872,-0.410976,2.1037
41.9522,-0.281631,1.87248
42.0316,-0.145559,1.5469899999999999
42.1588,0.0145023,0.957067
42.286,0.0951204,0.300306
42.4132,0.088639,-0.40984799999999993
42.531000000000006,-7.804659999999999e-05,-1.10151
42.625,-0.130184,-1.66897
42.7204,-0.317153,-2.2469900000000003
42.8159,-0.558094,-2.78994
42.8795,-0.745425,-3.0877
42.9293,-0.90379,-3.2476599999999998
42.9723,-1.04498,-3.30464
43.0153,-1.18651,-3.2589599999999996
43.0504,-1.29879,-3.1269299999999998
43.0855,-1.40475,-2.8963099999999997
43.1163,-1.4897799999999999,-2.60596
43.1472,-1.56459,-2.23276
43.178000000000004,-1.62667,-1.78161
43.2088,-1.67376,-1.2636100000000001
43.2355,-1.70105,-0.773804
43.2623,-1.7149,-0.260732
43.288999999999994,-1.71491,0.25962199999999996
43.3157,-1.70111,0.770649
43.3424,-1.67396,1.25643
43.3691,-1.6343299999999998,1.70291
43.3958,-1.58343,2.0988599999999997
43.4225,-1.52271,2.43642
43.4496,-1.45302,2.71388
43.4774,-1.37435,2.93147
43.5063,-1.2872,3.08655
43.5366,-1.19214,3.17694
43.5686,-1.08975,3.20113
43.6029,-0.980613,3.1579200000000003
43.64,-0.8653270000000001,3.0459400000000003
43.6808,-0.744498,2.86267
43.7268,-0.618771,2.6025
43.7803,-0.48878,2.2521400000000003
43.8469,-0.35447199999999995,1.77352
43.9415,-0.220458,1.05484
44.0361,-0.15545,0.31803200000000004
44.1361,-0.16276600000000002,-0.46378
44.2424,-0.255863,-1.28344
44.3332,-0.403047,-1.9544400000000002
44.4239,-0.608574,-2.56015
44.4852,-0.776047,-2.89135
44.535,-0.9250639999999999,-3.07904
44.5782,-1.06002,-3.15505
44.6213,-1.19603,-3.12378
44.6567,-1.30459,-3.0003599999999997
44.6921,-1.40703,-2.77617
44.7232,-1.48911,-2.49024
44.7542,-1.561,-2.12095
44.7853,-1.62017,-1.6738099999999998
44.8164,-1.66438,-1.16041
44.8434,-1.6892,-0.674558
44.8704,-1.7005700000000001,-0.166187
44.8973,-1.6981099999999998,0.348708
44.9243,-1.68185,0.8536729999999999
44.9513,-1.65228,1.3330899999999999
44.9783,-1.61027,1.7733700000000001
45.0053,-1.55704,2.16378
45.0322,-1.49404,2.49704
45.0596,-1.42171,2.7730599999999996
45.0879,-1.34012,2.9913
45.1173,-1.24971,3.14958
45.1481,-1.15091,3.24648
45.1808,-1.04411,3.2814
45.2158,-0.9296209999999999,3.2543900000000003
45.2537,-0.807565,3.16566
45.2957,-0.677802,3.01478
45.3432,-0.5395989999999999,2.79898
45.3992,-0.390651,2.5083599999999997
45.4728,-0.22111199999999998,2.10161
45.5645,-0.051922300000000005,1.58673
45.6563,0.07037230000000001,1.0810799999999998
45.7602,0.15373199999999998,0.5273
45.8956,0.178421,-0.153608
46.0168,0.125533,-0.709385
46.138000000000005,0.00899158,-1.20252
46.2592,-0.163145,-1.62515
46.3459,-0.315192,-1.8743900000000002
46.4229,-0.46636000000000005,-2.04271
46.4887,-0.604019,-2.12847
46.5545,-0.744939,-2.13763
46.6068,-0.8552879999999999,-2.07289
46.6591,-0.960266,-1.93005
46.7045,-1.0437299999999998,-1.7345099999999998
46.7499,-1.11674,-1.46936
46.7953,-1.17616,-1.1369799999999999
46.8354,-1.2150100000000001,-0.7945399999999999
46.8755,-1.23938,-0.41653
46.9156,-1.24811,-0.0162853
46.9556,-1.2406,0.390897
46.9957,-1.21689,0.7894140000000001
47.0358,-1.1776200000000001,1.16509
47.0759,-1.12394,1.50664
47.11600000000001,-1.05739,1.80663
47.1561,-0.979714,2.06175
47.1968,-0.891124,2.27579
47.2394,-0.790354,2.45436
47.2844,-0.676389,2.60132
47.3328,-0.5473359999999999,2.72242
47.3861,-0.399394,2.8262099999999997
47.4469,-0.224552,2.92539
47.5209,-0.0038134999999999996,3.04008
47.6142,0.286571,3.18729
47.7074,0.589634,3.2995099999999997
47.7597,0.7627079999999999,3.3068800000000005
47.8053,0.912465,3.2509099999999997
47.8509,1.05786,3.11168
47.8885,1.1712799999999999,2.9178
47.926,1.27588,2.64087
47.9635,1.36843,2.2752
47.9955,1.43521,1.89485
48.0274,1.4889,1.45697
48.0594,1.5278200000000002,0.9722379999999999
48.0913,1.55069,0.45574899999999996
48.1233,1.5568,-0.07417380000000001
48.1552,1.5460200000000002,-0.597651
48.1872,1.51888,-1.09522
48.2191,1.4764899999999999,-1.54972
48.2511,1.42045,-1.9477400000000002
48.2831,1.3527200000000001,-2.2805
48.315,1.27546,-2.54393
48.347,1.19089,-2.73826
48.3797,1.09896,-2.86951
48.413999999999994,0.998985,-2.94063
48.4505,0.8912559999999999,-2.9516
48.4898,0.776163,-2.9022900000000003
48.5326,0.654013,-2.7920700000000003
48.5803,0.5249689999999999,-2.6186
48.6347,0.38892,-2.3751
48.6998,0.244943,-2.04264
48.7882,0.0860107,-1.5464799999999999
48.8894,-0.0399153,-0.93574
48.9926,-0.102736,-0.276335
49.1156,-0.08648330000000001,0.545866
49.2194,0.00708538,1.25875
49.3094,0.148444,1.8828599999999998
49.3994,0.34578600000000004,2.49927
49.4894,0.596909,3.06714
49.5464,0.780558,3.35777
49.5929,0.940644,3.51758
49.6333,1.08419,3.5717199999999996
49.6737,1.22787,3.5191800000000004
49.7069,1.3427200000000001,3.3771
49.7402,1.45117,3.13207
49.7695,1.5386600000000001,2.82406
49.7988,1.61584,2.42887
49.8281,1.6802,1.95128
49.8574,1.7295,1.40239
49.8828,1.75862,0.8813040000000001
49.9083,1.7741200000000001,0.333901
49.9337,1.7755299999999998,-0.223338
49.9592,1.76282,-0.7731600000000001
49.9846,1.73639,-1.2988600000000001
50.01,1.6970599999999998,-1.78552
50.0355,1.64598,-2.22102
50.0609,1.58456,-2.5966299999999998
50.0864,1.51441,-2.90726
50.1126,1.4346299999999998,-3.15802
50.1399,1.34588,-3.3448800000000003
50.1683,1.24872,-3.4655099999999996
50.1984,1.14367,-3.5185699999999995
50.2304,1.03119,-3.5032699999999997
50.2648,0.9117200000000001,-3.4190300000000002
50.3025,0.785601,-3.26462
50.3445,0.653041,-3.03688
50.3927,0.513927,-2.72749
50.451,0.367019,-2.3133
50.5339,0.200962,-1.68651
50.6223,0.082095,-1.0007700000000002
50.7154,0.022722799999999998,-0.275852
50.8267,0.039981199999999995,0.583507
50.9318,0.14316099999999998,1.37532
51.0369,0.327862,2.13029
51.141999999999996,0.588123,2.7995900000000002
51.1989,0.755725,3.08279
51.2468,0.9078450000000001,3.2440900000000004
51.2889,1.0457299999999998,3.3006699999999998
51.3309,1.18387,3.2522599999999997
51.3657,1.29482,3.11521
51.4004,1.39927,2.8776200000000003
51.4352,1.4936200000000002,2.5325
51.4644,1.5624200000000001,2.15862
51.4937,1.61923,1.7138
51.523,1.6621,1.20832
51.5522,1.6894799999999999,0.657338
51.5815,1.7003,0.0799171
51.6107,1.6941099999999998,-0.502533
51.64,1.6710599999999998,-1.06825
51.6692,1.63196,-1.59715
51.6985,1.5781399999999999,-2.0726299999999998
51.7277,1.5113299999999998,-2.4827
51.757,1.4335799999999999,-2.8205
51.7863,1.34703,-3.08412
51.8155,1.25383,-3.2758599999999998
51.8458,1.1526299999999998,-3.4044
51.8777,1.0427600000000001,-3.47245
51.9117,0.924191,-3.4811099999999997
51.9485,0.796718,-3.4318400000000002
51.9891,0.659666,-3.3260699999999996
52.0347,0.511368,-3.16397
52.0883,0.347667,-2.94096
52.1579,0.153872,-2.63056
52.2461,-0.060706399999999994,-2.2337700000000003
52.3343,-0.240558,-1.84335
52.4314,-0.398733,-1.41336
52.5286,-0.514694,-0.9728040000000001
52.608999999999995,-0.57797,-0.599828
52.6894,-0.611213,-0.227964
52.7699,-0.615037,0.129149
52.8503,-0.591245,0.456212
52.9307,-0.5428029999999999,0.740323
53.0112,-0.47351400000000005,0.9737549999999999
53.0916,-0.387567,1.15466
53.172,-0.289099,1.28585
53.2543,-0.179431,1.3740299999999999
53.3443,-0.0531275,1.42375
53.4525,0.101472,1.42419
53.5486,0.23613499999999998,1.36877
53.6447,0.362653,1.25304
53.7259,0.458564,1.10047
53.8071,0.539846,0.892128
53.8883,0.6018939999999999,0.626975
53.9695,0.640261,0.310305
54.0507,0.651213,-0.045794699999999994
54.1319,0.632212,-0.424521
54.2131,0.5821350000000001,-0.808582
54.2943,0.5011180000000001,-1.18503
54.3755,0.39005100000000004,-1.54866
54.4567,0.249901,-1.90247
54.5437,0.0679461,-2.28002
54.6363,-0.162102,-2.6878599999999997
54.7289,-0.429796,-3.08678
54.7984,-0.6534989999999999,-3.34004
54.8493,-0.8266690000000001,-3.4620800000000003
54.8928,-0.9782709999999999,-3.49387
54.9363,-1.12927,-3.42958
54.9716,-1.2481,-3.2868800000000005
55.0069,-1.3602299999999998,-3.04828
55.0379,-1.45048,-2.75176
55.068999999999996,-1.5302200000000001,-2.37206
55.1,-1.59693,-1.91297
55.1311,-1.64828,-1.38467
55.1579,-1.67884,-0.883933
55.1848,-1.69557,-0.357644
55.2117,-1.6979799999999998,0.178097
55.2386,-1.68606,0.706338
55.2654,-1.66022,1.21064
55.2923,-1.62132,1.6763700000000001
55.3192,-1.57056,2.09166
55.3461,-1.5094,2.44813
55.373000000000005,-1.4395200000000001,2.7410099999999997
55.4007,-1.36004,2.97527
55.4295,-1.27165,3.14732
55.4597,-1.17493,3.25506
55.4915,-1.07041,3.2973
55.5255,-0.9586040000000001,3.27333
55.5622,-0.8399780000000001,3.18246
55.6024,-0.714955,3.02315
55.6475,-0.5838770000000001,2.79141
55.6994,-0.446913,2.4771799999999997
55.7627,-0.303454,2.05289
55.8563,-0.14243499999999998,1.37964
55.9516,-0.0448454,0.6651060000000001
56.0547,-0.0169671,-0.126462
56.1802,-0.0939977,-1.10125
56.2687,-0.22168000000000002,-1.78372
56.3584,-0.41198500000000005,-2.4527200000000002
56.4481,-0.6596029999999999,-3.0487900000000003
56.5016,-0.8304940000000001,-3.32451
56.5464,-0.9834,-3.47395
56.5859,-1.12158,-3.5165900000000003
56.6253,-1.25938,-3.45044
56.6581,-1.37021,-3.2953
56.6909,-1.4742899999999999,-3.0371
56.7237,-1.5681200000000002,-2.6696
56.7514,-1.63675,-2.27453
56.7791,-1.69343,-1.8077900000000002
56.8067,-1.7363,-1.28015
56.8344,-1.7639,-0.707123
56.8621,-1.77522,-0.108075
56.8898,-1.76985,0.495353
56.9175,-1.74795,1.08115
56.9452,-1.71032,1.6289
56.9729,-1.65825,2.12153
57.0006,-1.59345,2.54645
57.0283,-1.5179200000000002,2.8961099999999997
57.056000000000004,-1.4337799999999998,3.16785
57.0837,-1.3431799999999998,3.3632800000000005
57.1122,-1.24518,3.4900900000000004
57.1423,-1.13923,3.55029
57.1742,-1.02559,3.5437300000000005
57.2087,-0.904539,3.4703
57.2464,-0.776231,3.3294599999999996
57.2884,-0.640532,3.11902
57.3367,-0.49666400000000005,2.83215
57.3954,-0.34176,2.44766
57.4829,-0.153857,1.84368
57.5704,-0.0192567,1.23274
57.6624,0.0648247,0.596075
57.7742,0.0890073,-0.159175
57.898,0.0193478,-0.9587190000000001
58.0217,-0.14610499999999998,-1.7044400000000002
58.1455,-0.399307,-2.3687099999999996
58.2134,-0.57076,-2.66818
58.2703,-0.728141,-2.85339
58.3193,-0.870423,-2.9396
58.3683,-1.01472,-2.93085
58.408,-1.12927,-2.835
58.4476,-1.2382,-2.6448099999999997
58.4823,-1.32576,-2.39323
58.5169,-1.4031799999999999,-2.0594900000000003
58.5516,-1.46764,-1.64677
58.5863,-1.51655,-1.1647
58.6161,-1.54457,-0.706046
58.646,-1.55846,-0.221398
58.6758,-1.55768,0.273608
58.7057,-1.5421799999999999,0.762609
58.7356,-1.51236,1.22993
58.7654,-1.46908,1.6619
58.7953,-1.41357,2.04787
58.8251,-1.34731,2.38077
58.8553,-1.27114,2.65979
58.8864,-1.18472,2.8872400000000003
58.9188,-1.08822,3.0626599999999997
58.9528,-0.9817020000000001,3.18653
58.989,-0.8649979999999999,3.26063
59.0279,-0.737472,3.28796
59.0705,-0.5976739999999999,3.27251
59.1182,-0.44251,3.21884
59.1742,-0.264827,3.13076
59.247,-0.041271800000000004,3.00447
59.3375,0.22341100000000003,2.85101
59.4344,0.49145900000000003,2.67207
59.4962,0.6522359999999999,2.5213200000000002
59.5506,0.7848109999999999,2.34327
59.605,0.9061620000000001,2.10637
59.6513,0.9978290000000001,1.84991
59.6975,1.07639,1.53951
59.7438,1.1394,1.17777
59.79,1.18465,0.773613
59.83,1.20818,0.401443
59.8699,1.2166299999999999,0.0211362
59.9099,1.20994,-0.353542
59.9499,1.18862,-0.7089770000000001
59.9898,1.1536899999999999,-1.03312
60.0298,1.10658,-1.31657
60.0698,1.0490700000000002,-1.5532299999999999
60.1104,0.9819700000000001,-1.743
60.1524,0.9055979999999999,-1.8859099999999998
60.1962,0.8205620000000001,-1.9809
60.2426,0.727471,-2.02738
60.2921,0.626877,-2.02509
60.3459,0.519275,-1.97348
60.4052,0.405097,-1.8706599999999998
60.4723,0.284721,-1.7111299999999998
60.5513,0.158317,-1.48006
60.6547,0.023158900000000003,-1.1245399999999999
60.7769,-0.0852895,-0.640314
60.898999999999994,-0.130768,-0.09495239999999999
61.0391,-0.0966102,0.5919939999999999
61.1527,0.00401701,1.18478
61.2473,0.140257,1.69623
61.343,0.327461,2.21691
61.4386,0.563357,2.70459
61.5029,0.746091,2.97007
61.5536,0.900623,3.10784
61.5975,1.03814,3.148
61.6414,1.17533,3.08865
61.6773,1.28406,2.9483900000000003
61.7132,1.38608,2.71342
61.7449,1.4675799999999999,2.42274
61.7765,1.53863,2.0537799999999997
61.8082,1.59684,1.61226
61.8398,1.6400599999999999,1.1098299999999999
61.8674,1.6641700000000001,0.636372
61.8949,1.67494,0.14396
61.9225,1.6720700000000002,-0.35170500000000005
61.95,1.6556799999999998,-0.8346040000000001
61.9776,1.62635,-1.28966
62.0051,1.58501,-1.7038400000000002
62.0327,1.53295,-2.06704
62.0602,1.47166,-2.37244
62.0883,1.4013,-2.62107
62.1174,1.32223,-2.8107
62.1477,1.23502,-2.93859
62.1795,1.14029,-3.00261
62.2133,1.0386600000000001,-3.0011799999999997
62.2496,0.93081,-2.93283
62.2891,0.817446,-2.7955200000000002
62.3329,0.699376,-2.58541
62.3827,0.577575,-2.29418
62.4419,0.453225,-1.90166
62.5201,0.326303,-1.33854
62.6166,0.23215300000000003,-0.609902
62.713,0.20912600000000003,0.133473
62.8124,0.260496,0.899011
62.9118,0.387185,1.6452
63.0111,0.585585,2.3323400000000003
63.0804,0.761329,2.72932
63.133,0.911106,2.94723
63.1779,1.0461,3.04618
63.2228,1.1832,3.03657
63.2591,1.2917100000000001,2.93078
63.2954,1.39459,2.72392
63.3271,1.47684,2.45439
63.3588,1.5492299999999999,2.1013
63.3904,1.60917,1.6696900000000001
63.4221,1.6543299999999999,1.17077
63.4494,1.67995,0.699419
63.4768,1.6923400000000002,0.204731
63.5041,1.69107,-0.29752199999999995
63.5314,1.6761599999999999,-0.7910149999999999
63.5588,1.6480599999999999,-1.26016
63.5861,1.60763,-1.69127
63.6134,1.55607,-2.07349
63.6407,1.49482,-2.39931
63.6684,1.42456,-2.6676900000000003
63.6969,1.3452899999999999,-2.87862
63.7266,1.25746,-3.02978
63.7578,1.16155,-3.11939
63.7907,1.05805,-3.14643
63.8261,0.947378,-3.11039
63.8644,0.829865,-3.01076
63.9067,0.7057,-2.84618
63.9547,0.574746,-2.61262
64.0111,0.435949,-2.2983700000000002
64.0843,0.283565,-1.86055
64.1801,0.133493,-1.27455
64.2758,0.039297399999999996,-0.6957
64.381,-0.00128959,-0.0802813
64.5113,0.0357088,0.639117
64.6508,0.17464000000000002,1.33944
64.7587,0.345506,1.81295
64.8375,0.500033,2.09826
64.9031,0.643688,2.2730900000000003
64.9597,0.775066,2.3561099999999997
65.0163,0.908798,2.35213
65.0621,1.01481,2.2681400000000003
65.1078,1.11507,2.0988700000000002
65.1478,1.19476,1.8746200000000002
65.1878,1.26403,1.57782
65.2278,1.3200399999999999,1.21268
65.2678,1.36025,0.789513
65.3024,1.3807,0.389285
65.3369,1.38695,-0.029044900000000002
65.3715,1.37865,-0.45081499999999997
65.4061,1.35592,-0.861308
65.4406,1.31939,-1.2471299999999998
65.4752,1.2701,-1.5973899999999999
65.5098,1.20945,-1.9044400000000001
65.5443,1.1389799999999999,-2.16418
65.5801,1.05751,-2.38242
65.6174,0.965353,-2.55764
65.6565,0.862468,-2.69068
65.6981,0.748373,-2.78405
65.743,0.621885,-2.84193
65.7925,0.480512,-2.87013
65.8487,0.31892,-2.8763099999999997
65.9166,0.123868,-2.87031
66.0104,-0.145203,-2.86441
66.1081,-0.424519,-2.8549599999999997
66.1747,-0.613653,-2.8161099999999997
66.2296,-0.766338,-2.73628
66.2845,-0.912861,-2.58751
66.3285,-1.02301,-2.40198
66.3726,-1.12348,-2.14668
66.4166,-1.21106,-1.8165799999999999
66.454,-1.27275,-1.4796200000000002
66.4913,-1.3209600000000001,-1.0963399999999999
66.5286,-1.35416,-0.6773239999999999
66.566,-1.37127,-0.237046
66.6033,-1.37181,0.207414
66.6406,-1.35595,0.638153
66.678,-1.32454,1.0383799999999999
66.7153,-1.27898,1.3941299999999999
66.7526,-1.2211299999999998,1.6953900000000002
66.79,-1.15314,1.9366
66.8273,-1.0773,2.11642
66.8651,-0.99471,2.23832
66.9048,-0.9044629999999999,2.30623
66.9468,-0.8069689999999999,2.31983
66.9921,-0.7028369999999999,2.27842
67.0413,-0.59273,2.18075
67.0961,-0.4774,2.0237
67.1586,-0.35783000000000004,1.7998
67.2328,-0.23548200000000002,1.49041
67.3303,-0.11202100000000001,1.03483
67.4559,-0.0220576,0.387361
67.583,-0.017347,-0.320986
67.694,-0.0889385,-0.972417
67.7874,-0.205927,-1.53445
67.8808,-0.37546199999999996,-2.09405
67.9742,-0.5957859999999999,-2.61243
68.0383,-0.7730520000000001,-2.90037
68.0889,-0.9240299999999999,-3.05157
68.1327,-1.05891,-3.10038
68.1764,-1.1937799999999998,-3.0471
68.2122,-1.30074,-2.91023
68.2481,-1.40111,-2.67754
68.2796,-1.48119,-2.3885099999999997
68.3111,-1.5509,-2.02109
68.3427,-1.6078700000000001,-1.5812700000000002
68.3742,-1.64998,-1.08094
68.4016,-1.67323,-0.60975
68.4291,-1.68327,-0.12005299999999999
68.4565,-1.6798,0.37248600000000004
68.4839,-1.66295,0.851931
68.5114,-1.6333,1.30332
68.5388,-1.5918,1.71377
68.5663,-1.53972,2.07327
68.5937,-1.47856,2.37513
68.6217,-1.40835,2.62068
68.6507,-1.32949,2.8073
68.681,-1.2425899999999999,2.93215
68.7127,-1.14824,2.99305
68.7465,-1.0470899999999999,2.98834
68.7828,-0.9398139999999999,2.91643
68.8223,-0.827132,2.77513
68.8662,-0.709866,2.56035
68.9162,-0.5889939999999999,2.26324
68.9759,-0.46561499999999995,1.8619400000000002
69.0569,-0.338522,1.27331
69.1495,-0.253,0.570673
69.2421,-0.23310799999999998,-0.14136400000000002
69.3386,-0.282375,-0.877842
69.435,-0.401738,-1.5905799999999999
69.5315,-0.587371,-2.24274
69.6013,-0.758173,-2.63275
69.6548,-0.904998,-2.8469599999999997
69.7004,-1.03757,-2.9431
69.7461,-1.17218,-2.93151
69.783,-1.27872,-2.82514
69.8199,-1.37952,-2.6191400000000002
69.8522,-1.45992,-2.35183
69.8845,-1.5303799999999999,-2.00284
69.9167,-1.5883200000000002,-1.5775299999999999
69.949,-1.6314600000000001,-1.0873899999999999
69.9768,-1.6553900000000001,-0.624899
70.0047,-1.66609,-0.140862
70.0326,-1.6631900000000002,0.349088
70.0605,-1.64673,0.8289120000000001
70.0883,-1.61722,1.2834299999999998
70.1162,-1.57555,1.6995
70.1441,-1.52294,2.06681
70.1719,-1.46086,2.37845
70.2003,-1.38962,2.6348
70.2296,-1.30939,2.83482
70.2601,-1.2206,2.97631
70.2921,-1.12373,3.0577799999999997
70.3261,-1.0192,3.0785099999999996
70.3627,-0.907366,3.0382700000000002
70.4024,-0.788453,2.93686
70.4465,-0.662442,2.77316
70.4967,-0.528792,2.54312
70.5567,-0.385399,2.23374
70.6387,-0.22042899999999999,1.78552
70.7313,-0.07871929999999999,1.27621
70.82600000000001,0.0179511,0.768081
70.9361,0.07111460000000001,0.203647
71.0788,0.051010599999999996,-0.47382399999999997
71.2253,-0.0645383,-1.08831
71.3508,-0.23004499999999997,-1.53477
71.4392,-0.377347,-1.7897900000000002
71.5141,-0.517804,-1.94944
71.5789,-0.646975,-2.02677
71.6436,-0.778751,-2.0260599999999998
71.6959,-0.882927,-1.95258
71.7481,-0.981282,-1.80138
71.7937,-1.0591,-1.5991799999999998
71.8393,-1.12616,-1.33006
71.8849,-1.1794799999999999,-0.9979389999999999
71.9305,-1.2163899999999999,-0.612788
71.9701,-1.23348,-0.24815700000000002
72.0096,-1.23581,0.13173800000000002
72.0491,-1.22305,0.512877
72.0886,-1.19543,0.8815379999999999
72.1282,-1.1536899999999999,1.22571
72.1677,-1.0989799999999998,1.53621
72.2072,-1.0327600000000001,1.8073299999999999
72.2475,-0.95509,2.04097
72.2893,-0.865608,2.23881
72.333,-0.763899,2.40269
72.3795,-0.648981,2.53626
72.4297,-0.518775,2.64547
72.4853,-0.36903600000000003,2.73922
72.5493,-0.190584,2.8308299999999997
72.62899999999999,0.0393866,2.94207
72.7244,0.32651199999999997,3.0779799999999997
72.8026,0.570773,3.161
72.8574,0.744402,3.1689700000000003
72.9045,0.892701,3.11519
72.9516,1.03665,2.98031
72.9903,1.14854,2.79242
73.0289,1.25163,2.52372
73.0676,1.34266,2.16871
73.1005,1.40806,1.8000599999999998
73.1334,1.46041,1.37601
73.1663,1.49805,0.9072129999999999
73.1991,1.5197399999999999,0.408643
73.232,1.5247899999999999,-0.101633
73.2649,1.51314,-0.6041270000000001
73.2978,1.48536,-1.07989
73.3306,1.44261,-1.51237
73.3635,1.3865299999999998,-1.8888
73.3964,1.31911,-2.20098
73.4293,1.24255,-2.44536
73.4622,1.15906,-2.62252
73.49600000000001,1.0681100000000001,-2.73881
73.5316,0.9693450000000001,-2.79598
73.5696,0.863151,-2.79377
73.6105,0.750001,-2.7317299999999998
73.6552,0.6303300000000001,-2.60874
73.7051,0.504521,-2.42155
73.7625,0.372864,-2.16169
73.8318,0.235233,-1.8062599999999998
73.9291,0.0857382,-1.25826
74.0351,-0.013989099999999999,-0.617185
74.1476,-0.0433106,0.101827
74.2729,0.0212697,0.9340809999999999
74.3666,0.138601,1.56981
74.4623,0.31979,2.2159
74.5579,0.561344,2.82164
74.62100000000001,0.7500399999999999,3.15319
74.6702,0.9102870000000001,3.33641
74.7126,1.05359,3.4107800000000004
74.755,1.1979,3.37935
74.7895,1.31251,3.25616
74.8239,1.42115,3.031
74.8541,1.50862,2.7425599999999997
74.8844,1.58607,2.36758
74.9146,1.6509099999999999,1.9103400000000001
74.9448,1.70082,1.38147
74.9709,1.7304099999999998,0.8800819999999999
74.997,1.74653,0.351979
75.0231,1.74869,-0.18666
75.0492,1.7368400000000002,-0.7188180000000001
75.0753,1.71137,-1.22796
75.1014,1.67308,-1.6992599999999998
75.1275,1.6231200000000001,-2.12065
75.1536,1.56291,-2.48342
75.1797,1.49405,-2.78245
75.2066,1.41583,-3.02222
75.2345,1.32883,-3.19916
75.2637,1.23364,-3.31091
75.2945,1.13078,-3.3559699999999997
75.3273,1.02078,-3.3333199999999996
75.3628,0.904159,-3.2420299999999997
75.4015,0.781373,-3.08042
75.4449,0.652831,-2.84458
75.4947,0.5187649999999999,-2.5249200000000003
75.5554,0.37858200000000003,-2.09517
75.6449,0.22092399999999998,-1.42041
75.7356,0.123794,-0.719433
75.8317,0.09045239999999999,0.0244501
75.9427,0.140454,0.873192
76.0537,0.283281,1.6929900000000002
76.1647,0.513926,2.44482
76.2314,0.6898569999999999,2.82171
76.2844,0.8457709999999999,3.04523
76.3298,0.9868540000000001,3.15398
76.3752,1.13059,3.15735
76.4118,1.24472,3.0632099999999998
76.4484,1.3535700000000002,2.86737
76.4803,1.44118,2.60568
76.5123,1.51904,2.2569999999999997
76.5442,1.58441,1.82482
76.5723,1.6297,1.3821
76.6005,1.66183,0.893202
76.6287,1.6797099999999998,0.372722
76.6568,1.6826900000000002,-0.162241
76.685,1.67061,-0.693451
76.7132,1.64383,-1.20309
76.7413,1.60319,-1.67524
76.7695,1.5499399999999999,-2.09709
76.7977,1.48563,-2.4596299999999998
76.8258,1.412,-2.7579700000000003
76.854,1.33089,-2.9910200000000002
76.8834,1.2401799999999998,-3.16708
76.9142,1.14057,-3.28364
76.9468,1.0324200000000001,-3.3403699999999996
76.9817,0.915881,-3.3379
77.0194,0.790866,-3.2773199999999996
77.061,0.6568470000000001,-3.1595299999999997
77.108,0.5124029999999999,-2.9839
77.1633,0.35383000000000003,-2.7444
77.2357,0.167206,-2.40975
77.3255,-0.0303506,-1.99237
77.4153,-0.190825,-1.5841399999999999
77.5169,-0.328746,-1.13104
77.6289,-0.427792,-0.6394350000000001
77.7249,-0.46941499999999997,-0.230123
77.821,-0.472803,0.154097
77.9171,-0.441114,0.497751
78.0131,-0.378872,0.788747
78.1092,-0.291454,1.02162
78.2052,-0.184444,1.1972
78.3013,-0.0631594,1.3195700000000001
78.408,0.0823913,1.39695
78.5058,0.220148,1.4119899999999999
78.6051,0.358525,1.3637
78.6846,0.46351899999999996,1.26901
78.7641,0.5587,1.11551
78.8435,0.639135,0.8974040000000001
78.9127,0.693078,0.654917
78.9818,0.728689,0.36844
79.051,0.7432439999999999,0.0479153
79.1201,0.7348439999999999,-0.293044
79.1893,0.702589,-0.6396430000000001
79.2584,0.646556,-0.978959
79.3276,0.567571,-1.30256
79.3967,0.466843,-1.60791
79.4684,0.340828,-1.90831
79.5458,0.180876,-2.22364
79.632,-0.025914099999999995,-2.57559
79.7221,-0.274779,-2.94697
79.8122,-0.556225,-3.28833
79.868,-0.744237,-3.4433800000000003
79.9143,-0.9056290000000001,-3.5052
79.9551,-1.04827,-3.48315
79.9958,-1.18814,-3.36515
80.0298,-1.29974,-3.17656
80.0639,-1.40335,-2.89487
80.0979,-1.4957,-2.51474
80.1269,-1.56302,-2.1142
80.156,-1.61776,-1.6494799999999998
80.185,-1.65821,-1.13164
80.214,-1.6830599999999998,-0.5762109999999999
80.243,-1.69147,-0.00216049
80.27199999999999,-1.6832099999999999,0.569691
80.301,-1.6586400000000001,1.11861
80.33,-1.6187,1.62582
80.359,-1.56485,2.0761
80.3881,-1.49889,2.45874
80.4171,-1.42289,2.76789
80.4461,-1.33901,3.00224
80.4751,-1.24938,3.16438
80.5056,-1.1511799999999999,3.26293
80.5379,-1.04516,3.29622
80.5724,-0.9318559999999999,3.26363
80.6097,-0.811701,3.16446
80.6507,-0.685074,2.99706
80.6968,-0.55224,2.75694
80.7504,-0.413204,2.43264
80.8165,-0.26678,1.9912299999999998
80.9181,-0.100977,1.26585
81.0197,-0.010619700000000001,0.508989
81.1282,-0.000207819,-0.319573
81.2351,-0.07842389999999999,-1.14428
81.3246,-0.211694,-1.83145
81.4141,-0.405725,-2.49708
81.5036,-0.65673,-3.09144
81.5569,-0.8290219999999999,-3.36593
81.6016,-0.9830549999999999,-3.51475
81.6408,-1.12216,-3.55695
81.6801,-1.26088,-3.4903
81.7127,-1.37245,-3.33454
81.7453,-1.47728,-3.07535
81.7779,-1.57188,-2.7063
81.8055,-1.64115,-2.30937
81.833,-1.69848,-1.84014
81.8606,-1.7419900000000001,-1.30929
81.8881,-1.7702,-0.732329
81.9157,-1.7821,-0.12863
81.9432,-1.77725,0.48007
81.9708,-1.7558,1.0716
81.9983,-1.7185400000000002,1.62535
82.0259,-1.66674,2.1240099999999997
82.0535,-1.60212,2.55476
82.081,-1.5266600000000001,2.90982
82.1086,-1.44249,3.1863799999999998
82.1361,-1.3517700000000001,3.38591
82.1645,-1.25379,3.51594
82.1943,-1.14785,3.5788900000000003
82.226,-1.03421,3.5746300000000004
82.2601,-0.913165,3.5030099999999997
82.2975,-0.784875,3.36352
82.339,-0.649245,3.154
82.3867,-0.5055850000000001,2.86784
82.4443,-0.35132399999999997,2.48488
82.5275,-0.168772,1.9010099999999999
82.6136,-0.0314691,1.2873
82.7041,0.0559434,0.646418
82.8126,0.08498889999999999,-0.10768399999999999
82.9377,0.018772999999999998,-0.9431219999999999
83.0478,-0.123499,-1.63499
83.1578,-0.338965,-2.26867
83.2333,-0.5246569999999999,-2.64289
83.2928,-0.689333,-2.8738
83.3433,-0.837838,-2.99746
83.3879,-0.972376,-3.02791
83.4324,-1.10619,-2.9611400000000003
83.4695,-1.21371,-2.81508
83.5067,-1.31409,-2.5755
83.5438,-1.40374,-2.23667
83.5753,-1.46859,-1.87252
83.6068,-1.52094,-1.44376
83.6382,-1.55891,-0.9611270000000001
83.6697,-1.58103,-0.4399
83.7012,-1.58639,0.10120900000000001
83.7327,-1.57467,0.641742
83.7641,-1.54621,1.1615
83.7956,-1.50196,1.6425299999999998
83.8271,-1.44337,2.0706599999999997
83.8586,-1.37226,2.43649
83.89,-1.29069,2.73558
83.9215,-1.20076,2.96805
83.9535,-1.10299,3.1399
83.98700000000001,-0.995667,3.258
84.0225,-0.8783850000000001,3.3246900000000004
84.0609,-0.750541,3.3428199999999997
84.1028,-0.610797,3.3161
84.1498,-0.456284,3.24854
84.2048,-0.28036300000000003,3.1429
84.2762,-0.0614751,2.9927599999999996
84.366,0.199024,2.8062400000000003
84.462,0.45857,2.59762
84.5268,0.621382,2.42483
84.5834,0.753492,2.23156
84.6401,0.8731610000000001,1.9832900000000002
84.6882,0.9625459999999999,1.72085
84.7364,1.0381,1.4087399999999999
84.7845,1.09748,1.0504200000000001
84.8327,1.13867,0.655488
84.8746,1.15859,0.29378699999999996
84.9165,1.16324,-0.0716549
84.9584,1.15273,-0.427389
85.0003,1.12774,-0.760514
85.0422,1.08946,-1.06003
85.0841,1.03949,-1.3178
85.126,0.9796799999999999,-1.52904
85.1691,0.910019,-1.69612
85.2138,0.831203,-1.8174
85.2608,0.743898,-1.8919700000000002
85.3106,0.64871,-1.91944
85.3642,0.5461739999999999,-1.89952
85.4228,0.436758,-1.83115
85.4881,0.320866,-1.7109900000000002
85.5633,0.198797,-1.52985
85.6554,0.069927,-1.26057
85.7752,-0.05700209999999999,-0.84678
85.895,-0.13047,-0.369429
86.0199,-0.14243599999999998,0.186814
86.1649,-0.0649352,0.8914030000000001
86.2641,0.048681300000000004,1.4010799999999999
86.3551,0.198015,1.88126
86.4462,0.391098,2.3582
86.5372,0.6259819999999999,2.78882
86.5957,0.795545,2.99865
86.6441,0.9434549999999999,3.09891
86.6865,1.0755700000000001,3.10668
86.729,1.206,3.0159700000000003
86.7644,1.30998,2.8500799999999997
86.7997,1.40648,2.59218
86.8351,1.49217,2.23825
86.8651,1.55386,1.8650400000000003
86.8951,1.60342,1.43173
86.9251,1.63923,0.949728
86.9551,1.66005,0.43455600000000005
86.985,1.66515,-0.09523469999999999
87.015,1.6543900000000002,-0.619656
87.045,1.62824,-1.1191200000000001
87.075,1.5877,-1.5762200000000002
87.105,1.53427,-1.97708
87.135,1.46979,-2.31223
87.165,1.39631,-2.57681
87.1949,1.31596,-2.7701700000000002
87.2256,1.22906,-2.89708
87.2576,1.13489,-2.96001
87.2917,1.03391,-2.9577400000000003
87.3283,0.9267719999999999,-2.88878
87.3681,0.8142189999999999,-2.75101
87.4123,0.6970970000000001,-2.54045
87.4626,0.576449,-2.24856
87.5224,0.453585,-1.85465
87.6018,0.328714,-1.28664
87.6981,0.239445,-0.562696
87.7944,0.22078000000000003,0.176322
87.8929,0.275408,0.931624
87.9914,0.403663,1.6671099999999999
88.0899,0.6018560000000001,2.34167
88.1581,0.7751939999999999,2.72595
88.2103,0.9234120000000001,2.93562
88.255,1.05698,3.02743
88.2997,1.19232,3.01072
88.3359,1.29951,2.8993599999999997
88.37200000000001,1.40088,2.6875400000000003
88.4037,1.4818200000000001,2.4142099999999997
88.4353,1.55281,2.0584599999999997
88.46700000000001,1.61129,1.62571
88.4986,1.6550099999999999,1.1274899999999999
88.52600000000001,1.6794900000000001,0.6572560000000001
88.5533,1.69077,0.165077
88.5807,1.6884700000000001,-0.33329899999999996
88.60799999999999,1.6726299999999998,-0.821681
88.6354,1.6437400000000002,-1.2847
88.6628,1.60269,-1.70897
88.6901,1.5506799999999998,-2.08395
88.7175,1.48918,-2.40242
88.7453,1.41862,-2.66425
88.7739,1.33913,-2.86859
88.8038,1.25116,-3.01301
88.8351,1.15524,-3.09573
88.8684,1.05185,-3.1157
88.904,0.9414319999999999,-3.07229
88.9427,0.824357,-2.96481
88.9856,0.700865,-2.7915200000000002
89.0342,0.5709029999999999,-2.54771
89.0918,0.433522,-2.21997
89.1676,0.28259,-1.75751
89.2616,0.14490699999999998,-1.17157
89.3556,0.0620893,-0.592607
89.461,0.0329815,0.0359825
89.589,0.0842982,0.756891
89.7239,0.233893,1.4480899999999999
89.822,0.398012,1.8860299999999999
89.8972,0.5505220000000001,2.1602099999999997
89.9598,0.691371,2.3235200000000003
90.0143,0.8201709999999999,2.39485
90.0687,0.9505399999999999,2.37719
90.1131,1.05421,2.28052
90.1575,1.15172,2.0979
90.1964,1.22907,1.8613099999999998
90.2354,1.29579,1.55295
90.2743,1.3491799999999998,1.17795
90.3133,1.38683,0.7473420000000001
90.3471,1.40531,0.34079299999999996
90.381,1.40972,-0.08180599999999999
90.4148,1.3997600000000001,-0.5057550000000001
90.4487,1.37563,-0.9164760000000001
90.4825,1.33802,-1.30085
90.5164,1.28799,-1.6483
90.5502,1.22694,-1.9515099999999999
90.5844,1.1556,-2.2092400000000003
90.6197,1.0737700000000001,-2.42285
90.6564,0.981554,-2.59203
90.695,0.878912,-2.7176400000000003
90.7361,0.765444,-2.80196
90.7804,0.640126,-2.84881
90.8291,0.5007550000000001,-2.86345
90.8844,0.342606,-2.85257
90.9509,0.154024,-2.82409
91.045,-0.109872,-2.7845299999999997
91.1439,-0.383522,-2.7446099999999998
91.2157,-0.578609,-2.68877
91.2735,-0.731689,-2.5997
91.3244,-0.860951,-2.46813
91.3753,-0.981877,-2.2696400000000003
91.4186,-1.0753,-2.03838
91.4618,-1.15737,-1.74501
91.5051,-1.2254200000000002,-1.3907100000000001
91.54299999999999,-1.27152,-1.0362200000000001
91.5809,-1.30355,-0.650094
91.6188,-1.32055,-0.245081
91.6567,-1.32208,0.163805
91.6946,-1.30829,0.560774
91.7325,-1.2799200000000002,0.930905
91.7704,-1.23823,1.26162
91.8083,-1.1849100000000001,1.5437
91.8461,-1.12192,1.77175
91.884,-1.0513299999999999,1.9441099999999998
91.9233,-0.972449,2.0655200000000002
91.9645,-0.88576,2.13509
92.0082,-0.79194,2.15184
92.055,-0.691712,2.1148700000000002
92.1061,-0.585868,2.0226900000000003
92.1627,-0.47537299999999993,1.87205
92.2271,-0.361572,1.65552
92.3033,-0.24667399999999998,1.3553600000000001
92.4015,-0.134674,0.918573
92.5407,-0.0539876,0.228623
92.6799,-0.0739327,-0.524071
92.781,-0.15584,-1.0989
92.8713,-0.278752,-1.62212
92.9617,-0.448693,-2.13518
93.052,-0.6630020000000001,-2.59345
93.1121,-0.826105,-2.82441
93.1613,-0.968007,-2.9355900000000004
93.2043,-1.0950799999999998,-2.95027
93.2474,-1.22071,-2.8648700000000002
93.2832,-1.32066,-2.70321
93.319,-1.41321,-2.4502599999999997
93.3548,-1.49501,-2.103
93.3852,-1.55342,-1.7378900000000002
93.4155,-1.5998700000000001,-1.31524
93.4458,-1.63276,-0.846775
93.4762,-1.65094,-0.3481
93.5065,-1.65376,0.162448
93.5368,-1.64116,0.665371
93.5672,-1.61366,1.1418
93.5975,-1.5723200000000002,1.57515
93.6278,-1.5186600000000001,1.9524299999999999
93.6582,-1.45451,2.26497
93.6885,-1.3819299999999999,2.50851
93.7189,-1.30301,2.68283
93.7501,-1.21727,2.79331
93.78299999999999,-1.12452,2.84037
93.8179,-1.02534,2.82239
93.8556,-0.920452,2.73742
93.8968,-0.810702,2.58263
93.9427,-0.697094,2.3527299999999998
93.9956,-0.5808949999999999,2.03628
94.06,-0.463553,1.60331
94.1616,-0.337821,0.8640209999999999
94.2632,-0.288885,0.0971665
94.3648,-0.31813400000000003,-0.671491
94.45200000000001,-0.404973,-1.31542
94.5392,-0.546482,-1.91946
94.6265,-0.7373109999999999,-2.43515
94.6843,-0.8858,-2.68552
94.7323,-1.0181,-2.80558
94.7747,-1.13765,-2.82153
94.8171,-1.2557200000000002,-2.7324200000000003
94.8525,-1.3499299999999999,-2.56429
94.88799999999999,-1.43654,-2.30373
94.9235,-1.51225,-1.94963
94.9537,-1.5657,-1.5785
94.9839,-1.60707,-1.15209
95.0141,-1.63489,-0.682914
95.0443,-1.6480700000000001,-0.18700999999999998
95.0746,-1.6461,0.317317
95.1048,-1.629,0.811075
95.135,-1.59738,1.2763
95.1652,-1.5523200000000001,1.6975900000000002
95.1954,-1.49536,2.06324
95.2256,-1.42828,2.3658200000000003
95.2558,-1.35306,2.60215
95.2861,-1.2717,2.77287
95.3176,-1.18214,2.88519
95.351,-1.08493,2.9376
95.3865,-0.9805309999999999,2.92929
95.4249,-0.869361,2.85969
95.4669,-0.751727,2.72784
95.514,-0.62773,2.5310900000000003
95.5685,-0.49693000000000004,2.26192
95.6359,-0.35670599999999997,1.89645
95.7432,-0.185579,1.29033
95.8506,-0.0793848,0.691095
95.9579,-0.036323699999999993,0.11602799999999999
96.084,-0.062081700000000004,-0.515822
96.2256,-0.181233,-1.15321
96.3312,-0.325278,-1.56293
96.4152,-0.46818699999999996,-1.82935
96.4856,-0.603001,-1.9912400000000001
96.5467,-0.727328,-2.06629
96.6078,-0.853828,-2.05861
96.6574,-0.95425,-1.9758799999999999
96.70700000000001,-1.04861,-1.81298
96.7505,-1.1230200000000001,-1.59907
96.794,-1.1866700000000001,-1.31828
96.8374,-1.2367299999999999,-0.9757170000000001
96.8809,-1.27075,-0.582255
96.9187,-1.2858100000000001,-0.21135
96.9565,-1.28656,0.172757
96.9943,-1.2727700000000002,0.556049
97.0321,-1.24472,0.924947
97.0698,-1.20319,1.26763
97.1076,-1.14936,1.57507
97.1454,-1.08466,1.84159
97.1841,-1.00895,2.0695099999999997
97.2241,-0.9221440000000001,2.25914
97.266,-0.824075,2.4114299999999997
97.3105,-0.714167,2.52898
97.3583,-0.591071,2.6163
97.4107,-0.451982,2.68005
97.4702,-0.29094699999999996,2.72969
97.5419,-0.093525,2.77936
97.6391,0.180032,2.85174
97.7375,0.46405799999999997,2.91661
97.8009,0.649311,2.9201200000000003
97.8536,0.802276,2.87082
97.9063,0.9507979999999999,2.74724
97.9486,1.06351,2.5771900000000003
97.9908,1.1674799999999999,2.3318
98.0281,1.2493299999999998,2.0472900000000003
98.0654,1.31938,1.69905
98.1027,1.37532,1.29256
98.14,1.41519,0.838988
98.1727,1.43575,0.415112
98.2054,1.44224,-0.0188392
98.2381,1.4345700000000001,-0.44816999999999996
98.2709,1.41313,-0.8583770000000001
98.3036,1.37875,-1.23643
98.3363,1.3326799999999999,-1.57178
98.369,1.27644,-1.85706
98.4022,1.2107700000000001,-2.0910900000000003
98.4364,1.1359700000000001,-2.2731
98.47200000000001,1.0526200000000001,-2.40097
98.5094,0.9613459999999999,-2.47313
98.54899999999999,0.862786,-2.48864
98.5916,0.757567,-2.44671
98.6379,0.6463409999999999,-2.34612
98.6893,0.529837,-2.18399
98.7476,0.40897,-1.9535200000000001
98.8165,0.285059,-1.6380000000000001
98.905,0.15976300000000002,-1.1869100000000001
99.0334,0.0527018,-0.470538
99.1617,0.0411995,0.298766
99.2704,0.110446,0.9788680000000001
99.3623,0.22725599999999999,1.56453
99.4542,0.397741,2.14323
99.5461,0.61965,2.67354
99.6076,0.793244,2.95719
99.6569,0.9432590000000001,3.10702
99.6998,1.0776700000000001,3.1533700000000002
99.7426,1.21193,3.09614
99.7778,1.31871,2.95454
99.81299999999999,1.41883,2.71602
99.844,1.4987700000000002,2.4205900000000002
99.8751,1.56829,2.04604
99.9061,1.62504,1.59856
99.9372,1.66691,1.0902399999999999
99.9642,1.68999,0.6111300000000001
99.9913,1.6998099999999998,0.113401
100.0,1.7001,-0.0481848
