,gamma,gamma_dot
0.06009615324519231,0.701788,0.49961400000000006
0.12019230649038462,0.536457,0.0
0.18028845973557694,0.356451,0.29018
0.24038461298076924,0.312272,0.16046300000000002
0.30048076622596154,0.0933523,0.0670312
0.3605769194711539,0.22477199999999997,0.024362400000000003
0.4206730727163462,0.0,0.074158
0.4807692259615385,0.161904,0.0
0.5408653792067308,0.0,0.033043699999999995
0.6009615324519231,0.000295896,0.173229
0.6610576856971154,0.253184,0.282477
0.7211538389423078,0.174009,0.444665
0.7812499921875,0.287105,0.43876000000000004
0.8413461454326924,0.269424,0.413095
0.9014422986778846,0.254618,0.377848
0.961538451923077,0.0685823,0.34771799999999997
1.0216346051682692,0.21180300000000002,0.21311100000000002
1.0817307584134617,0.17313499999999998,0.221144
1.141826911658654,0.100451,0.339871
1.2019230649038462,0.244504,0.0742461
1.2620192181490386,0.026708,0.0
1.3221153713942309,0.0,0.0
1.382211524639423,0.17012,0.0
1.4423076778846156,0.141181,0.0627687
1.5024038311298078,0.0178947,0.0345569
1.562499984375,0.0316758,0.0490818
1.6225961376201923,0.163824,0.337223
1.6826922908653847,0.219825,0.310975
1.742788444110577,0.21605100000000002,0.32367199999999996
1.8028845973557692,0.190632,0.30880100000000005
1.8629807506009617,0.178992,0.0942116
1.923076903846154,0.144216,0.19154300000000002
1.9831730570913462,0.08134860000000001,0.0663684
2.0432692103365384,0.09141210000000001,0.111863
2.1033653635817307,0.050777300000000004,0.061177800000000004
2.1634615168269233,0.010676399999999999,0.0131286
2.2235576700721156,0.00292409,0.00601123
2.283653823317308,0.0,0.11318399999999999
2.3437499765625,0.00432466,0.00811815
2.4038461298076923,0.133899,0.149087
2.4639422830528845,0.0799317,0.15381
2.5240384362980772,0.020579300000000002,0.047735900000000005
2.5841345895432695,0.12397799999999999,0.121866
2.6442307427884617,0.0988409,0.0351972
2.704326896033654,0.10033099999999999,0.0
2.764423049278846,0.118172,0.0997247
2.8245192025240384,0.11483199999999999,0.100517
2.884615355769231,0.040443599999999996,0.0834096
2.9447115090144234,0.12481800000000001,0.0864915
3.0048076622596156,0.09540080000000001,0.08869830000000001
3.064903815504808,0.08458860000000001,0.061587199999999995
3.12499996875,0.0726398,0.0621205
3.1850961219951923,0.0542139,0.066617
3.2451922752403846,0.0636524,0.00988855
3.3052884284855772,0.015550399999999999,0.0
3.3653845817307695,0.044206999999999996,0.0235232
3.4254807349759617,0.0447678,0.0658533
3.485576888221154,0.043012699999999994,0.075288
3.545673041466346,0.042595999999999995,0.0826961
3.6057691947115385,0.0425023,0.10249000000000001
3.665865347956731,0.0245774,0.0
3.7259615012019234,0.030436900000000003,0.0825494
3.7860576544471156,0.036814599999999996,0.06761389999999999
3.846153807692308,0.0410769,0.0637947
3.9062499609375,0.0032653,0.031795
3.9663461141826923,0.0,0.0
4.026442267427885,0.0,0.00115355
4.086538420673077,0.00181701,0.0230475
4.146634573918269,0.0,0.10858499999999999
4.206730727163461,0.014591999999999999,0.0989309
4.266826880408654,0.0376739,0.0616501
4.326923033653847,0.0491028,0.0874332
4.387019186899039,0.045755699999999996,0.0878177
4.447115340144231,0.0,0.06555119999999999
4.507211493389423,0.0137222,0.0
4.567307646634616,0.0,0.052874800000000007
4.627403799879808,0.0,0.0428329
4.687499953125,0.00643117,0.0289108
4.747596106370192,0.0,0.0182812
4.807692259615385,0.0,0.060441800000000004
4.867788412860577,0.0008933910000000001,0.0
4.927884566105769,0.0,0.0
4.987980719350961,0.031741700000000005,0.0
5.0480768725961545,0.0,0.0
5.108173025841347,0.023971,0.0331658
5.168269179086539,0.0,0.0398435
5.228365332331731,0.00603446,0.048795599999999995
5.288461485576923,0.011813500000000001,0.0470084
5.348557638822116,0.0,0.0
5.408653792067308,0.00380926,0.034635
5.4687499453125,0.0182049,0.0
5.528846098557692,0.08466710000000001,0.0
5.588942251802885,0.0,0.0
5.649038405048077,0.0,0.00360393
5.709134558293269,0.0,0.00054323
5.769230711538462,0.0856457,0.0
5.8293268647836545,0.0492828,0.0
5.889423018028847,0.0306562,0.014363399999999998
5.949519171274039,0.0557039,0.030423500000000003
6.009615324519231,0.0956474,0.0411074
6.069711477764423,0.08712389999999999,0.068138
6.129807631009616,0.07287060000000001,0.062472900000000005
6.189903784254808,0.06626810000000001,0.060164699999999995
6.2499999375,0.0,0.0532654
6.310096090745192,0.0,0.0
6.370192243990385,0.0,0.0
6.430288397235577,0.0512234,0.0
6.490384550480769,0.0100076,0.00263927
6.550480703725962,0.00458107,0.00182287
6.6105768569711545,0.00141359,0.0
6.670673010216347,0.0,0.0
6.730769163461539,1.84788e-05,0.0
6.790865316706731,0.00490018,0.03171040000000001
6.8509614699519235,0.060813099999999995,0.033063999999999996
6.911057623197116,0.040985,0.0
6.971153776442308,0.0438191,0.0368987
7.0312499296875,0.0084331,0.0413255
7.091346082932692,0.020615099999999997,0.0245174
7.151442236177885,0.0,0.0240511
7.211538389423077,0.0,0.0163026
7.271634542668269,0.000866335,0.0128234
7.331730695913462,0.0,0.00626374
7.3918268491586545,0.0502712,0.00044212300000000005
7.451923002403847,0.0,2.72598e-05
7.512019155649039,0.0,0.017797900000000002
7.572115308894231,0.041742400000000006,0.00179989
7.6322114621394235,0.0,0.00784017
7.692307615384616,0.00524285,0.013147999999999998
7.752403768629808,0.0262444,0.0437461
7.812499921875,0.0295973,0.0
7.872596075120192,0.0346531,0.029559600000000002
7.932692228365385,0.03703630000000001,0.0
7.992788381610577,0.0119227,0.0186636
8.05288453485577,0.0300018,0.0472543
8.112980688100961,0.0115,0.0
8.173076841346154,0.0102266,0.0
8.233172994591346,0.00165209,0.00394295
8.293269147836538,3.22467e-05,0.00023301799999999998
8.35336530108173,0.00047474800000000004,0.07716410000000001
8.413461454326923,0.0538259,0.0085285
8.473557607572117,0.0367967,0.0664218
8.533653760817309,0.0678433,0.0643068
8.593749914062501,0.029511900000000004,0.0586203
8.653846067307693,0.0458398,0.0702243
8.713942220552886,0.040114300000000006,0.0692003
8.774038373798078,0.0220162,0.0672078
8.83413452704327,0.0,0.0795653
8.894230680288462,0.0126792,0.0593313
8.954326833533655,0.030592,0.0379004
9.014422986778847,0.0088703,0.030341399999999998
9.074519140024039,0.00391095,0.05766810000000001
9.134615293269231,0.00169655,0.0
9.194711446514424,0.0,0.00033140400000000004
9.254807599759616,0.06825099999999999,0.0411699
9.314903753004808,0.057297100000000004,0.0816408
9.37499990625,0.0611441,0.00379731
9.435096059495192,0.0,0.0102272
9.495192212740385,0.056690599999999994,0.10279200000000001
9.555288365985577,0.0841587,0.11200299999999999
9.61538451923077,0.06777810000000001,0.10001499999999999
9.675480672475961,0.03361140000000001,0.0989812
9.735576825721154,0.0314466,0.0922534
9.795672978966346,0.016218299999999998,0.028006599999999996
9.855769132211538,0.0,0.0238928
9.91586528545673,0.00992683,0.017814
9.975961438701923,0.019045799999999998,0.025991300000000002
10.036057591947117,0.00211907,0.00485468
10.096153745192309,0.0,0.0
10.156249898437501,0.00932723,0.15773199999999998
10.216346051682693,0.014340100000000001,0.050718599999999996
10.276442204927886,0.09135399999999999,0.0608765
10.336538358173078,0.126154,0.0941774
10.39663451141827,0.11391400000000002,0.153131
10.456730664663462,0.109806,0.13806500000000002
10.516826817908655,0.103152,0.12229100000000001
10.576922971153847,0.10616099999999999,0.122359
10.637019124399039,0.0,0.107635
10.697115277644231,0.07772639999999999,0.125399
10.757211430889424,0.09368939999999999,0.0
10.817307584134616,0.0893668,0.0
10.877403737379808,0.00809893,0.027421800000000003
10.937499890625,0.0525862,0.0108971
10.997596043870193,0.0,0.00114466
11.057692197115385,0.0,0.0
11.117788350360577,0.0,0.0
11.17788450360577,0.017687900000000003,0.015386600000000002
11.237980656850961,0.0409834,0.108671
11.298076810096154,0.0590533,0.0887304
11.358172963341346,0.113705,0.14286600000000002
11.418269116586538,0.087563,0.136713
11.47836526983173,0.0772646,0.126566
11.538461423076924,0.0509849,0.0
11.598557576322117,0.016830200000000003,0.0
11.658653729567309,0.00902641,0.06128290000000001
11.718749882812501,0.0178962,0.0318462
11.778846036057693,0.00209405,0.028830599999999998
11.838942189302886,0.09447389999999999,0.00699406
11.899038342548078,0.0,0.00235465
11.95913449579327,0.0,0.0
12.019230649038462,0.208819,0.00796886
12.079326802283655,0.196021,0.0
12.139422955528847,0.208132,0.0623763
12.199519108774039,0.21427100000000002,0.116834
12.259615262019231,0.22491599999999998,0.199275
12.319711415264424,0.21840700000000002,0.189307
12.379807568509616,0.0614436,0.0584139
12.439903721754808,0.05855319999999999,0.145147
12.499999875,0.0,0.10167799999999999
12.560096028245193,0.0,0.0
12.620192181490385,0.0265312,0.029622199999999998
12.680288334735577,0.0,0.0578062
12.74038448798077,0.0362467,0.0218997
12.800480641225962,0.0,0.00266066
12.860576794471154,0.00441522,0.0
12.920672947716346,0.00108979,0.0305091
12.980769100961538,0.00333242,0.11137899999999999
13.04086525420673,0.0743987,0.0101508
13.100961407451925,0.0582505,0.0666155
13.161057560697117,0.0694572,0.09614810000000001
13.221153713942309,0.07486330000000001,0.0
13.281249867187501,0.0676018,0.0
13.341346020432693,0.0354763,0.030616
13.401442173677886,0.0,0.0248835
13.461538326923078,0.039438,0.024138
13.52163448016827,0.0271785,0.0532826
13.581730633413462,0.0,0.0111653
13.641826786658655,0.0,0.0
13.701922939903847,0.000354924,0.0029561
13.76201909314904,0.0,0.0
13.822115246394231,0.0,0.000347825
13.882211399639424,0.024925,0.0985964
13.942307552884616,0.00547342,0.0
14.002403706129808,0.06374099999999999,0.010445200000000002
14.062499859375,0.06309,0.0797008
14.122596012620193,0.0428933,0.069608
14.182692165865385,0.0662567,0.09656110000000001
14.242788319110577,0.0648428,0.0905985
14.30288447235577,0.0178649,0.0754934
14.362980625600962,0.0162263,0.052735699999999996
14.423076778846154,0.0,0.0
14.483172932091346,0.0,0.0430795
14.543269085336538,0.00284269,0.0
14.60336523858173,0.00056478,0.0
14.663461391826925,0.0009340039999999999,0.0
14.723557545072117,0.0,0.0
14.783653698317309,0.0207105,0.039098900000000006
14.843749851562501,0.00511685,0.0130078
14.903846004807694,0.00543217,0.0137571
14.963942158052886,0.0,0.0370713
15.024038311298078,0.029495099999999996,0.0447994
15.08413446454327,0.0,0.0414226
15.144230617788462,0.026106099999999997,0.0
15.204326771033655,0.0222541,0.0
15.264422924278847,0.0,0.013422799999999999
15.32451907752404,0.0,0.00801411
15.384615230769231,0.0,0.00714541
15.444711384014424,0.00562471,0.00263635
15.504807537259616,0.0,0.0
15.564903690504808,0.017301300000000002,0.00563434
15.62499984375,0.015034,0.016909200000000003
15.685095996995193,0.012934999999999999,0.011709700000000002
15.745192150240385,0.0126115,0.022481900000000003
15.805288303485577,0.00422876,0.019159799999999998
15.86538445673077,0.0,0.00492343
15.925480609975962,0.0102584,0.0
15.985576763221154,0.0,0.0199433
16.045672916466348,0.0,0.018453400000000002
16.10576906971154,0.0,0.0
16.165865222956732,0.0,0.0
16.225961376201923,0.0,0.00205852
16.286057529447117,0.0,0.0
16.346153682692307,9.317719999999999e-05,0.000270033
16.4062498359375,0.0,0.0
16.46634598918269,0.0029346,0.0
16.526442142427886,0.0195507,0.0148236
16.586538295673076,0.0,0.0
16.64663444891827,0.00596961,0.0
16.70673060216346,0.0,0.0
16.766826755408655,0.00903457,0.0
16.826922908653845,0.0,0.0
16.88701906189904,0.0,0.0
16.947115215144233,0.0,0.0
17.007211368389424,0.0,0.00285723
17.067307521634618,0.0,0.00029763799999999997
17.127403674879808,2.02224e-05,0.0
17.187499828125002,0.0323436,0.00438479
17.247595981370193,0.0,0.0016741
17.307692134615387,0.0,0.0
17.367788287860577,0.0,0.0
17.42788444110577,0.011477,0.0
17.48798059435096,0.0,0.0
17.548076747596156,0.00838818,0.0
17.608172900841346,0.00144276,0.0
17.66826905408654,0.00067612,0.0
17.72836520733173,0.0712258,0.00608322
17.788461360576925,0.0,0.0
17.848557513822115,0.0617066,8.8398e-06
17.90865366706731,0.058034800000000004,4.3011000000000005e-05
17.9687498203125,0.060423300000000006,0.000721944
18.028845973557694,0.00696011,0.0
18.088942126802884,0.07014119999999999,0.0
18.149038280048078,0.061956399999999995,0.023414599999999997
18.20913443329327,0.079686,0.027954900000000005
18.269230586538463,0.072961,0.0
18.329326739783653,0.0754382,0.00985841
18.389422893028847,0.06954389999999999,0.0347179
18.449519046274037,0.0224836,0.03331919999999999
18.50961519951923,0.014023599999999999,0.0
18.569711352764426,0.0,0.0
18.629807506009616,0.0,0.017629099999999998
18.68990365925481,0.00705417,0.0
18.7499998125,0.0,0.0
18.810095965745194,0.0,0.0
18.870192118990385,0.0,0.0
18.93028827223558,0.00300112,0.0
18.99038442548077,0.00488138,0.0
19.050480578725963,0.00126185,0.013011799999999999
19.110576731971154,0.00313154,0.0231836
19.170672885216348,0.011959299999999999,0.023747400000000002
19.23076903846154,0.0261427,0.026024400000000003
19.290865191706732,0.0247669,0.0
19.350961344951923,0.0,0.0326325
19.411057498197117,0.0196929,0.029132799999999997
19.471153651442307,0.0,0.0
19.5312498046875,0.0,0.00957644
19.591345957932692,0.0,0.00351661
19.651442111177886,0.07784479999999999,0.000616508
19.711538264423076,0.0686982,0.0
19.77163441766827,0.061775300000000005,0.0
19.83173057091346,0.0552143,0.00169091
19.891826724158655,0.050731599999999995,0.046510199999999995
19.951922877403845,0.0693062,0.0
20.01201903064904,0.0499278,0.0827201
20.072115183894233,0.0494,0.01312
20.132211337139424,0.0434474,0.05137959999999999
20.192307490384618,0.0134441,0.060519
20.25240364362981,0.0,0.0173541
20.312499796875002,0.013284200000000001,0.0285374
20.372595950120193,0.0106271,0.0243732
20.432692103365387,0.00626515,0.00917186
20.492788256610577,0.00487875,0.00699291
20.55288440985577,0.0,0.019167700000000003
20.61298056310096,0.0,0.014229200000000001
20.673076716346156,0.018034599999999998,0.0595867
20.733172869591346,0.0719059,0.07235169999999999
20.79326902283654,0.08948439999999999,0.028181
20.85336517608173,0.07596499999999999,0.08029589999999999
20.913461329326925,0.034246,0.07793760000000001
20.973557482572115,0.0,0.0808689
21.03365363581731,0.0453423,0.0705433
21.0937497890625,0.0404032,0.0680878
21.153845942307694,0.013700299999999999,0.0195785
21.213942095552884,0.0124338,0.0
21.274038248798078,0.00974192,0.014749100000000001
21.33413440204327,0.00667476,0.0309045
21.394230555288463,0.0039012,0.00532425
21.454326708533653,0.00322672,0.00231179
21.514422861778847,0.074005,0.000158914
21.57451901502404,0.040863800000000006,0.0923297
21.63461516826923,0.00709087,0.0119521
21.694711321514426,0.013053299999999999,0.07611280000000001
21.754807474759616,0.0288178,0.09354689999999999
21.81490362800481,0.0572691,0.0673275
21.87499978125,0.07128789999999999,0.10086200000000001
21.935095934495195,0.0597581,0.0921415
21.995192087740385,0.05558300000000001,0.0292293
22.05528824098558,0.026614699999999998,0.0
22.11538439423077,0.0360657,0.0
22.175480547475964,0.0,0.0462143
22.235576700721154,0.08482719999999999,0.0
22.295672853966348,0.0,0.00689296
22.35576900721154,0.0,0.0
22.415865160456732,0.0,0.041279500000000004
22.475961313701923,0.0,0.00209033
22.536057466947117,0.07584550000000001,0.134795
22.596153620192307,0.0513885,0.00738532
22.6562497734375,0.0750212,0.14379
22.716345926682692,0.13895,0.144491
22.776442079927886,0.0765959,0.154165
22.836538233173076,0.0,0.126756
22.89663438641827,0.022418200000000003,0.103747
22.95673053966346,0.0,0.0
23.016826692908655,0.051577099999999994,0.0506481
23.07692284615385,0.10295499999999999,0.0192497
23.13701899939904,0.0,0.0
23.197115152644233,0.0100976,0.0172081
23.257211305889424,0.00797811,0.0072741
23.317307459134618,0.00298757,0.000752573
23.37740361237981,0.0711345,0.0
23.437499765625002,0.0,0.0818476
23.497595918870193,0.0,0.0319093
23.557692072115387,0.0,0.11409100000000001
23.617788225360577,0.0570837,0.12343
23.67788437860577,0.061485000000000005,0.11148800000000002
23.737980531850962,0.060174599999999995,0.109607
23.798076685096156,0.018231400000000002,0.0297633
23.858172838341346,0.0149714,0.0329702
23.91826899158654,0.0,0.0263899
23.97836514483173,0.0201432,0.0
24.038461298076925,0.0,0.015109299999999999
