,x,xdot
1e-06,6.04e-10,0.000608
6e-06,3.744e-09,0.000648
3.1e-05,2.2444000000000002e-08,0.0008479989999999999
0.000156,1.90944e-07,0.00184799
0.000781,2.9084199999999997e-06,0.00684791
0.003906,6.33683e-05,0.031846
0.019531,0.0015372,0.156789
0.09765599999999999,0.0381301,0.779147
0.19654100000000002,0.153694,1.55518
0.295425,0.344771,2.30222
0.39431,0.60654,2.9717599999999997
0.449589,0.7793760000000001,3.2679
0.495906,0.934998,3.43706
0.5364220000000001,1.07582,3.49873
0.576939,1.21706,3.45316
0.610395,1.33057,3.3163099999999996
0.6438510000000001,1.43781,3.0764
0.677308,1.53519,2.72575
0.705441,1.60669,2.34459
0.733574,1.66641,1.8894
0.761707,1.7124,1.37014
0.78984,1.7430400000000001,0.80173
0.817974,1.75722,0.203273
0.8461069999999999,1.7544,-0.403485
0.87424,1.73465,-0.9960870000000001
0.902373,1.6986900000000003,-1.55344
0.9305059999999999,1.64775,-2.05766
0.9586399999999999,1.5835299999999999,-2.49539
0.986773,1.50804,-2.8584099999999997
1.01491,1.42343,-3.14359
1.04304,1.33188,-3.3522800000000004
1.0718,1.23328,-3.4916699999999996
1.1020299999999998,1.1264399999999999,-3.5660199999999995
1.13419,1.01144,-3.5758199999999998
1.1688100000000001,0.8884110000000001,-3.5216300000000005
1.20664,0.757245,-3.4038800000000005
1.24882,0.61736,-3.22181
1.2973,0.467105,-2.9708200000000002
1.35638,0.301448,-2.6334
1.4449,0.0915808,-2.10682
1.53342,-0.071621,-1.58176
1.6249799999999999,-0.191951,-1.04864
1.73406,-0.272412,-0.430225
1.86444,-0.282222,0.270864
1.96849,-0.226927,0.783874
2.07255,-0.120903,1.2449
2.1766,0.030239799999999997,1.6509
2.28398,0.22729899999999997,2.0077599999999998
2.36354,0.395789,2.21834
2.43087,0.5496300000000001,2.3414599999999997
2.48921,0.687904,2.38731
2.54755,0.8266629999999999,2.35422
2.59492,0.9360729999999999,2.25277
2.64229,1.03883,2.0716799999999997
2.68396,1.12057,1.84
2.7256299999999998,1.19121,1.53898
2.7673,1.24791,1.17254
2.80896,1.28815,0.750687
2.84532,1.3082200000000002,0.349497
2.88168,1.31336,-0.0686813
2.91804,1.3032,-0.48921099999999995
2.9544,1.27793,-0.89755
2.99076,1.23824,-1.2807
3.02712,1.18523,-1.62838
3.0634799999999998,1.1203299999999998,-1.9337799999999998
3.10034,1.04408,-2.19696
3.1383799999999997,0.9561059999999999,-2.42004
3.17808,0.856215,-2.60414
3.21999,0.7438130000000001,-2.752
3.26488,0.6175470000000001,-2.86839
3.3138699999999996,0.474637,-2.96047
3.36895,0.30935999999999997,-3.03844
3.43413,0.108707,-3.11734
3.5197,-0.162448,-3.22098
3.61081,-0.46072700000000005,-3.3201199999999997
3.6703300000000003,-0.659312,-3.3445199999999997
3.71945,-0.82301,-3.30925
3.76272,-0.9643879999999999,-3.21295
3.806,-1.09989,-3.03417
3.8425199999999995,-1.20676,-2.80537
3.8790400000000003,-1.3038299999999998,-2.49682
3.9155599999999997,-1.3881299999999999,-2.10597
3.9471800000000004,-1.44851,-1.70432
3.9788,-1.49537,-1.25181
4.01042,-1.52726,-0.760493
4.0420300000000005,-1.54321,-0.246126
4.07365,-1.54277,0.273123
4.10527,-1.52609,0.778385
4.13689,-1.49389,1.25191
4.1685,-1.4474200000000002,1.67867
4.20012,-1.38835,2.04754
4.23174,-1.31863,2.35177
4.26336,-1.24034,2.58898
4.29539,-1.15445,2.76238
4.328790000000001,-1.0601,2.87627
4.36404,-0.9575959999999999,2.9304799999999998
4.40163,-0.847361,2.92488
4.44223,-0.729753,2.8593599999999997
4.48677,-0.605009,2.73307
4.53669,-0.47315799999999997,2.54284
4.59441,-0.333798,2.27953
4.66528,-0.184936,1.91585
4.77312,-0.0105532,1.3093299999999999
4.88097,0.0958337,0.6568350000000001
4.99022,0.129762,-0.041081099999999995
5.13365,0.0558607,-0.9945780000000001
5.227,-0.0664683,-1.62696
5.312469999999999,-0.23029299999999997,-2.2057700000000002
5.397930000000001,-0.44297200000000003,-2.76499
5.4834,-0.700862,-3.25002
5.53327,-0.868391,-3.4538900000000003
5.57602,-1.01836,-3.5482199999999997
5.61876,-1.17022,-3.53749
5.6531400000000005,-1.29029,-3.43126
5.68752,-1.40497,-3.22165
5.7175400000000005,-1.49777,-2.94535
5.74756,-1.58091,-2.57884
5.77758,-1.65173,-2.1247599999999998
5.80406,-1.7019400000000002,-1.65877
5.83054,-1.73912,-1.14247
5.8570199999999994,-1.7621200000000001,-0.590334
5.88349,-1.7702200000000001,-0.0196763
5.9099699999999995,-1.7631700000000001,0.5506310000000001
5.93645,-1.7412299999999998,1.10171
5.96293,-1.70515,1.6162299999999998
5.9894099999999995,-1.65609,2.07967
6.01588,-1.5955700000000002,2.48127
6.0423599999999995,-1.5253,2.81438
6.06884,-1.44716,3.07638
6.09609,-1.36049,3.27279
6.12451,-1.26544,3.40305
6.15444,-1.16248,3.46579
6.18626,-1.05209,3.4600800000000005
6.22049,-0.934751,3.38521
6.25783,-0.8108770000000001,3.23999
6.29933,-0.6807840000000001,3.0215099999999997
6.3467,-0.54457,2.72233
6.40333,-0.40157,2.32249
6.48013,-0.245279,1.74327
6.56965,-0.120288,1.0473700000000001
6.66136,-0.05714119999999999,0.329872
6.7678899999999995,-0.0661302,-0.49640200000000007
6.8742399999999995,-0.161962,-1.30145
6.980580000000001,-0.34160100000000004,-2.06802
7.086930000000001,-0.598737,-2.74512
7.1439,-0.763566,-3.02751
7.192,-0.913393,-3.18788
7.23418,-1.04935,-3.2438599999999997
7.27635,-1.18556,-3.19548
7.311260000000001,-1.2949899999999999,-3.0592799999999998
7.34616,-1.3979700000000002,-2.8237900000000002
7.381069999999999,-1.49089,-2.48243
7.41047,-1.55863,-2.11294
7.4398800000000005,-1.61447,-1.67398
7.46928,-1.6565,-1.17591
7.49869,-1.6831900000000002,-0.633829
7.52809,-1.6935200000000001,-0.0666194
7.55749,-1.68707,0.504613
7.5869,-1.66402,1.05849
7.6163,-1.6251799999999998,1.57535
7.64571,-1.5719,2.03899
7.675110000000001,-1.50591,2.4377400000000002
7.70452,-1.42924,2.76499
7.7339199999999995,-1.34402,3.01895
7.763319999999999,-1.2524,3.20193
7.793880000000001,-1.15255,3.32274
7.82614,-1.0442,3.3828400000000003
7.86061,-0.92743,3.38299
7.89791,-0.802157,3.3243400000000003
7.93898,-0.667875,3.20787
7.985289999999999,-0.523221,3.0331099999999998
8.03968,-0.364648,2.79451
8.11014,-0.179325,2.46351
8.2004,0.0237159,2.03654
8.29067,0.188631,1.61932
8.39156,0.328909,1.16262
8.50313,0.430799,0.665412
8.5984,0.47440699999999997,0.25290999999999997
8.693660000000001,0.47976499999999994,-0.135021
8.78893,0.449959,-0.482825
8.8842,0.389445,-0.778122
8.97947,0.303558,-1.01512
9.07473,0.197864,-1.1944700000000001
9.17,0.0776668,-1.3203799999999999
9.2743,-0.06477619999999999,-1.40125
9.37181,-0.202888,-1.42226
9.46071,-0.328254,-1.3890799999999999
9.549610000000001,-0.44807700000000006,-1.29559
9.62464,-0.5405810000000001,-1.16104
9.69967,-0.6208819999999999,-0.969613
9.77471,-0.6846220000000001,-0.719885
9.849739999999999,-0.727567,-0.41666400000000003
9.92477,-0.746099,-0.0716708
9.9998,-0.737705,0.297937
10.0748,-0.7012520000000001,0.6731600000000001
10.1499,-0.6369600000000001,1.0377100000000001
10.2249,-0.546046,1.38184
10.2999,-0.430151,1.70402
10.375,-0.290742,2.01003
10.4552,-0.116547,2.33052
10.5442,0.106795,2.6890400000000003
10.6332,0.362093,3.04488
10.7222,0.6473260000000001,3.3480199999999996
10.7726,0.818868,3.4530199999999995
10.8162,0.9701,3.4730000000000003
10.8598,1.12026,3.3990099999999996
10.8952,1.23841,3.2501599999999997
10.9307,1.34965,3.00751
10.9619,1.43917,2.70887
10.9932,1.51807,2.32903
11.0244,1.58389,1.87202
11.0557,1.63435,1.3481299999999998
11.0828,1.6642700000000001,0.851403
11.1099,1.68035,0.330575
11.1371,1.6821400000000002,-0.198355
11.1642,1.66966,-0.7186279999999999
11.1914,1.64336,-1.2140799999999998
11.2185,1.6041100000000001,-1.67039
11.2456,1.55315,-2.07609
11.2728,1.49196,-2.42311
11.2999,1.4222,-2.70701
11.3281,1.34264,-2.93367
11.3573,1.25419,-3.09839
11.388,1.15746,-3.1989900000000002
11.4204,1.053,-3.23429
11.4551,0.9413520000000001,-3.20357
11.4925,0.822997,-3.10603
11.5337,0.698395,-2.93993
11.5799,0.567945,-2.70078
11.6334,0.4319,-2.37741
11.6992,0.289697,-1.9384299999999999
11.8023,0.127447,-1.20241
11.9054,0.042834699999999996,-0.43549099999999996
12.0143,0.0403999,0.392764
12.118,0.12225699999999999,1.18593
12.207,0.25793299999999997,1.8598299999999999
12.2961,0.452588,2.50547
12.3851,0.701596,3.06692
12.4365,0.865742,3.3071
12.4802,1.01344,3.42876
12.524000000000001,1.1642299999999999,3.4427300000000005
12.559000000000001,1.28335,3.3546699999999996
12.5939,1.3976,3.16168
12.6243,1.4899799999999999,2.89949
12.6547,1.57301,2.54599
12.6851,1.64392,2.10351
12.7119,1.69419,1.64802
12.7386,1.73157,1.14116
12.7653,1.7548700000000002,0.597241
12.7921,1.76332,0.0334786
12.8188,1.75665,-0.531284
12.8455,1.73508,-1.07813
12.8723,1.69933,-1.5896299999999999
12.899000000000001,1.6505400000000001,-2.05116
12.9257,1.5902100000000001,-2.4518
12.9525,1.52007,-2.7848
12.9792,1.4419600000000001,-3.04745
13.0066,1.3554700000000002,-3.2448599999999996
13.0352,1.26055,-3.3772599999999997
13.0654,1.15762,-3.44346
13.0974,1.04712,-3.44274
13.1319,0.929457,-3.37468
13.1695,0.804916,-3.23849
13.2113,0.673609,-3.0319
13.2591,0.535231,-2.7484
13.3166,0.38814299999999996,-2.36921
13.3965,0.220912,-1.80952
13.4844,0.08935710000000001,-1.18354
13.5755,0.0109682,-0.539966
13.6826,-0.0070437,0.19966199999999998
13.8183,0.0813367,1.09374
13.9369,0.254827,1.81875
14.0344,0.45852299999999996,2.34666
14.1007,0.624216,2.64036
14.1559,0.774994,2.81542
14.2037,0.9119229999999999,2.8915
14.2516,1.0503,2.87142
14.2907,1.1607,2.76579
14.3297,1.26519,2.56652
14.364,1.34903,2.3077
14.3983,1.42262,1.9690900000000002
14.4327,1.48327,1.5549899999999999
14.467,1.52857,1.07584
14.4967,1.55386,0.620646
14.5264,1.56525,0.14269500000000002
14.5562,1.56227,-0.342482
14.5859,1.5449700000000002,-0.8188840000000001
14.6156,1.5138200000000002,-1.2714
14.6453,1.46974,-1.6870599999999998
14.6751,1.4139700000000002,-2.05591
14.7048,1.34802,-2.37151
14.7351,1.27204,-2.63535
14.7664,1.1860700000000002,-2.84727
14.799000000000001,1.09035,-3.00642
14.8334,0.9850409999999999,-3.1130299999999997
14.87,0.8700600000000001,-3.16858
14.9094,0.7449359999999999,-3.17561
14.9525,0.608483,-3.13742
15.0011,0.458083,-3.05747
15.0579,0.287551,-2.93758
15.132,0.0761409,-2.76875
15.2253,-0.17236600000000002,-2.56107
15.324000000000002,-0.41446400000000005,-2.34005
15.395999999999999,-0.5765060000000001,-2.15444
15.4582,-0.704521,-1.95829
15.5203,-0.818924,-1.71438
15.573,-0.9027959999999999,-1.46348
15.6257,-0.972347,-1.1708399999999999
15.6784,-1.02547,-0.8409629999999999
15.731,-1.06045,-0.48401000000000005
15.7772,-1.07534,-0.160838
15.8233,-1.07534,0.159628
15.8694,-1.06085,0.465017
15.9156,-1.03284,0.7440060000000001
15.9617,-0.9927450000000001,0.9874950000000001
16.0078,-0.942365,1.1893200000000002
16.0549,-0.882489,1.34909
16.1035,-0.813826,1.4654
16.1544,-0.737247,1.53663
16.2082,-0.65367,1.56149
16.2658,-0.564095,1.53871
16.3285,-0.46970100000000004,1.46622
16.3979,-0.372056,1.33984
16.4768,-0.273566,1.15065
16.5701,-0.17852200000000001,0.878099
16.6921,-0.09632869999999999,0.458987
16.847,-0.07183339999999999,-0.15671500000000002
16.9638,-0.119822,-0.6709069999999999
17.0648,-0.21116500000000002,-1.1406
17.1659,-0.350598,-1.61988
17.2669,-0.537758,-2.0779799999999997
17.3517,-0.728228,-2.397
17.4099,-0.8724149999999999,-2.54181
17.4593,-0.999361,-2.5888
17.5086,-1.12639,-2.5413
17.5485,-1.22561,-2.4180599999999997
17.5884,-1.3182200000000002,-2.2086900000000003
17.6234,-1.39116,-1.95075
17.6584,-1.45387,-1.62471
17.6934,-1.5040799999999999,-1.23726
17.7283,-1.53983,-0.800469
17.7588,-1.55806,-0.39266100000000004
17.7893,-1.56365,0.026401599999999997
17.8198,-1.5564799999999999,0.442291
17.8503,-1.5368700000000002,0.8407450000000001
17.8807,-1.5055399999999999,1.2088
17.9112,-1.4636,1.53575
17.9417,-1.41242,1.8137299999999998
17.9726,-1.35267,2.04088
18.0045,-1.2846799999999998,2.21524
18.0377,-1.20908,2.3334599999999996
18.0725,-1.1266,2.39257
18.1094,-1.03804,2.38994
18.1491,-0.944276,2.32282
18.1925,-0.846366,2.18751
18.2407,-0.745594,1.97765
18.2964,-0.64361,1.6798799999999998
18.3654,-0.5420510000000001,1.25552
18.4476,-0.461265,0.703429
18.5298,-0.42704,0.126642
18.6121,-0.44060699999999997,-0.45633500000000005
18.6943,-0.501794,-1.02854
18.7765,-0.608839,-1.5669899999999999
18.8588,-0.757537,-2.03347
18.9268,-0.906393,-2.3205
18.9791,-1.0313299999999999,-2.4454
19.0242,-1.1424,-2.46259
19.0693,-1.25199,-2.37623
19.1067,-1.338,-2.21545
19.144000000000002,-1.41641,-1.96855
19.1814,-1.48399,-1.63635
19.2131,-1.53063,-1.29243
19.2449,-1.5655700000000001,-0.9013399999999999
19.2766,-1.58751,-0.47577600000000003
19.3084,-1.59558,-0.031299099999999996
19.3401,-1.58948,0.41489499999999996
19.3719,-1.5694,0.845499
19.4036,-1.53611,1.24463
19.4354,-1.4908299999999999,1.59914
19.4671,-1.43513,1.89946
19.4989,-1.37084,2.13999
19.5307,-1.29988,2.3189
19.5634,-1.22186,2.4403200000000003
19.5977,-1.13681,2.50382
19.6342,-1.04529,2.50752
19.6733,-0.9479799999999999,2.44948
19.7161,-0.845617,2.32718
19.7638,-0.738987,2.13619
19.8187,-0.628843,1.8667099999999999
19.8865,-0.514993,1.4901799999999998
19.9739,-0.407308,0.969609
20.0613,-0.345715,0.439687
20.1487,-0.330162,-0.0812712
20.2401,-0.361661,-0.60282
20.3361,-0.44417399999999996,-1.10861
20.4382,-0.5818909999999999,-1.57114
20.5147,-0.712597,-1.8340400000000001
20.5767,-0.8310629999999999,-1.96793
20.6309,-0.938939,-2.00546
20.685,-1.0464200000000001,-1.9505400000000002
20.7297,-1.13113,-1.82404
20.7744,-1.20842,-1.61805
20.8192,-1.2746899999999999,-1.33225
20.857,-1.31964,-1.0324799999999998
20.8949,-1.35236,-0.68838
20.9328,-1.3713799999999998,-0.311947
20.9707,-1.3757700000000002,0.0819488
21.0086,-1.36516,0.47696099999999997
21.0464,-1.33982,0.85693
21.0843,-1.30061,1.2075200000000001
21.1222,-1.24885,1.5175299999999998
21.1601,-1.18625,1.7796299999999998
21.198,-1.11467,1.99058
21.2358,-1.03608,2.15076
21.2755,-0.948219,2.2678
21.3175,-0.8512940000000001,2.3418400000000004
21.3625,-0.745162,2.37439
21.4113,-0.629192,2.3680000000000003
21.4655,-0.5018199999999999,2.32609
21.5277,-0.35936999999999997,2.25224
21.604,-0.191511,2.14803
21.7115,0.0316313,2.00794
21.8236,0.249579,1.8828900000000002
21.9432,0.467181,1.75141
22.0234,0.603352,1.63907
22.0931,0.713242,1.5081
22.1628,0.812558,1.33398
22.2217,0.8857780000000001,1.1479
22.2805,0.946968,0.9255629999999999
22.3394,0.9941030000000001,0.671455
22.3913,1.02273,0.428147
22.4433,1.03846,0.17665999999999998
22.4953,1.04114,-0.0720664
22.5472,1.03121,-0.306671
22.5992,1.00969,-0.516674
22.6511,0.9780909999999999,-0.693567
22.7031,0.938291,-0.831492
22.7556,0.8918870000000001,-0.928241
22.8102,0.8395040000000001,-0.982942
22.8678,0.782366,-0.9921989999999999
22.9297,0.722024,-0.9517260000000001
22.9975,0.6604720000000001,-0.8551700000000001
23.0748,0.600409,-0.689997
23.1653,0.548937,-0.438172
23.2643,0.5214260000000001,-0.10993
23.3481,0.524927,0.19680999999999998
23.432,0.554806,0.517347
23.5158,0.611645,0.837348
23.5996,0.694627,1.1372799999999998
23.6834,0.80097,1.38926
23.7672,0.925117,1.55481
23.8326,1.02847,1.59362
23.8866,1.1136700000000002,1.54811
23.9406,1.19426,1.42147
23.985,1.25386,1.2534
24.0294,1.30475,1.0295100000000001
24.0738,1.34457,0.7566390000000001
24.1123,1.36863,0.48943100000000006
24.1508,1.3820299999999999,0.204473
24.1893,1.3843,-0.0862841
24.2278,1.37547,-0.370251
24.2663,1.35604,-0.635316
24.3048,1.32693,-0.870885
24.3433,1.2894700000000001,-1.06867
24.3818,1.24521,-1.22312
24.4211,1.19485,-1.3332
24.462,1.13879,-1.3967100000000001
24.5053,1.07784,-1.4095600000000001
24.5519,1.01301,-1.36681
24.6031,0.945414,-1.26118
24.6623,0.8759520000000001,-1.07744
24.7314,0.8107270000000001,-0.800195
24.8027,0.76532,-0.46724799999999994
24.8741,0.7447050000000001,-0.108216
24.9366,0.747991,0.213155
24.9992,0.77123,0.527552
25.0617,0.8135789999999999,0.821766
25.1243,0.8733139999999999,1.08063
25.1869,0.947679,1.28627
25.2532,1.0381,1.42335
25.3208,1.1359299999999999,1.45127
25.3725,1.20955,1.3819700000000001
25.4242,1.27738,1.2273399999999999
25.4664,1.3254299999999999,1.0383
25.5087,1.36438,0.798035
25.5509,1.39226,0.5159189999999999
25.5932,1.40757,0.20525900000000002
25.6298,1.40996,-0.0750864
25.6665,1.40208,-0.353352
25.7032,1.38421,-0.618344
25.7399,1.3570200000000001,-0.8599959999999999
25.7765,1.32152,-1.0701
25.8132,1.27899,-1.24276
25.8512,1.2291,-1.3784399999999999
25.8906,1.1727,-1.47189
25.9321,1.11053,-1.51929
25.9762,1.04338,-1.517
26.0239,0.972081,-1.46081
26.076999999999998,0.897444,-1.34427
26.139,0.8197459999999999,-1.1528
26.213,0.744618,-0.871542
26.2879,0.6911109999999999,-0.55302
26.3628,0.662062,-0.22178299999999998
26.4377,0.6577729999999999,0.10535699999999999
26.5127,0.677381,0.413716
26.5876,0.718935,0.6886760000000001
26.6625,0.779343,0.9140870000000001
26.7385,0.855369,1.07313
26.8179,0.9439879999999999,1.14172
26.881999999999998,1.0166600000000001,1.10923
26.9379,1.07617,1.00999
26.9938,1.12826,0.843734
27.041999999999998,1.16448,0.649813
27.0903,1.19035,0.41659399999999996
27.1386,1.20423,0.154636
27.1868,1.2050299999999998,-0.122868
27.2351,1.19235,-0.401451
27.2834,1.16649,-0.6670159999999999
27.3316,1.12837,-0.9074110000000001
27.3799,1.07945,-1.11362
27.4281,1.02152,-1.28034
27.4764,0.956528,-1.40594
27.5253,0.88556,-1.49278
27.5767,0.8072,-1.54483
27.6319,0.721308,-1.5628799999999998
27.691999999999997,0.62762,-1.5483
27.7591,0.525224,-1.5031700000000001
27.8365,0.41151400000000005,-1.43
27.9338,0.277354,-1.3294700000000002
28.0686,0.10670299999999999,-1.20888
28.2033,-0.050573599999999996,-1.13343
28.3271,-0.18891,-1.1085
28.4509,-0.326423,-1.1179
28.5747,-0.466311,-1.14278
28.6985,-0.6087229999999999,-1.15259
28.7903,-0.7136359999999999,-1.1261
28.8679,-0.798938,-1.06618
28.9454,-0.877923,-0.961986
29.0095,-0.935803,-0.8389139999999999
29.0736,-0.984733,-0.6830930000000001
29.1377,-1.02275,-0.499487
29.1931,-1.04564,-0.32528
29.2485,-1.0586799999999998,-0.145102
29.3039,-1.06178,0.0318414
29.3593,-1.05539,0.196128
29.4147,-1.04044,0.339121
29.4701,-1.01834,0.45380200000000004
29.5255,-0.9907739999999999,0.535308
29.5825,-0.958758,0.5818800000000001
29.6427,-0.9232870000000001,0.589683
29.708000000000002,-0.8857209999999999,0.552401
29.783,-0.8475469999999999,0.45735200000000004
29.8631,-0.81672,0.305021
29.9431,-0.799746,0.113685
30.0122,-0.7982130000000001,-0.07148760000000001
30.0812,-0.80981,-0.26492
30.1503,-0.8347479999999999,-0.455971
30.2194,-0.8724620000000001,-0.632903
30.2884,-0.921535,-0.782652
30.3575,-0.9796040000000001,-0.891015
30.4273,-1.04403,-0.9437700000000001
30.5003,-1.11267,-0.923717
30.5601,-1.16583,-0.843341
30.6199,-1.21243,-0.705051
30.6689,-1.24338,-0.552741
30.7179,-1.26615,-0.372305
30.767,-1.27957,-0.17321199999999998
30.816,-1.2830000000000001,0.0330753
30.865,-1.27641,0.23421599999999998
30.914,-1.26033,0.418289
30.963,-1.23586,0.5749989999999999
31.011999999999997,-1.20455,0.696583
31.061,-1.16824,0.7782600000000001
31.11,-1.12895,0.818242
31.1614,-1.08673,0.816312
31.2177,-1.04193,0.766678
31.2837,-0.9947969999999999,0.654451
31.3546,-0.954208,0.48290600000000006
31.416999999999998,-0.929594,0.301561
31.4795,-0.9168709999999999,0.10413
31.541999999999998,-0.916683,-0.09797239999999999
31.6044,-0.9289729999999999,-0.293514
31.6669,-0.9529790000000001,-0.471254
31.7294,-0.9872360000000001,-0.619849
31.7918,-1.02957,-0.728047
31.8551,-1.07781,-0.785714
31.9249,-1.13279,-0.778065
31.9946,-1.18444,-0.689754
32.0484,-1.21843,-0.567773
32.1021,-1.24473,-0.404615
32.1493,-1.25989,-0.23492
32.1964,-1.26664,-0.04943
32.2436,-1.2644600000000001,0.141899
32.2908,-1.2533299999999998,0.32869699999999996
32.338,-1.2336799999999999,0.5011680000000001
32.3851,-1.2064,0.6509699999999999
32.4323,-1.17272,0.771856
32.4795,-1.13409,0.859974
32.5282,-1.09074,0.915008
32.5796,-1.04301,0.9343389999999999
32.6351,-0.99154,0.9139799999999999
32.696999999999996,-0.936823,0.8478209999999999
32.7702,-0.879074,0.7230270000000001
32.8499,-0.8282010000000001,0.5475979999999999
32.9297,-0.79233,0.349813
32.9999,-0.774065,0.170698
33.0701,-0.768223,-0.00250243
33.1403,-0.7740670000000001,-0.16078199999999998
33.2105,-0.790257,-0.295917
33.2828,-0.815735,-0.40288
33.3585,-0.849138,-0.47189200000000003
33.4409,-0.8891979999999999,-0.48917
33.5234,-0.928007,-0.441144
33.5959,-0.95683,-0.345301
33.6685,-0.9770270000000001,-0.20466600000000001
33.7308,-0.98525,-0.0555251
33.7932,-0.983592,0.11080899999999999
33.8555,-0.971281,0.284561
33.9178,-0.9481639999999999,0.455929
33.9802,-0.9146690000000001,0.616255
34.0425,-0.8717,0.7589739999999999
34.1048,-0.820493,0.8801379999999999
34.1672,-0.762444,0.978485
34.2328,-0.695439,1.05864
34.3027,-0.619185,1.1213
34.3783,-0.5325310000000001,1.16944
34.4621,-0.432827,1.20862
34.5592,-0.313458,1.24905
34.6881,-0.148318,1.3170899999999999
34.8347,0.0529457,1.43803
34.9398,0.210129,1.55603
35.0471,0.384198,1.6895099999999998
35.1544,0.571897,1.80244
35.2303,0.710348,1.8380599999999998
35.2936,0.826313,1.81618
35.3569,0.938881,1.7277
35.4081,1.02424,1.59604
35.4593,1.10134,1.4045299999999998
35.5044,1.15998,1.18554
35.5496,1.20773,0.923308
35.5947,1.24281,0.625923
35.6399,1.26389,0.305467
35.685,1.27027,-0.0229803
35.7302,1.26194,-0.342959
35.7753,1.23967,-0.638529
35.8204,1.20487,-0.896043
35.8656,1.1595,-1.10542
35.9107,1.10588,-1.26075
35.9559,1.04651,-1.36012
36.001,0.9838969999999999,-1.40507
36.0488,0.9167069999999999,-1.3977600000000001
36.1004,0.8460469999999999,-1.33397
36.1573,0.773474,-1.20686
36.2227,0.7009270000000001,-1.00237
36.3019,0.63342,-0.692854
36.3887,0.5899810000000001,-0.30145
36.4633,0.580919,0.061318
36.5379,0.599381,0.43402299999999994
36.6125,0.6455890000000001,0.802373
36.6872,0.718583,1.14848
36.7618,0.815842,1.4479600000000001
36.8364,0.9327049999999999,1.66755
36.9024,1.04641,1.76167
36.9551,1.13942,1.7472900000000002
37.0016,1.2187299999999999,1.6564299999999998
37.048,1.29199,1.48605
37.0878,1.34713,1.27647
37.1276,1.3928200000000002,1.01245
37.1673,1.42707,0.702693
37.2071,1.4482899999999999,0.360203
37.2418,1.45539,0.0475864
37.2765,1.45159,-0.26548
37.3112,1.4371,-0.566878
37.3459,1.4125299999999998,-0.845385
37.3805,1.37884,-1.09151
37.4152,1.3372700000000002,-1.2981
37.4507,1.2881799999999999,-1.46366
37.4873,1.23217,-1.5841399999999999
37.5256,1.16998,-1.6554900000000001
37.5661,1.10245,-1.67376
37.6094,1.0305,-1.63466
37.6569,0.955155,-1.53236
37.7105,0.877441,-1.35624
37.7763,0.797092,-1.07493
37.8509,0.7306560000000001,-0.699145
37.9164,0.6965180000000001,-0.341429
37.9818,0.686182,0.025972700000000005
38.0472,0.699829,0.389344
38.1127,0.736751,0.734982
38.1781,0.795295,1.0474
38.2435,0.8726940000000001,1.30779
38.3118,0.969039,1.4991700000000001
38.3826,1.07892,1.57972
38.4357,1.16208,1.54188
38.4821,1.23138,1.43052
38.5285,1.29375,1.2433299999999998
38.5688,1.33949,1.02217
38.609,1.37535,0.752734
38.6492,1.39955,0.445304
38.6895,1.41085,0.113597
38.7297,1.40858,-0.226394
38.7699,1.39275,-0.557982
38.8102,1.36401,-0.8655209999999999
38.8504,1.3236,-1.1359299999999999
38.8906,1.2732299999999999,-1.35975
38.9309,1.21489,-1.53158
38.9711,1.1507100000000001,-1.6498700000000002
39.0113,1.0828200000000001,-1.71639
39.0541,1.00874,-1.735
39.1002,0.92943,-1.7027299999999999
39.1505,0.8456370000000001,-1.61639
39.2072,0.758029,-1.47059
39.2742,0.666585,-1.2519
39.3605,0.5722970000000001,-0.927911
39.4468,0.506969,-0.585011
39.5331,0.471264,-0.244154
39.6194,0.464355,0.0803079
39.7066,0.48468999999999995,0.38014699999999996
39.798,0.532229,0.6515310000000001
39.897,0.60859,0.8787450000000001
39.999,0.706184,1.0161799999999999
40.0767,0.786455,1.0367899999999999
40.1445,0.8554360000000001,0.9845200000000001
40.2124,0.9184770000000001,0.8612540000000001
40.2706,0.964146,0.698921
40.3289,0.998941,0.488867
40.3871,1.0203200000000001,0.239967
40.4453,1.0263799999999998,-0.0349882
40.5035,1.01604,-0.32071900000000003
40.5618,0.9891260000000001,-0.6015560000000001
40.62,0.946348,-0.863691
40.6782,0.889107,-1.097
40.7364,0.8192649999999999,-1.29603
40.7947,0.738861,-1.4599799999999998
40.8529,0.6498649999999999,-1.59198
40.914,0.549039,-1.70258
40.9804,0.432803,-1.7998299999999998
41.0546,0.295537,-1.8939400000000002
41.1427,0.124073,-2.0026900000000003
41.2586,-0.117046,-2.16202
41.3553,-0.333188,-2.30594
41.4521,-0.562466,-2.4248
41.5157,-0.718018,-2.4556299999999998
41.57,-0.851,-2.4263
41.6244,-0.9804780000000001,-2.32312
41.6687,-1.08029,-2.17009
41.713,-1.17177,-1.94603
41.7574,-1.25167,-1.6474900000000001
41.7948,-1.3077299999999998,-1.3395299999999999
41.8322,-1.35141,-0.987242
41.8697,-1.38123,-0.601316
41.9071,-1.39619,-0.195951
41.9445,-1.39586,0.212377
41.982,-1.38046,0.60658
42.0194,-1.3508200000000001,0.970715
42.0569,-1.3083200000000001,1.29152
42.0943,-1.25478,1.55946
42.1317,-1.19229,1.76912
42.1692,-1.12307,1.91904
42.2074,-1.0477,2.01241
42.2476,-0.965849,2.0504
42.2904,-0.87828,2.0310799999999998
42.3366,-0.7860229999999999,1.95185
42.3874,-0.690395,1.80882
42.4444,-0.593188,1.59476
42.5107,-0.497086,1.29408
42.5947,-0.406316,0.860093
42.6909,-0.34943,0.316323
42.7871,-0.34639899999999996,-0.256747
42.8832,-0.399214,-0.841924
42.9649,-0.488104,-1.33208
43.0466,-0.615996,-1.79194
43.1283,-0.778895,-2.1804799999999998
43.1908,-0.922277,-2.38852
43.2411,-1.0448899999999999,-2.46864
43.2853,-1.15401,-2.4532700000000003
43.3295,-1.26035,-2.3404
43.3666,-1.34409,-2.161
43.4037,-1.41967,-1.90042
43.4408,-1.4841,-1.56063
43.4726,-1.52835,-1.21234
43.5045,-1.5608,-0.821469
43.5363,-1.58031,-0.400933
43.5681,-1.58617,0.0338027
43.5999,-1.57819,0.46597799999999995
43.6318,-1.55672,0.8790129999999999
43.6636,-1.52261,1.25795
43.6954,-1.47714,1.59063
43.7272,-1.42195,1.86842
43.75899999999999,-1.35886,2.08649
43.7909,-1.2898,2.24353
43.8241,-1.2133399999999999,2.34436
43.8592,-1.13029,2.3856599999999997
43.8965,-1.04146,2.36465
43.9368,-0.947742,2.2782299999999998
43.981,-0.8501549999999999,2.12194
44.0309,-0.749916,1.8874799999999998
44.0898,-0.6482720000000001,1.55506
44.1711,-0.542623,1.03667
44.2524,-0.48071,0.483754
44.3336,-0.46426300000000004,-0.079033
44.4149,-0.493331,-0.633566
44.4961,-0.566505,-1.161
44.5774,-0.6805770000000001,-1.63458
44.6587,-0.829569,-2.0116
44.7191,-0.9571540000000001,-2.19161
44.7692,-1.0687,-2.2486
44.8193,-1.18054,-2.19976
44.8596,-1.26699,-2.0707400000000002
44.9,-1.34651,-1.85505
44.9354,-1.40783,-1.5935
44.9709,-1.45875,-1.26882
45.0063,-1.49716,-0.890019
45.0418,-1.52138,-0.470772
45.0772,-1.53027,-0.0284981
45.1083,-1.5250700000000001,0.362323
45.1393,-1.5078799999999999,0.7423850000000001
45.1704,-1.4792100000000001,1.09924
45.2014,-1.43997,1.42232
45.2325,-1.39133,1.70354
45.2642,-1.3333700000000002,1.94222
45.2969,-1.26665,2.134
45.3308,-1.19174,2.27556
45.3663,-1.10919,2.3645
45.4038,-1.01956,2.3991599999999997
45.443999999999996,-0.923372,2.37842
45.4876,-0.821127,2.3012099999999998
45.5359,-0.713249,2.16577
45.5906,-0.5999369999999999,1.9679099999999998
45.6557,-0.480547,1.69586
45.7443,-0.34778400000000004,1.2967
45.8425,-0.24245799999999998,0.849891
45.9407,-0.180342,0.41903599999999996
46.0467,-0.15928,-0.0155764
46.1673,-0.18859700000000001,-0.46095699999999995
46.3118,-0.288825,-0.9091110000000001
46.4127,-0.393348,-1.15161
46.4996,-0.500304,-1.29845
46.5761,-0.602545,-1.36541
46.6525,-0.707176,-1.3583
46.7156,-0.7908970000000001,-1.28544
46.7787,-0.8679030000000001,-1.14445
46.8417,-0.933781,-0.932675
46.895,-0.9775229999999999,-0.701245
46.9483,-1.0078,-0.428728
47.0016,-1.02268,-0.125841
47.0549,-1.02091,0.193742
47.1082,-1.002,0.515076
47.1615,-0.966231,0.823997
47.2148,-0.914593,1.10903
47.2681,-0.848577,1.36268
47.3214,-0.769954,1.58196
47.3747,-0.680543,1.76806
47.4306,-0.576965,1.93249
47.4906,-0.45646099999999995,2.08241
47.5567,-0.31397800000000003,2.22823
47.6326,-0.138732,2.38702
47.7252,0.09155269999999999,2.58564
47.825,0.360501,2.80289
47.9053,0.591719,2.94489
47.9614,0.758522,2.9912
48.0096,0.9022709999999999,2.96883
48.0577,1.04306,2.86402
48.0971,1.15275,2.7006099999999997
48.1364,1.25445,2.4558299999999997
48.1757,1.34481,2.12391
48.208999999999996,1.4097600000000001,1.77637
48.2422,1.46222,1.37297
48.2754,1.50048,0.923992
48.3086,1.5232700000000001,0.443995
48.3419,1.5298399999999999,-0.049263999999999995
48.3751,1.52006,-0.536479
48.4083,1.49447,-0.9987149999999999
48.4415,1.45417,-1.41925
48.4747,1.40077,-1.7850400000000002
48.508,1.33626,-2.08747
48.5412,1.26282,-2.32258
48.5744,1.18269,-2.49053
48.6085,1.09576,-2.59675
48.6444,1.00157,-2.64302
48.6826,0.900642,-2.62839
48.7238,0.793672,-2.5516
48.769,0.6814560000000001,-2.4105
48.8194,0.564966,-2.20055
48.8774,0.445537,-1.91155
48.9475,0.325198,-1.5180200000000001
49.0452,0.205723,-0.919409
49.1542,0.14382799999999998,-0.210635
49.2658,0.162116,0.5417850000000001
49.361000000000004,0.244704,1.19347
49.4562,0.389133,1.8369900000000001
49.5514,0.5930850000000001,2.4344
49.6196,0.771676,2.78773
49.6715,0.9217360000000001,2.97655
49.716,1.05617,3.054
49.7605,1.19181,3.02643
49.7965,1.29914,2.90893
49.8326,1.4005,2.69361
49.8642,1.4815,2.4190400000000003
49.8958,1.55256,2.06405
49.9274,1.6111799999999998,1.6340700000000001
49.958999999999996,1.65517,1.1405
49.9864,1.68008,0.674722
50.0138,1.69192,0.187976
50.0412,1.6903299999999999,-0.304142
50.0685,1.67537,-0.785596
50.0959,1.64755,-1.24116
50.1233,1.60778,-1.65755
50.1506,1.55726,-2.02428
50.178000000000004,1.49747,-2.33415
50.2059,1.42876,-2.58724
50.2347,1.35138,-2.78187
50.2646,1.26587,-2.9151599999999998
50.2961,1.1728299999999998,-2.98483
50.3295,1.07289,-2.9891099999999997
50.3653,0.966694,-2.92645
50.4043,0.854923,-2.79483
50.4476,0.738318,-2.59055
50.4968,0.617688,-2.30563
50.5553,0.49373500000000003,-1.9201
50.6344,0.36393000000000003,-1.3568
50.7248,0.2714,-0.688922
50.8152,0.239504,-0.017687599999999998
50.9103,0.271018,0.677297
51.0082,0.371283,1.36418
51.1061,0.5362680000000001,1.99223
51.1813,0.701952,2.39589
51.2386,0.8459899999999999,2.62184
51.2873,0.9766969999999999,2.7307099999999997
51.336000000000006,1.11028,2.73559
51.3751,1.21579,2.6459900000000003
51.4142,1.3159399999999999,2.4599599999999997
51.4483,1.3957700000000002,2.21332
51.4823,1.46583,1.8872200000000001
51.5164,1.52349,1.48658
51.5505,1.5663799999999999,1.02239
51.5798,1.59004,0.584064
51.6092,1.60047,0.12456600000000001
51.6385,1.5972899999999999,-0.340868
51.6679,1.58055,-0.796618
51.6972,1.55075,-1.22795
51.7266,1.50881,-1.6222
51.756,1.4559600000000001,-1.96954
51.7853,1.39368,-2.26356
51.8153,1.32208,-2.50547
51.8463,1.24137,-2.69395
51.8786,1.15196,-2.82713
51.9126,1.05425,-2.90403
51.9489,0.948559,-2.9245400000000004
51.9878,0.8350559999999999,-2.88916
52.0305,0.7136520000000001,-2.79854
52.0781,0.583761,-2.65256
52.133,0.44363800000000003,-2.44818
52.2004,0.287682,-2.17137
52.3006,0.0914029,-1.75052
52.4007,-0.0632977,-1.34336
52.5061,-0.183344,-0.9379770000000001
52.6452,-0.278862,-0.44313
52.7721,-0.30896799999999996,-0.0403346
52.9022,-0.29067800000000005,0.30943899999999996
53.0131,-0.242677,0.546317
53.123999999999995,-0.171781,0.721963
53.2349,-0.084844,0.835766
53.3543,0.018900099999999996,0.890407
53.4786,0.129255,0.872815
53.6029,0.232584,0.776694
53.7089,0.307659,0.629674
53.8149,0.363927,0.422037
53.9209,0.39511199999999996,0.157442
54.0269,0.395599,-0.155298
54.1414,0.356491,-0.533288
54.2715,0.257281,-0.9962110000000001
54.3975,0.10217799999999999,-1.47023
54.4983,-0.06592289999999999,-1.86831
54.5991,-0.274828,-2.27755
54.6999,-0.5243479999999999,-2.66486
54.7659,-0.7073229999999999,-2.86548
54.8184,-0.860598,-2.96043
54.864,-0.995942,-2.97044
54.9095,-1.12975,-2.8889099999999996
54.946999999999996,-1.2355,-2.7370400000000004
54.9845,-1.33395,-2.49783
55.022,-1.4217,-2.16623
55.0536,-1.48485,-1.81591
55.0853,-1.53597,-1.40715
55.1169,-1.57338,-0.950578
55.1486,-1.5957700000000001,-0.46108000000000005
55.1802,-1.60239,0.043319699999999996
55.2118,-1.5930799999999998,0.543021
55.2435,-1.56829,1.01872
55.2751,-1.52906,1.4532200000000002
55.3067,-1.47692,1.83287
55.3384,-1.41377,2.14839
55.37,-1.34171,2.3951
55.4016,-1.26296,2.57255
55.434,-1.17783,2.6854
55.4679,-1.08566,2.73591
55.504,-0.986972,2.7227
55.5428,-0.8825059999999999,2.64403
55.5853,-0.773137,2.49724
55.6326,-0.659937,2.27739
55.6869,-0.544334,1.9738200000000001
55.7525,-0.428321,1.5599
55.8463,-0.311786,0.9151459999999999
55.9427,-0.256878,0.221045
56.038999999999994,-0.26961799999999997,-0.48644499999999996
56.1354,-0.350533,-1.1911399999999999
56.2197,-0.476338,-1.78637
56.3041,-0.650342,-2.32606
56.3703,-0.8163020000000001,-2.66831
56.4218,-0.9585549999999999,-2.84826
56.466,-1.08651,-2.9154400000000003
56.5103,-1.21516,-2.87605
56.5465,-1.31713,-2.74854
56.5826,-1.41277,-2.52453
56.6144,-1.48878,-2.2439
56.6462,-1.5546200000000001,-1.88622
56.678000000000004,-1.60796,-1.4581899999999999
56.7098,-1.6467200000000002,-0.972144
56.7375,-1.6673900000000001,-0.514601
56.7652,-1.6751,-0.0403802
56.793,-1.6696099999999998,0.435105
56.8207,-1.6511099999999999,0.8963530000000001
56.8484,-1.62018,1.32897
56.8761,-1.57781,1.72072
56.9038,-1.52525,2.06224
56.9316,-1.464,2.34743
56.9601,-1.39354,2.57923
56.9897,-1.31453,2.7534099999999997
57.0205,-1.22757,2.86708
57.0531,-1.13326,2.9182
57.0877,-1.0321799999999999,2.90522
57.1251,-0.924966,2.82669
57.166000000000004,-0.812227,2.68052
57.2116,-0.6946,2.4624900000000003
57.2643,-0.5726399999999999,2.16282
57.3288,-0.44609399999999994,1.7539799999999999
57.42,-0.313907,1.1408399999999999
57.5112,-0.23825500000000002,0.518366
57.6041,-0.21924899999999997,-0.10646099999999999
57.7049,-0.26321700000000003,-0.760792
57.8106,-0.37812399999999996,-1.40288
57.9196,-0.5635399999999999,-1.97917
57.9877,-0.7083470000000001,-2.2593900000000002
58.0443,-0.8410569999999999,-2.41573
58.0938,-0.9622219999999999,-2.47227
58.1432,-1.08388,-2.43209
58.1839,-1.18078,-2.31177
58.2247,-1.27101,-2.10316
58.2606,-1.3421399999999999,-1.84257
58.2966,-1.4026299999999998,-1.51213
58.3325,-1.4500899999999999,-1.11897
58.3685,-1.4824700000000002,-0.675592
58.4,-1.49726,-0.25861100000000004
58.4316,-1.4986700000000002,0.169992
58.4631,-1.4865700000000002,0.595572
58.4947,-1.46127,1.0039
58.5262,-1.42353,1.38236
58.5578,-1.37447,1.7208700000000001
58.5893,-1.31544,2.01247
58.6215,-1.24655,2.25789
58.6547,-1.16805,2.45535
58.6894,-1.0803,2.60328
58.7258,-0.9835780000000001,2.70119
58.7645,-0.878006,2.74971
58.8061,-0.7634270000000001,2.75046
58.8515,-0.639202,2.70571
58.9024,-0.503739,2.61782
58.9613,-0.35318,2.4877700000000003
59.0353,-0.17566700000000002,2.30871
59.1361,0.0447704,2.06905
59.2369,0.241878,1.84536
59.3577,0.448956,1.58071
59.4409,0.572418,1.3811
59.5242,0.678158,1.1534
59.5928,0.750107,0.940148
59.6614,0.806647,0.704804
59.73,0.8464450000000001,0.453474
59.7986,0.868741,0.196674
59.8672,0.873612,-0.0521434
59.9358,0.8620950000000001,-0.27879699999999996
60.0044,0.8361559999999999,-0.47068000000000004
60.073,0.798523,-0.618526
60.1416,0.752416,-0.7172189999999999
60.2102,0.701266,-0.765634
60.2788,0.648468,-0.765787
60.3525,0.593562,-0.716835
60.4338,0.5392710000000001,-0.6111340000000001
60.528,0.48971099999999995,-0.43150600000000006
60.6326,0.45755200000000007,-0.174539
60.7394,0.455092,0.135153
60.8289,0.47980200000000006,0.41995200000000005
60.9183,0.5305840000000001,0.715604
61.0078,0.6077359999999999,1.00606
61.0973,0.709796,1.26745
61.1868,0.8326870000000001,1.46468
61.2623,0.946876,1.54669
61.3222,1.03954,1.53435
61.3745,1.1179999999999999,1.45499
61.4268,1.19049,1.3049600000000001
61.4712,1.24461,1.12103
61.5157,1.2894700000000001,0.889001
61.5601,1.32308,0.616907
61.6046,1.34391,0.316923
61.6432,1.35093,0.045898800000000003
61.6818,1.34748,-0.223415
61.7204,1.33385,-0.47987299999999994
61.7589,1.31075,-0.713274
61.7975,1.27922,-0.9151440000000001
61.8361,1.24061,-1.07926
61.8759,1.19507,-1.20491
61.9172,1.14344,-1.28725
61.9606,1.08661,-1.32192
62.0069,1.02559,-1.30426
62.0573,0.9614799999999999,-1.2281
62.1143,0.8954209999999999,-1.08238
62.1821,0.8297760000000001,-0.84478
62.2565,0.778412,-0.527471
62.3207,0.7541640000000001,-0.22460500000000003
62.3849,0.749834,0.0907234
62.4491,0.765804,0.40552699999999997
62.5133,0.801613,0.706345
62.5775,0.8558889999999999,0.9780110000000001
62.6418,0.9262040000000001,1.20269
62.706,1.00889,1.35962
62.7757,1.10671,1.42707
62.8311,1.1851200000000002,1.38685
62.8789,1.24912,1.27734
62.9268,1.30618,1.09699
62.9679,1.34714,0.888753
63.00899999999999,1.37865,0.638292
63.05,1.39917,0.356006
63.0911,1.40765,0.055245100000000005
63.1322,1.4036600000000001,-0.24885500000000002
63.1733,1.38737,-0.540862
63.2144,1.3595700000000002,-0.806606
63.2555,1.32159,-1.03449
63.2966,1.27518,-1.21634
63.3377,1.22232,-1.34769
63.3788,1.1651200000000002,-1.42756
63.4213,1.10364,-1.45807
63.4666,1.03778,-1.43725
63.5162,0.968303,-1.35994
63.5722,0.895912,-1.21666
63.6403,0.8206899999999999,-0.982972
63.7163,0.7575350000000001,-0.672153
63.783,0.722507,-0.376434
63.8496,0.707476,-0.0745135
63.9163,0.712429,0.221019
63.983000000000004,0.736542,0.49829700000000005
64.0497,0.778195,0.745016
64.1173,0.8358700000000001,0.9502430000000001
64.1883,0.9090469999999999,1.0991600000000001
64.2639,0.99516,1.1617600000000001
64.3261,1.06677,1.1243100000000001
64.3801,1.12491,1.02041
64.434,1.17564,0.849773
64.4805,1.21074,0.653188
64.527,1.2357799999999999,0.41838100000000006
64.5735,1.24922,0.15603399999999998
64.62,1.25007,-0.12068
64.6665,1.23799,-0.397402
64.71300000000001,1.21333,-0.6601640000000001
64.7595,1.1770100000000001,-0.896877
64.806,1.13048,-1.09846
64.8524,1.0755,-1.25942
64.8989,1.01403,-1.3778
64.9461,0.947105,-1.45553
64.9957,0.8736450000000001,-1.4954
65.04899999999999,0.793816,-1.49704
65.107,0.70782,-1.4601600000000001
65.1718,0.615554,-1.38448
65.2468,0.515971,-1.26839
65.3414,0.403731,-1.1025200000000002
65.4663,0.279748,-0.885735
65.5912,0.1812,-0.6987949999999999
65.7161,0.103296,-0.556838
65.8468,0.0372458,-0.46398
65.9994,-0.0300519,-0.43170600000000003
66.15899999999999,-0.102141,-0.486303
66.2879,-0.171153,-0.593605
66.4168,-0.257332,-0.7513310000000001
66.5226,-0.345025,-0.9102319999999999
66.6284,-0.45038100000000003,-1.08256
66.7341,-0.573771,-1.24663
66.8399,-0.712612,-1.36766
66.9207,-0.8248770000000001,-1.40096
66.9869,-0.916992,-1.37043
67.0532,-1.00496,-1.27389
67.1068,-1.07,-1.14136
67.1605,-1.12659,-0.9594729999999999
67.2142,-1.1721700000000002,-0.732543
67.2599,-1.2006700000000001,-0.510853
67.3056,-1.21861,-0.272189
67.3513,-1.22546,-0.027276099999999998
67.39699999999999,-1.22119,0.21220999999999998
67.4427,-1.20632,0.434804
67.4884,-1.1818600000000001,0.630361
67.5341,-1.14923,0.790922
67.5798,-1.11017,0.9112020000000001
67.6262,-1.0659299999999998,0.989469
67.6747,-1.01688,1.02416
67.7264,-0.964032,1.01068
67.7829,-0.9086540000000001,0.942433
67.8473,-0.852044,0.806649
67.9205,-0.800452,0.5929260000000001
67.9978,-0.764972,0.318533
68.0644,-0.752386,0.0569893
68.1309,-0.757626,-0.215283
68.1974,-0.7810050000000001,-0.486124
68.264,-0.821996,-0.742259
68.3305,-0.879123,-0.9684010000000001
68.3971,-0.9498129999999999,-1.1467100000000001
68.4636,-1.0302200000000001,-1.2571
68.5336,-1.1195899999999999,-1.27747
68.5891,-1.18892,-1.2109999999999999
68.6376,-1.24502,-1.08806
68.6862,-1.29368,-0.9057459999999999
68.7286,-1.32789,-0.7031470000000001
68.7709,-1.35279,-0.467818
68.8133,-1.36721,-0.210331
68.8557,-1.37048,0.05661990000000001
68.898,-1.36248,0.31937
68.9404,-1.3436700000000001,0.5646260000000001
68.9828,-1.31505,0.78073
69.0251,-1.27806,0.9586290000000001
69.0675,-1.2344600000000001,1.09241
69.1098,-1.1861700000000002,1.17935
69.1534,-1.1337700000000002,1.22007
69.1997,-1.07726,1.2123
69.2501,-1.01747,1.15021
69.3073,-0.9550799999999999,1.02286
69.3742,-0.893323,0.81435
69.447,-0.843877,0.5373100000000001
69.5091,-0.818523,0.27702
69.5712,-0.809653,0.00836405
69.6332,-0.8174100000000001,-0.256673
69.6953,-0.841205,-0.5063310000000001
69.7574,-0.879709,-0.7283890000000001
69.8195,-0.9308049999999999,-0.9097219999999999
69.8831,-0.993125,-1.03867
69.9526,-1.06788,-1.0962100000000001
70.0221,-1.1431200000000001,-1.05064
70.0752,-1.19625,-0.940681
70.1283,-1.24183,-0.766731
70.1733,-1.27214,-0.574339
70.2183,-1.29302,-0.348995
70.2632,-1.30321,-0.101472
70.3082,-1.3020100000000001,0.15548199999999998
70.3532,-1.28928,0.40837399999999996
70.3982,-1.2655100000000001,0.644354
70.4432,-1.23171,0.852475
70.4882,-1.18934,1.0246
70.5332,-1.14012,1.15584
70.5782,-1.08596,1.2444600000000001
70.6247,-1.0267899999999999,1.2923799999999999
70.6742,-0.9625739999999999,1.29847
70.7277,-0.893883,1.2598
70.7873,-0.8212700000000001,1.17193
70.8569,-0.744591,1.02495
70.9407,-0.6675949999999999,0.807771
71.0273,-0.608223,0.5610430000000001
71.1139,-0.57047,0.311479
71.2005,-0.553913,0.0737837
71.2872,-0.557013,-0.140629
71.3738,-0.577324,-0.32204699999999997
71.4645,-0.613506,-0.466854
71.5634,-0.664912,-0.56035
71.6624,-0.72177,-0.57534
71.7492,-0.7696890000000001,-0.517502
71.836,-0.809665,-0.39276500000000003
71.9083,-0.832859,-0.24213800000000002
71.9806,-0.843858,-0.0570928
72.0529,-0.8405469999999999,0.151588
72.1253,-0.8216620000000001,0.37144
72.1976,-0.786845,0.590263
72.2699,-0.736549,0.798089
72.3422,-0.671822,0.9886229999999999
72.4146,-0.594014,1.15982
72.4869,-0.504476,1.31361
72.5646,-0.39641,1.4651399999999999
72.6508,-0.263162,1.62634
72.7519,-0.0889743,1.82099
72.8579,0.11561800000000001,2.0431
72.9639,0.344556,2.27662
73.0699,0.5970409999999999,2.47525
73.1313,0.7511479999999999,2.5352799999999998
73.1838,0.884461,2.52665
73.2364,1.01535,2.43914
73.2792,1.11681,2.29465
73.3219,1.2105,2.07449
73.3596,1.28405,1.8138299999999998
73.3974,1.3466,1.49235
73.4351,1.3959700000000002,1.1166
73.4728,1.43032,0.698387
73.5059,1.4470399999999999,0.309105
73.5391,1.45072,-0.0871475
73.5722,1.44134,-0.47641300000000003
73.6053,1.4193799999999999,-0.8451489999999999
73.6384,1.38572,-1.18137
73.6716,1.34159,-1.47551
73.7047,1.28851,-1.7209999999999999
73.7386,1.2266,-1.91839
73.7737,1.15651,-2.06432
73.8104,1.0789600000000001,-2.15577
73.84899999999999,0.994758,-2.19029
73.8903,0.904777,-2.16562
73.9348,0.810033,-2.07915
73.9838,0.71178,-1.9269
74.0388,0.611704,-1.7014900000000002
74.10300000000001,0.512283,-1.38669
74.1848,0.417156,-0.932707
74.29,0.352142,-0.295664
74.3801,0.351106,0.27517600000000003
74.4701,0.401935,0.8535780000000001
74.5602,0.504499,1.4200700000000002
74.6502,0.656341,1.9403
74.7403,0.8506819999999999,2.34973
74.7955,0.9851709999999999,2.50096
74.842,1.10267,2.54014
74.8885,1.2196799999999999,2.47635
74.9264,1.31124,2.33461
74.9644,1.3957700000000002,2.10479
74.9979,1.46176,1.8278299999999998
75.0313,1.51736,1.4848299999999999
75.0648,1.56049,1.08436
75.0982,1.58944,0.63984
75.1277,1.6022399999999999,0.22522199999999998
75.1573,1.60266,-0.19625399999999998
75.1868,1.59073,-0.610232
75.2163,1.5668600000000001,-1.00292
75.2458,1.53187,-1.3621299999999998
75.2753,1.4869,-1.67809
75.3048,1.43333,-1.94392
75.3351,1.3709799999999999,-2.16076
75.3665,1.30051,-2.32402
75.3992,1.2226,-2.43017
75.4336,1.13795,-2.47635
75.4702,1.04732,-2.46
75.5097,0.951534,-2.37837
75.5531,0.851557,-2.22752
75.6017,0.748505,-2.00032
75.6586,0.643582,-1.68048
75.7329,0.535983,-1.20885
75.8177,0.45771000000000006,-0.6329600000000001
75.9025,0.42895600000000006,-0.0448905
75.9873,0.44988599999999995,0.535796
76.0721,0.5191100000000001,1.09054
76.1569,0.633412,1.59346
76.2418,0.7867430000000001,2.0018599999999998
76.3036,0.91725,2.2018299999999997
76.3547,1.0320799999999999,2.27674
76.4058,1.1481299999999999,2.24601
76.4468,1.23812,2.131
76.4878,1.32159,1.9273900000000002
76.5236,1.38639,1.67477
76.5595,1.4409299999999998,1.35588
76.5954,1.48295,0.9788979999999999
76.6312,1.5106,0.5570189999999999
76.6627,1.5219799999999999,0.16353900000000002
76.6942,1.52081,-0.237648
76.7256,1.50709,-0.632502
76.7571,1.48122,-1.0076100000000001
76.7886,1.44401,-1.35124
76.82,1.3966,-1.6541700000000001
76.8515,1.34039,-1.9101099999999998
76.8839,1.27496,-2.12112
76.9174,1.20092,-2.28315
76.9525,1.11883,-2.39371
76.9894,1.02919,-2.45126
77.0288,0.93245,-2.45497
77.0713,0.82901,-2.4043900000000002
77.1179,0.7191270000000001,-2.29893
77.1703,0.60278,-2.13671
77.2313,0.47917,-1.91172
77.3081,0.344089,-1.60166
77.4223,0.188096,-1.13186
77.5365,0.0847482,-0.6834560000000001
77.6507,0.0305959,-0.271884
77.7836,0.0232527,0.15048699999999998
77.9401,0.0800125,0.557625
78.0766,0.175203,0.8228530000000001
78.1859,0.273635,0.966569
78.2953,0.383941,1.03789
78.3819,0.47413999999999995,1.03302
78.4686,0.5612159999999999,0.964432
78.5447,0.630456,0.8459760000000001
78.6208,0.68853,0.670986
78.6969,0.731208,0.442295
78.773,0.754694,0.168445
78.8491,0.756046,-0.13678800000000002
78.9252,0.7335050000000001,-0.45664499999999997
79.0013,0.686593,-0.7748689999999999
79.0774,0.6159319999999999,-1.0792700000000002
79.1535,0.522837,-1.36412
79.2296,0.40879299999999996,-1.6306100000000001
79.3075,0.27150100000000005,-1.8914900000000001
79.3939,0.0958817,-2.178
79.4907,-0.130921,-2.5074799999999997
79.5876,-0.389802,-2.83554
79.6657,-0.62062,-3.05993
79.7199,-0.789401,-3.15687
79.7662,-0.9363239999999999,-3.1724
79.8126,-1.082,-3.09853
79.8502,-1.1959899999999999,-2.95456
79.8877,-1.30294,-2.72195
79.9208,-1.38848,-2.43755
79.9539,-1.46335,-2.0775200000000003
79.987,-1.52512,-1.6464400000000001
80.02,-1.5716,-1.15496
80.0488,-1.5982100000000001,-0.69119
80.0776,-1.61117,-0.207905
80.1063,-1.6101299999999998,0.279409
80.1351,-1.59521,0.754815
80.1638,-1.56697,1.20323
80.1926,-1.52639,1.6115899999999999
80.2214,-1.47476,1.96974
80.2501,-1.41363,2.2709099999999998
80.2794,-1.34331,2.51583
80.3097,-1.2641,2.70287
80.3413,-1.17658,2.82957
80.3745,-1.0813700000000002,2.8940900000000003
80.4098,-0.979085,2.89513
80.4477,-0.870382,2.83154
80.48899999999999,-0.755944,2.7016299999999998
80.5348,-0.636542,2.5019099999999996
80.5869,-0.513119,2.22452
80.6488,-0.386907,1.85037
80.7296,-0.258703,1.3177299999999998
80.8362,-0.157581,0.572153
80.9429,-0.137533,-0.199302
81.0538,-0.204654,-1.01216
81.1415,-0.321558,-1.65022
81.2293,-0.49345100000000003,-2.26009
81.317,-0.715881,-2.7896099999999997
81.3713,-0.874186,-3.03249
81.4169,-1.01566,-3.15314
81.4625,-1.16032,-3.16644
81.4988,-1.27403,-3.07951
81.5352,-1.38277,-2.89059
81.5667,-1.47015,-2.63594
81.5982,-1.54813,-2.2946400000000002
81.6298,-1.61401,-1.87008
81.6575,-1.65998,-1.43551
81.6853,-1.6932200000000002,-0.954894
81.71300000000001,-1.71265,-0.44257700000000005
81.7407,-1.71763,0.0845717
81.7685,-1.7079900000000001,0.60845
81.7962,-1.68408,1.11123
81.8239,-1.6466900000000002,1.5768
81.8517,-1.59707,1.9919799999999999
81.8794,-1.53675,2.34727
81.9071,-1.46746,2.63714
81.9349,-1.39107,2.85985
81.9638,-1.30597,3.0220700000000003
81.994,-1.21286,3.1208099999999996
82.02600000000001,-1.1123399999999999,3.1543799999999997
82.0602,-1.0049700000000001,3.12162
82.0971,-0.891282,3.0213099999999997
82.1377,-0.7718149999999999,2.85134
82.1834,-0.647035,2.60695
82.2365,-0.5171939999999999,2.27643
82.3028,-0.381102,1.8246799999999999
82.3948,-0.243353,1.16765
82.4867,-0.166492,0.5041979999999999
82.5836,-0.15116400000000002,-0.185279
82.6921,-0.21205100000000002,-0.931774
82.8028,-0.35530300000000004,-1.6466900000000002
82.9135,-0.5732149999999999,-2.2694400000000003
82.9765,-0.725274,-2.54399
83.0295,-0.864582,-2.69867
83.0759,-0.9915120000000001,-2.75299
83.1223,-1.11875,-2.7082900000000003
83.1607,-1.22056,-2.5811
83.1991,-1.31574,-2.36173
83.2375,-1.4006399999999999,-2.04536
83.2698,-1.46146,-1.7050599999999998
83.3022,-1.51025,-1.3036299999999998
83.3345,-1.54522,-0.8519530000000001
83.3669,-1.56497,-0.365123
83.3992,-1.56865,0.138627
83.4315,-1.5560399999999999,0.639597
83.4639,-1.5275299999999998,1.1185399999999999
83.4962,-1.48412,1.5585
83.5285,-1.4273,1.9462700000000002
83.5609,-1.35891,2.2732
83.5932,-1.28099,2.53537
83.6255,-1.19564,2.73312
83.6587,-1.10263,2.8728599999999997
83.6935,-1.00094,2.9584900000000003
83.7306,-0.890496,2.9912099999999997
83.7705,-0.771108,2.97263
83.8144,-0.642107,2.9048
83.8636,-0.501841,2.78934
83.921,-0.34624,2.62532
83.9944,-0.161891,2.3989599999999998
84.0921,0.057688800000000005,2.10071
84.1897,0.248824,1.8159900000000002
84.3061,0.440709,1.47927
84.3906,0.554932,1.2213200000000002
84.4751,0.6465489999999999,0.943584
84.5473,0.705593,0.690825
84.6194,0.74603,0.42915600000000004
84.6916,0.767541,0.16811099999999998
84.7637,0.7705989999999999,-0.0801716
84.8359,0.7565810000000001,-0.303138
84.9081,0.727722,-0.489983
84.9802,0.686921,-0.633171
85.0524,0.6374850000000001,-0.729001
85.1245,0.582858,-0.777266
85.1994,0.524273,-0.779615
85.2795,0.46341499999999997,-0.73323
85.3669,0.403361,-0.6316890000000001
85.4657,0.34891500000000003,-0.46231300000000003
85.584,0.309393,-0.195115
85.7115,0.306342,0.157154
85.8137,0.338484,0.47674099999999997
85.9158,0.404492,0.817986
86.0051,0.49101000000000006,1.12026
86.0943,0.603949,1.40595
86.1836,0.7404970000000001,1.64267
86.2608,0.872843,1.7707700000000002
86.3206,0.9798819999999999,1.79417
86.3727,1.07236,1.7434
86.4248,1.1602,1.61455
86.4686,1.22733,1.4410399999999999
86.5124,1.28554,1.20824
86.5562,1.33235,0.9215770000000001
86.5941,1.36205,0.637572
86.6321,1.3805,0.33122199999999996
86.6701,1.3870799999999999,0.014752000000000001
86.7081,1.38166,-0.298523
86.7461,1.3646200000000002,-0.595406
86.7841,1.33679,-0.8640030000000001
86.822,1.29946,-1.09469
86.86,1.2542,-1.2806899999999999
86.898,1.20279,-1.41828
86.9374,1.14495,-1.50891
86.9788,1.08149,-1.5488600000000001
87.0228,1.01337,-1.5340200000000002
87.0706,0.941722,-1.45923
87.1236,0.867842,-1.31626
87.1858,0.792879,-1.08606
87.259,0.725222,-0.752711
87.3322,0.683686,-0.376427
87.4055,0.670633,0.0220613
87.4787,0.687017,0.42463599999999996
87.5519,0.7324729999999999,0.8128029999999999
87.6251,0.805171,1.16457
87.6984,0.9014530000000001,1.4515799999999999
87.7716,1.0153,1.63772
87.8322,1.1166,1.68573
87.882,1.19971,1.63582
87.9319,1.2781,1.49526
87.9728,1.33578,1.30948
88.0138,1.38459,1.06331
88.0548,1.4222,0.764594
88.0905,1.44435,0.47120200000000007
88.1262,1.45563,0.158539
88.162,1.45559,-0.160778
88.1977,1.44423,-0.473583
88.2334,1.4219899999999999,-0.767284
88.2691,1.3897700000000002,-1.0309
88.3048,1.34881,-1.25585
88.3405,1.30059,-1.4363700000000001
88.37700000000001,1.24567,-1.57169
88.4148,1.18431,-1.66
88.4547,1.1172,-1.69782
88.4972,1.04516,-1.6814799999999999
88.5434,0.9690709999999999,-1.60647
88.5948,0.889875,-1.4656
88.655,0.808027,-1.2422799999999998
88.7279,0.7291310000000001,-0.9155709999999999
88.8007,0.67548,-0.5533319999999999
88.8736,0.6488430000000001,-0.177117
88.9464,0.649595,0.195971
89.0193,0.676948,0.550554
89.0922,0.728974,0.870449
89.165,0.802474,1.1365399999999999
89.2389,0.894073,1.32748
89.3149,0.998936,1.41147
89.3724,1.07969,1.38078
89.4228,1.1469799999999999,1.27824
89.4732,1.20725,1.10236
89.5168,1.25096,0.8932049999999999
89.5604,1.28451,0.637749
89.604,1.30608,0.346233
89.6477,1.31439,0.032208600000000004
89.6913,1.30879,-0.28868699999999997
89.7349,1.28934,-0.6004
89.7785,1.25675,-0.888215
89.8222,1.21236,-1.14025
89.8658,1.1579,-1.34841
89.9094,1.0954,-1.5086700000000002
89.9531,1.0269700000000002,-1.62073
89.9977,0.9529489999999999,-1.68839
90.045,0.872344,-1.7139900000000001
90.0959,0.785335,-1.6972599999999998
90.1517,0.692117,-1.63791
90.2143,0.592537,-1.53521
90.2876,0.48536,-1.38594
90.3826,0.363738,-1.1733799999999999
90.4982,0.24303899999999998,-0.91889
90.6137,0.150315,-0.691991
90.7292,0.0815934,-0.5047510000000001
90.8599,0.026560700000000003,-0.347918
91.0154,-0.018174799999999998,-0.24230900000000002
91.176,-0.054673599999999996,-0.22855
91.3365,-0.09673179999999999,-0.311211
91.4736,-0.148492,-0.455003
91.5943,-0.21371300000000001,-0.632786
91.7151,-0.30290500000000004,-0.850289
91.8152,-0.397949,-1.05001
91.9153,-0.513192,-1.25025
92.0154,-0.647419,-1.42343
92.1059,-0.7812939999999999,-1.5215100000000001
92.1747,-0.886597,-1.5327600000000001
92.234,-0.9763200000000001,-1.48201
92.2933,-1.06108,-1.3639299999999999
92.3428,-1.125,-1.20931
92.3923,-1.18,-1.0041
92.4418,-1.2236799999999999,-0.753645
92.4847,-1.25079,-0.508309
92.5275,-1.26699,-0.246297
92.5703,-1.2718200000000002,0.0210763
92.6132,-1.26528,0.281702
92.656,-1.24794,0.523841
92.6989,-1.22081,0.737216
92.7417,-1.18531,0.9138370000000001
92.7845,-1.1431200000000001,1.04845
92.8282,-1.09517,1.13988
92.8739,-1.0419100000000001,1.18614
92.9223,-0.9843139999999999,1.18296
92.9747,-0.923588,1.12478
93.0332,-0.861087,1.00235
93.1032,-0.797927,0.792253
93.1798,-0.747965,0.5042989999999999
93.2564,-0.721688,0.177118
93.3224,-0.7198,-0.12133800000000002
93.3884,-0.7377630000000001,-0.422275
93.4544,-0.775325,-0.712851
93.5204,-0.831327,-0.978231
93.5865,-0.9035340000000001,-1.2005700000000001
93.6525,-0.988424,-1.35867
93.7244,-1.08948,-1.43023
93.781,-1.1697799999999998,-1.39424
93.8296,-1.2353100000000001,-1.2897399999999999
93.8782,-1.29405,-1.11506
93.9199,-1.3364200000000002,-0.912552
93.9615,-1.36944,-0.667822
94.0031,-1.39157,-0.39096
94.0447,-1.40172,-0.0951135
94.0864,-1.39943,0.20464000000000002
94.12799999999999,-1.38485,0.492792
94.1696,-1.35877,0.7549779999999999
94.2112,-1.3225200000000001,0.979339
94.2529,-1.27788,1.1574200000000001
94.2945,-1.2268700000000001,1.28449
94.3361,-1.1716600000000001,1.35937
94.37899999999999,-1.11266,1.38381
94.4249,-1.04965,1.35566
94.4752,-0.9834309999999999,1.26864
94.5328,-0.914645,1.11006
94.6006,-0.847426,0.863194
94.6724,-0.7962859999999999,0.555071
94.7355,-0.770415,0.262676
94.7986,-0.763256,-0.0357673
94.8617,-0.774798,-0.327935
94.9249,-0.804261,-0.601607
94.988,-0.8500719999999999,-0.843719
95.0511,-0.909789,-1.03972
95.1171,-0.983448,-1.1779899999999999
95.18799999999999,-1.06942,-1.22907
95.2464,-1.1402700000000001,-1.18129
95.2971,-1.1975,-1.0684200000000001
95.3477,-1.24734,-0.889459
95.3914,-1.28195,-0.686203
95.4352,-1.30682,-0.44570699999999996
95.4789,-1.32055,-0.17878
95.5226,-1.32226,0.101391
95.5664,-1.3117,0.380496
95.6101,-1.2892,0.644569
95.6538,-1.2557200000000002,0.8814040000000001
95.6976,-1.21264,1.0816299999999999
95.7413,-1.16173,1.23929
95.785,-1.10491,1.3518700000000001
95.8294,-1.0432700000000001,1.42056
95.8761,-0.9760469999999999,1.44679
95.9263,-0.903708,1.4284700000000001
95.9813,-0.8268530000000001,1.36275
96.0432,-0.7459180000000001,1.2448299999999999
96.1173,-0.660177,1.06188
96.2089,-0.574654,0.8013140000000001
96.3005,-0.513733,0.5285810000000001
96.3921,-0.477595,0.262824
96.4838,-0.464962,0.017239700000000004
96.5754,-0.473516,-0.198248
96.6727,-0.502304,-0.384825
96.7794,-0.551596,-0.527461
96.8873,-0.612811,-0.593277
96.9816,-0.668549,-0.57698
97.0759,-0.719292,-0.487009
97.1551,-0.752998,-0.35540700000000003
97.2344,-0.774422,-0.178384
97.3136,-0.780332,0.0341341
97.3929,-0.768421,0.268952
97.4721,-0.737491,0.511811
97.5514,-0.687422,0.750103
97.6306,-0.618949,0.975234
97.7099,-0.533283,1.18392
97.7891,-0.43168100000000004,1.37811
97.8727,-0.30833699999999997,1.5737700000000001
97.9667,-0.15015799999999999,1.79417
98.0772,0.0632175,2.06832
98.1693,0.264651,2.30882
98.2613,0.487947,2.53684
98.331,0.669618,2.66637
98.3865,0.819002,2.71192
98.4347,0.949566,2.68618
98.48299999999999,1.0769799999999998,2.57782
98.5231,1.1771,2.4113700000000002
98.5631,1.26902,2.1668
98.6031,1.34952,1.8411099999999998
98.6372,1.4066100000000001,1.5030299999999999
98.6712,1.4513200000000002,1.11598
98.7053,1.48217,0.691198
98.7393,1.49813,0.24353400000000003
98.7734,1.4986899999999999,-0.20976799999999998
98.8074,1.4839799999999999,-0.650687
98.8415,1.45472,-1.06219
98.8755,1.41215,-1.42983
98.9096,1.3579700000000001,-1.7428099999999997
98.9436,1.29416,-1.99458
98.9777,1.2228700000000001,-2.1827099999999997
99.0121,1.14533,-2.30947
99.0481,1.06074,-2.3780900000000003
99.0863,0.9696629999999999,-2.3870400000000003
99.1272,0.872914,-2.3344
99.1716,0.77148,-2.21754
99.2209,0.6666,-2.032
99.2769,0.5599810000000001,-1.7687599999999999
99.3434,0.45421000000000006,-1.40679
99.4321,0.35278699999999996,-0.870826
99.5335,0.297412,-0.21613400000000002
99.6349,0.309741,0.46165500000000004
99.7218,0.375364,1.04669
99.8088,0.491364,1.6162
99.8958,0.655064,2.1358200000000003
99.9687,0.8241200000000001,2.48597
100.0,0.903866,2.5967700000000002
