,gamma,gamma_dot
0.07283321121631464,0.726787,0.658516
0.14566642243262928,0.0,0.423692
0.21849963364894393,0.43377899999999997,0.24980300000000003
0.29133284486525857,0.179091,0.0824341
0.3641660560815732,0.224896,0.0136401
0.43699926729788785,0.07147869999999999,0.0904785
0.5098324785142025,0.0,0.144713
0.5826656897305171,0.0,0.307057
0.6554989009468317,0.0,0.303578
0.7283321121631464,0.0,0.250066
0.8011653233794611,0.0441434,0.21700100000000003
0.8739985345957757,0.0,0.187142
0.9468317458120903,0.0240345,0.188995
1.019664957028405,0.0165253,0.0828706
1.0924981682447197,0.0,0.262734
1.1653313794610343,0.00151465,0.042117
1.2381645906773489,0.0649439,0.054315800000000004
1.3109978018936634,0.0,0.00198049
1.3838310131099782,0.00942177,0.0
1.4566642243262928,0.0450351,0.226359
1.5294974355426074,0.0422872,0.171807
1.6023306467589222,0.07890069999999999,0.0
1.6751638579752368,0.0,0.154374
1.7479970691915514,0.16331600000000002,0.08733389999999999
1.820830280407866,0.0625884,0.07939969999999999
1.8936634916241806,0.0,0.09703780000000001
1.9664967028404954,0.0154375,0.11821300000000001
2.03932991405681,0.040663599999999994,0.027750599999999997
2.1121631252731246,0.0,0.0117218
2.1849963364894394,0.00302994,0.00265801
2.2578295477057537,0.0,0.0
2.3306627589220685,0.00752578,0.0
2.4034959701383833,0.00489693,0.0
2.4763291813546977,0.00497274,0.0901389
2.5491623925710125,0.0255528,0.0643507
2.621995603787327,0.0,0.0753549
2.6948288150036417,0.0,0.032255
2.7676620262199565,0.0,0.0
2.840495237436271,0.0,0.0258161
2.9133284486525857,0.013677200000000002,0.121798
2.9861616598689005,0.00690262,0.0157898
3.058994871085215,5.14266e-05,0.000245352
3.1318280823015296,0.0,0.017128599999999997
3.2046612935178445,0.0,0.032450900000000005
3.277494504734159,0.0224087,0.0
3.3503277159504736,0.0,0.0634596
3.423160927166788,0.0,0.0
3.495994138383103,0.0,0.0589923
3.5688273495994176,0.0,0.0586885
3.641660560815732,0.0204389,0.0
3.714493772032047,0.162117,0.0991056
3.787326983248361,0.103184,0.0344021
3.860160194464676,0.0,0.0
3.9329934056809908,0.103297,0.0
4.005826616897306,0.0,0.0
4.07865982811362,0.0,0.0
4.151493039329934,0.0802838,0.125417
4.224326250546249,0.0918091,0.11639300000000001
4.297159461762564,0.0355097,0.261651
4.369992672978879,0.059142999999999994,0.137575
4.4428258841951935,0.08320989999999999,0.11229700000000001
4.5156590954115075,0.0,0.053060199999999995
4.588492306627822,0.0397389,0.053265
4.661325517844137,0.0,0.0929995
4.734158729060452,0.0729079,0.0220576
4.806991940276767,0.042716699999999996,0.0
4.879825151493081,0.0,0.103673
4.952658362709395,0.00860367,0.265855
5.02549157392571,0.0,0.295135
5.098324785142025,4.1807e-05,0.29620799999999997
5.17115799635834,0.0025007,0.346509
5.243991207574654,0.00460127,0.390989
5.316824418790969,0.04851830000000001,0.08109169999999999
5.389657630007283,0.0185871,0.0934031
5.462490841223598,0.0,0.137992
5.535324052439913,0.0,0.0553168
5.608157263656228,0.17666300000000001,0.06966489999999999
5.680990474872542,0.0,0.012257299999999999
5.7538236860888565,0.0,0.0
5.826656897305171,0.0,0.0
5.899490108521486,0.0,0.0
5.972323319737801,0.25404499999999997,0.0
6.045156530954115,0.36986399999999997,0.151586
6.11798974217043,0.561623,0.527172
6.1908229533867445,0.79332,0.784626
6.263656164603059,0.6288130000000001,0.581565
6.336489375819374,0.241211,0.38950300000000004
6.409322587035689,0.406933,0.08001339999999998
6.482155798252003,0.241738,0.0730176
6.554989009468318,0.221894,0.044162599999999996
6.6278222206846324,0.134615,0.00236149
6.700655431900947,0.026129400000000004,0.0
6.773488643117262,0.00197134,0.0
6.846321854333576,0.0,0.168399
6.919155065549891,0.0,0.239134
6.991988276766206,0.00750259,0.43536400000000003
7.06482148798252,0.0,0.34222199999999997
7.137654699198835,0.0,0.17341199999999998
7.210487910415149,0.0,0.328544
7.283321121631464,0.0,0.13627899999999998
7.356154332847779,0.0,0.06285639999999999
7.428987544064094,0.0,0.0558812
7.501820755280408,0.0,0.0
7.574653966496722,0.064846,0.250102
7.647487177713037,0.059211099999999996,0.112925
7.720320388929352,0.0,0.138739
7.793153600145667,0.0,0.161002
7.8659868113619815,0.04598630000000001,0.158654
7.938820022578296,0.168777,0.08557460000000001
8.011653233794611,0.0,0.144448
8.084486445010926,0.0,0.16403399999999999
8.15731965622724,0.0,0.116943
8.230152867443554,0.029649599999999998,0.10667599999999999
8.302986078659869,0.0254089,0.00821
8.375819289876183,0.0,0.0
8.448652501092498,0.0,0.079735
8.521485712308813,0.0,0.121334
8.594318923525128,0.0,0.0885138
8.667152134741443,0.07368960000000001,0.105538
8.739985345957757,0.027329500000000003,0.107958
8.812818557174072,0.0,0.0
8.885651768390387,0.0218521,0.0325501
8.9584849796067,0.0,0.0
9.031318190823015,0.0256298,0.0
9.10415140203933,0.0196359,0.0422888
9.176984613255645,0.0,0.0
9.24981782447196,0.0,0.0
9.322651035688274,0.0,0.00595003
9.395484246904589,0.0,0.0
9.468317458120904,0.0,0.0
9.541150669337219,0.00673656,0.089964
9.613983880553533,0.0,0.024458599999999997
9.686817091769848,0.0309943,0.0988768
9.759650302986161,0.0,0.114478
9.832483514202476,0.0,0.16711800000000002
9.90531672541879,0.0,0.10578599999999999
9.978149936635106,0.0,0.105923
10.05098314785142,0.088947,0.128343
10.123816359067735,0.0,0.0
10.19664957028405,0.0,0.0
10.269482781500365,0.0506981,0.16361900000000001
10.34231599271668,0.0,0.0
10.415149203932994,0.0,0.18448900000000001
10.487982415149308,0.0212962,0.138646
10.560815626365622,0.11274400000000001,0.279403
10.633648837581937,0.0559439,0.19275599999999998
10.706482048798252,0.060089800000000006,0.26256599999999997
10.779315260014567,0.0,0.175034
10.852148471230882,0.0,0.0723785
10.924981682447196,0.041347300000000003,0.20108399999999998
10.997814893663511,0.0398177,0.00646954
11.070648104879826,0.017122,0.173016
11.14348131609614,0.00256749,0.184354
11.216314527312456,0.0,0.251054
11.289147738528769,6.39436e-05,0.23167800000000002
11.361980949745083,0.0,0.315893
11.434814160961398,0.0,0.31565
11.507647372177713,0.0,0.155381
11.580480583394028,0.0,0.22532800000000003
11.653313794610343,0.0,0.0527668
11.726147005826657,0.0,0.113134
11.798980217042972,0.0,0.367487
11.871813428259287,0.0,0.0295091
11.944646639475602,0.0,0.372527
12.017479850691917,0.0,0.36943899999999996
12.09031306190823,0.0,0.0
12.163146273124545,0.0652912,0.0
12.23597948434086,0.129697,0.0
12.308812695557174,0.6495890000000001,0.620747
12.381645906773489,0.775325,0.42488000000000004
12.454479117989804,0.31388499999999997,0.548163
12.527312329206119,0.24695300000000003,0.411937
12.600145540422433,0.281229,0.205696
12.672978751638748,0.306737,0.11765999999999999
12.745811962855063,0.255391,0.028945099999999998
12.818645174071378,0.10553199999999999,0.122405
12.89147838528769,0.0299228,0.00548829
12.964311596504006,0.0,0.09923380000000001
13.03714480772032,0.0,0.29391300000000004
13.109978018936635,0.0,0.37988299999999997
13.18281123015295,0.0,0.348132
13.255644441369265,0.00850314,0.329637
13.32847765258558,0.0,0.09739600000000001
13.401310863801895,0.016017700000000003,0.285967
13.47414407501821,0.0,0.188059
13.546977286234524,0.0955521,0.20757199999999998
13.619810497450837,0.0713281,0.029367
13.692643708667152,0.0945794,0.0
13.765476919883467,0.049869300000000005,0.0
13.838310131099782,0.0724494,0.105678
13.911143342316096,0.017511000000000002,0.105295
13.983976553532411,0.0,0.257384
14.056809764748726,0.0,0.184436
14.12964297596504,0.0,0.173985
14.202476187181356,0.0,0.046774199999999995
14.27530939839767,0.08306480000000001,0.0499969
14.348142609613985,0.0,0.09805219999999999
14.420975820830298,0.042697399999999996,0.0
14.493809032046613,0.017681099999999998,0.0
14.566642243262928,0.00831181,0.0
14.639475454479243,0.0,0.0
14.712308665695558,0.0,0.00048108300000000004
14.785141876911872,0.0,0.0772186
14.857975088128187,0.0,0.09341050000000001
14.930808299344502,0.0,0.132902
15.003641510560817,0.0368903,0.113151
15.076474721777132,0.0,0.12225499999999999
15.149307932993445,0.0315302,0.0828625
15.22214114420976,0.0,0.0
15.294974355426074,0.0208484,0.0286493
15.367807566642389,0.0,0.0
15.440640777858704,0.0,0.06299339999999999
15.513473989075019,0.0,0.0
15.586307200291333,0.00130816,0.0156131
15.659140411507648,0.0,0.0
15.731973622723963,0.0246149,0.127839
15.804806833940278,0.0,0.134105
15.877640045156593,0.0310149,0.141508
15.950473256372906,0.0,0.11616800000000001
16.023306467589222,0.0,0.123852
16.096139678805535,0.0,0.0652118
16.168972890021852,0.143224,0.015445500000000001
16.241806101238165,0.144504,0.0
16.31463931245448,0.0,0.0
16.387472523670795,0.0,0.0
16.460305734887108,0.00354409,0.0366008
16.533138946103424,0.0766037,0.20676
16.605972157319737,0.0,0.11241099999999998
16.678805368536054,0.11328599999999998,0.162346
16.751638579752367,0.11174,0.20829899999999998
16.824471790968683,0.0346844,0.08565369999999999
16.897305002184996,0.0502315,0.0853189
16.970138213401313,0.0,0.158098
17.042971424617626,0.0,0.0833212
17.11580463583394,0.06435790000000001,0.0386727
17.188637847050256,0.0416899,0.00647928
17.26147105826657,0.0244226,1.9848800000000002e-05
17.334304269482885,0.0,0.21101799999999998
17.4071374806992,0.030489699999999998,0.408648
17.479970691915515,0.0,0.295454
17.552803903131828,0.00193543,0.256849
17.625637114348145,0.00422261,0.31485
17.698470325564458,0.0,0.0
17.771303536780774,0.0,0.31538299999999997
17.844136747997087,0.0,0.0
17.9169699592134,0.0,0.0568552
17.989803170429717,0.0,0.0680087
18.06263638164603,0.0,0.0208504
18.135469592862346,0.0,0.0
18.20830280407866,0.0554611,0.0
18.281136015294976,0.0,0.0
18.35396922651129,0.24331599999999998,0.0
18.426802437727606,0.12269300000000001,0.0
18.49963564894392,0.634091,0.521088
18.572468860160235,0.760488,0.729733
18.64530207137655,0.49106000000000005,0.542443
18.71813528259286,0.339271,0.327858
18.790968493809178,0.29020300000000004,0.252729
18.86380170502549,0.303917,0.0877457
18.936634916241808,0.218656,0.031051299999999997
19.00946812745812,0.157367,0.17641300000000001
19.082301338674437,0.0320086,0.10661500000000002
19.15513454989075,0.00624651,0.14169
19.227967761107067,0.0,0.0349389
19.30080097232338,0.0,0.284643
19.373634183539696,0.033812199999999994,0.332482
19.44646739475601,0.0,0.32414699999999996
19.519300605972322,0.032989199999999996,0.286436
19.59213381718864,0.013800799999999998,0.0825728
19.664967028404952,0.0,0.184005
19.73780023962127,0.0,0.094881
19.81063345083758,0.00887117,0.0490626
19.8834666620539,0.0,0.00432195
19.95629987327021,0.0349284,0.0
20.029133084486528,0.0,0.12862200000000001
20.10196629570284,0.0713011,0.268092
20.174799506919157,0.0,0.1957
20.24763271813547,0.0,0.176297
20.320465929351784,0.103868,0.161804
20.3932991405681,0.101876,0.14006
20.466132351784413,0.0,0.10710599999999999
20.53896556300073,0.057310400000000004,0.0
20.611798774217043,0.0,0.039095300000000006
20.68463198543336,0.0,0.00658164
20.757465196649672,0.00332164,0.0
20.83029840786599,0.0,0.0
20.903131619082302,0.0,0.0
20.975964830298615,0.0177104,0.132984
21.04879804151493,0.0207067,0.0868597
21.121631252731245,0.025965199999999997,0.140577
21.19446446394756,0.027795999999999998,0.11498199999999999
21.267297675163874,0.0,0.0991236
21.34013088638019,0.0,0.0
21.412964097596504,0.0255979,0.0406126
21.48579730881282,0.00864318,0.0322456
21.558630520029133,0.00917877,0.00860936
21.63146373124545,0.0016052,0.0
21.704296942461763,0.0,0.0204926
21.777130153678076,0.0611591,0.035492800000000005
21.849963364894393,0.0195992,0.059798000000000004
21.922796576110706,0.00177969,0.175852
21.995629787327022,0.0124892,0.10874600000000001
22.068462998543335,0.0,0.114159
22.141296209759652,0.0,0.11944500000000001
22.214129420975965,0.0,0.12364100000000001
22.28696263219228,0.00514542,0.241707
22.359795843408595,0.0112633,0.10962000000000001
22.43262905462491,0.111555,0.113095
22.505462265841224,0.14868299999999998,0.0
22.578295477057537,0.0,0.105225
22.651128688273854,0.0,0.00736989
22.723961899490167,0.0,0.0179612
22.796795110706483,0.0,0.116125
22.869628321922796,0.115272,0.139882
22.942461533139113,0.113997,0.192996
23.015294744355426,0.10918699999999999,0.16860799999999998
23.088127955571743,0.028260900000000005,0.08719930000000001
23.160961166788056,0.0,0.053837699999999995
23.233794378004372,0.0211083,0.11122
23.306627589220685,0.0727738,0.017854599999999998
23.379460800437,0.0385861,0.0
23.452294011653315,0.026757799999999998,0.25185100000000005
23.525127222869628,0.0,0.204178
23.597960434085945,0.0,0.16134
23.670793645302258,0.0,0.226073
23.743626856518574,0.0275253,0.324712
23.816460067734887,0.0,0.31342
23.889293278951204,0.0,0.0
23.962126490167517,0.012977299999999999,0.1479
24.034959701383833,0.00153506,0.0
24.107792912600146,0.0,0.0
24.18062612381646,0.0,0.06964930000000001
24.253459335032776,0.0,0.0
24.32629254624909,0.0886021,0.0
24.399125757465406,0.0692802,0.0
24.47195896868172,0.0564976,0.0
24.544792179898035,0.287997,0.0
24.61762539111435,0.124868,0.211371
24.690458602330665,0.622305,0.688416
24.763291813546978,0.750115,0.7291880000000001
24.836125024763295,0.520831,0.18617
24.908958235979608,0.327919,0.415613
24.98179144719592,0.411671,0.182197
25.054624658412237,0.18064000000000002,0.0897169
25.12745786962855,0.08301239999999999,0.0402402
25.200291080844867,0.164892,0.0032193000000000005
25.27312429206118,0.0338861,0.00409632
25.345957503277496,0.0,0.0
25.41879071449381,0.0007953880000000001,0.21183400000000002
25.491623925710126,0.0,0.220466
25.56445713692644,0.00189193,0.241648
25.637290348142756,0.0,0.309751
25.71012355935907,0.05745309999999999,0.275389
25.78295677057538,0.0138209,0.28471199999999997
25.8557899817917,0.0493323,0.24613400000000002
25.92862319300801,0.0152799,0.117974
26.001456404224328,0.0,0.043644999999999996
26.07428961544064,0.040053899999999996,0.00503955
26.147122826656958,0.0,0.0
26.21995603787327,0.0603068,0.167639
26.292789249089587,0.07270700000000001,0.293288
26.3656224603059,0.0,0.28320300000000004
26.438455671522213,0.18981800000000001,0.171921
26.51128888273853,0.102377,0.159063
26.584122093954843,0.0,0.13958900000000002
26.65695530517116,0.0320133,0.106955
26.729788516387472,0.0674816,0.027515300000000003
26.80262172760379,0.0425102,0.038906
26.875454938820102,0.00690289,0.0
26.94828815003642,0.00380702,0.010890899999999998
27.02112136125273,6.12181e-05,0.0
27.09395457246905,0.00235899,0.00617065
27.16678778368536,0.0016734999999999999,0.015465600000000001
27.239620994901674,0.0,0.0894196
27.31245420611799,0.0123861,0.12391400000000001
27.385287417334304,0.0344228,0.114158
27.45812062855062,0.0344888,0.0
27.530953839766934,0.0,0.0
27.60378705098325,0.00924855,0.0912083
27.676620262199563,0.0166403,0.012765100000000001
27.74945347341588,0.0,0.00864737
27.822286684632193,0.0,0.0
27.89511989584851,0.0,0.0
27.967953107064822,0.0,0.0
28.040786318281135,0.0,0.0
28.113619529497452,0.0,0.0845241
28.186452740713765,0.0,0.129924
28.25928595193008,0.030736799999999998,0.12198599999999998
28.332119163146395,0.0,0.130165
28.40495237436271,0.0,0.086663
28.477785585579024,0.0047722,0.0824453
28.55061879679534,0.0028963,0.0916423
28.623452008011654,0.0,0.00623197
28.69628521922797,0.0,0.0889155
28.769118430444284,0.0,0.0008345039999999999
28.841951641660597,0.0,0.23228000000000001
28.914784852876913,0.0,0.104375
28.987618064093226,0.0,0.11374200000000001
29.060451275309543,0.11445599999999999,0.0702927
29.133284486525856,0.11299300000000001,0.0688839
