,x,xdot
1e-06,6.04e-10,0.000608
6e-06,3.74399e-09,0.000647998
3.1e-05,2.24438e-08,0.000847989
0.000156,1.90938e-07,0.0018479
0.000781,2.90803e-06,0.00684655
0.003906,6.33288e-05,0.0318162
0.019531,0.00153249,0.156069
0.09765599999999999,0.037553199999999995,0.761528
0.22439099999999998,0.193159,1.6795900000000001
0.32916799999999996,0.40549,2.3578
0.39553299999999997,0.574471,2.72343
0.450545,0.731193,2.96224
0.497667,0.8742530000000001,3.09674
0.5447890000000001,1.02163,3.14083
0.582435,1.13921,3.09245
0.62008,1.25334,2.95467
0.652854,1.34709,2.75306
0.685629,1.4329100000000001,2.47097
0.718403,1.5081799999999999,2.1088
0.747324,1.56378,1.72743
0.7762439999999999,1.60762,1.29661
0.8051649999999999,1.63842,0.828174
0.8340860000000001,1.6553,0.336987
0.863007,1.65785,-0.160187
0.891928,1.6461400000000002,-0.6460319999999999
0.920849,1.62075,-1.10414
0.9497700000000001,1.5826799999999999,-1.52035
0.978691,1.53332,-1.88369
1.0076100000000001,1.47431,-2.18696
1.0369,1.40654,-2.42939
1.06728,1.32979,-2.61212
1.09912,1.24452,-2.73233
1.1328200000000002,1.15131,-2.78761
1.1689,1.05074,-2.77615
1.2080600000000001,0.943378,-2.6964200000000003
1.25136,0.8296979999999999,-2.54621
1.30051,0.7098949999999999,-2.32061
1.35907,0.5830390000000001,-2.00556
1.44075,0.43852399999999997,-1.52948
1.52599,0.329583,-1.02867
1.61122,0.262575,-0.548279
1.70297,0.23465,-0.067475
1.8092,0.254607,0.432341
1.9329900000000002,0.339721,0.925416
2.02141,0.434497,1.20729
2.09925,0.5361819999999999,1.3946100000000001
2.1771,0.649746,1.5096100000000001
2.23858,0.743721,1.5367899999999999
2.3000700000000003,0.837348,1.49661
2.35282,0.914043,1.40161
2.40557,0.984166,1.24716
2.45832,1.04457,1.03372
2.5045,1.08712,0.802521
2.55068,1.11817,0.537184
2.59686,1.13637,0.247687
2.64304,1.14086,-0.0538347
2.68923,1.13141,-0.35430900000000004
2.73541,1.10835,-0.641163
2.78159,1.07257,-0.9036709999999999
2.82777,1.02538,-1.13396
2.87396,0.9683959999999999,-1.32749
2.92188,0.9007719999999999,-1.48815
2.97208,0.822722,-1.6146399999999999
3.02523,0.734263,-1.70744
3.08222,0.635034,-1.76889
3.14435,0.523933,-1.8033700000000001
3.21369,0.39828800000000003,-1.81755
3.29434,0.251515,-1.82116
3.3975699999999995,0.0631794,-1.8302
3.51922,-0.161303,-1.86507
3.6230300000000004,-0.357109,-1.9069900000000002
3.72684,-0.556509,-1.92693
3.79503,-0.687307,-1.90238
3.85465,-0.799059,-1.83875
3.9142699999999997,-0.9055,-1.72215
3.9641300000000004,-0.98792,-1.57626
4.01398,-1.06188,-1.38277
4.06384,-1.1250200000000001,-1.14256
4.10736,-1.16955,-0.899151
4.150869999999999,-1.2029299999999998,-0.631634
4.19439,-1.22431,-0.349763
4.23791,-1.23333,-0.0651573
4.28142,-1.23012,0.209835
4.32494,-1.21538,0.46338500000000005
4.36845,-1.19025,0.685337
4.411969999999999,-1.1563,0.868042
4.45602,-1.11481,1.00819
4.50192,-1.06613,1.10433
4.55053,-1.01108,1.15171
4.60299,-0.950593,1.14468
4.66134,-0.885549,1.07494
4.72996,-0.8165560000000001,0.925084
4.80543,-0.754988,0.6973010000000001
4.88091,-0.712404,0.425479
4.95638,-0.691388,0.128685
5.03186,-0.693196,-0.17677
5.10733,-0.717909,-0.475754
5.18281,-0.764454,-0.7525609999999999
5.25828,-0.8305030000000001,-0.989334
5.33375,-0.9122629999999999,-1.1651799999999999
5.41209,-1.00786,-1.25827
5.469869999999999,-1.08076,-1.25387
5.52765,-1.15139,-1.17874
5.5748,-1.20444,-1.06293
5.62195,-1.25089,-0.900035
5.66911,-1.2886600000000001,-0.6957409999999999
5.71062,-1.3133299999999999,-0.489095
5.75213,-1.32905,-0.266353
5.79365,-1.33536,-0.037569099999999994
5.83516,-1.33223,0.186633
5.87668,-1.32007,0.395991
5.91819,-1.29968,0.581472
5.9597,-1.2722200000000001,0.735955
6.002190000000001,-1.23824,0.8569479999999999
6.04655,-1.19821,0.9405020000000001
6.0936900000000005,-1.15272,0.9813139999999999
6.14503,-1.1023399999999999,0.972792
6.20374,-1.0469700000000002,0.903434
6.269019999999999,-0.992183,0.7659050000000001
6.3361,-0.9469420000000001,0.576539
6.403169999999999,-0.915515,0.35697199999999996
6.46218,-0.9004629999999999,0.152372
6.52119,-0.897526,-0.0519547
6.5802,-0.9064,-0.246379
6.63921,-0.9262309999999999,-0.421843
6.699910000000001,-0.956606,-0.573422
6.76347,-0.997041,-0.691116
6.8332,-1.04806,-0.7611760000000001
6.9044,-1.10266,-0.759641
6.96214,-1.1450799999999999,-0.700962
7.019889999999999,-1.18265,-0.592334
7.06959,-1.209,-0.463239
7.1192899999999995,-1.2282600000000001,-0.307869
7.168989999999999,-1.2393100000000001,-0.134762
7.2187,-1.24153,0.0460968
7.2684,-1.23478,0.22420500000000002
7.3181,-1.21945,0.389585
7.3678,-1.1964,0.5337310000000001
7.4175,-1.16686,0.650301
7.467210000000001,-1.13228,0.7354569999999999
7.519419999999999,-1.0923100000000001,0.789629
7.575589999999999,-1.04724,0.80875
7.63813,-0.997123,0.7870050000000001
7.710319999999999,-0.942622,0.715504
7.788410000000001,-0.891135,0.597528
7.8665,-0.849957,0.454226
7.94459,-0.8204450000000001,0.301166
8.022680000000001,-0.80283,0.151527
8.100769999999999,-0.796407,0.016121700000000003
8.17886,-0.799713,-0.096345
8.25695,-0.810679,-0.179085
8.34085,-0.828105,-0.229312
8.43073,-0.849353,-0.235083
8.520610000000001,-0.8688739999999999,-0.19128399999999998
8.597339999999999,-0.880941,-0.118217
8.67407,-0.8863280000000001,-0.0183288
8.7508,-0.883268,0.1005
8.82753,-0.8706520000000001,0.229233
8.90426,-0.848068,0.35887399999999997
8.98099,-0.815756,0.48166400000000004
9.057730000000001,-0.774472,0.592009
9.13446,-0.725302,0.686936
9.21297,-0.668093,0.767717
9.29623,-0.601166,0.837477
9.38618,-0.5229689999999999,0.8993680000000001
9.4856,-0.430526,0.959556
9.60019,-0.3166,1.03029
9.75145,-0.152425,1.14649
9.88898,0.014624700000000001,1.28932
9.99798,0.16258499999999998,1.4288
10.1088,0.329437,1.58324
10.2196,0.5129100000000001,1.72227
10.2977,0.650089,1.78358
10.3626,0.766401,1.7905400000000002
10.4276,0.8813639999999999,1.73915
10.4794,0.9692629999999999,1.64517
10.5312,1.05091,1.49724
10.5769,1.11543,1.3199299999999998
10.6225,1.17087,1.1003100000000001
10.6682,1.21541,0.8438680000000001
10.7139,1.24756,0.559916
10.7596,1.26634,0.261075
10.8053,1.27141,-0.0379323
10.850999999999999,1.26311,-0.321893
10.8967,1.24244,-0.576813
10.9424,1.21102,-0.791373
10.988,1.17087,-0.9578399999999999
11.0337,1.12429,-1.07236
11.0803,1.0726200000000001,-1.1353799999999998
11.1302,1.0155,-1.14578
11.1852,0.9535809999999999,-1.09619
11.2494,0.886893,-0.970717
11.3203,0.82495,-0.767351
11.3912,0.7792100000000001,-0.516948
11.4621,0.752322,-0.23839699999999997
11.533,0.745691,0.052027699999999996
11.6038,0.7596310000000001,0.339634
11.6747,0.7934359999999999,0.610007
11.7456,0.8453459999999999,0.8477790000000001
11.8165,0.912457,1.0358399999999999
11.8916,0.99551,1.16005
11.9546,1.06988,1.1887299999999998
12.0086,1.13323,1.14986
12.0625,1.1928,1.04867
12.1084,1.23803,0.9140940000000001
12.1544,1.27613,0.739035
12.2003,1.3054,0.5307649999999999
12.2462,1.32453,0.299583
12.2921,1.33276,0.0580576
12.3381,1.32991,-0.180168
12.384,1.31646,-0.401789
12.4299,1.29345,-0.595195
12.4758,1.26237,-0.751508
12.5217,1.22508,-0.8651399999999999
12.5677,1.1836,-0.93384
12.6165,1.13717,-0.958448
12.6704,1.08597,-0.93211
12.7334,1.0298399999999999,-0.840572
12.8011,0.9779110000000001,-0.6854600000000001
12.8688,0.9379430000000001,-0.49021899999999996
12.9283,0.914394,-0.299811
12.9878,0.902402,-0.103308
13.0472,0.902028,0.08930160000000001
13.1067,0.9127649999999999,0.268844
13.1669,0.933889,0.428529
13.2291,0.964857,0.561358
13.295,1.00529,0.657283
13.3686,1.0557,0.699814
13.4422,1.10649,0.667035
13.4991,1.14241,0.589596
13.5559,1.17272,0.470286
13.6128,1.19521,0.31619400000000003
13.6616,1.207,0.163682
13.7105,1.21105,0.00119176
13.7594,1.20709,-0.162529
13.8083,1.19528,-0.318874
13.8572,1.17616,-0.46015100000000003
13.9061,1.1506299999999998,-0.5802039999999999
13.9563,1.11896,-0.6769569999999999
14.0087,1.08149,-0.746865
14.0645,1.0386,-0.78605
14.1252,0.9905639999999999,-0.790238
14.1943,0.9369719999999999,-0.7529060000000001
14.272,0.88146,-0.6695909999999999
14.3558,0.830317,-0.547555
14.4396,0.790194,-0.409174
14.5233,0.7618159999999999,-0.26931
14.6071,0.744789,-0.139876
14.6908,0.737835,-0.0300805
14.7746,0.739009,0.0532349
14.863,0.746383,0.107322
14.9603,0.7579640000000001,0.123171
15.0575,0.768849,0.0933284
15.1547,0.774756,0.021796799999999998
15.239,0.7729689999999999,-0.06791799999999999
15.3233,0.762789,-0.17616800000000002
15.4075,0.742974,-0.295313
15.4918,0.71292,-0.418055
15.5761,0.672586,-0.538456
15.6603,0.6223489999999999,-0.652675
15.748,0.560177,-0.7634810000000001
15.8409,0.484121,-0.8729610000000001
15.9414,0.39066999999999996,-0.986618
16.0541,0.27221799999999996,-1.11648
16.1909,0.107825,-1.29144
16.3089,-0.0546809,-1.46634
16.4134,-0.216731,-1.6376899999999999
16.5179,-0.396875,-1.80863
16.6224,-0.593375,-1.94251
16.6883,-0.723013,-1.98013
16.7457,-0.8364889999999999,-1.9637799999999999
16.8031,-0.9473309999999999,-1.8858700000000002
16.8506,-1.0341,-1.7654900000000002
16.898,-1.11385,-1.58889
16.9454,-1.1838600000000001,-1.355
16.9861,-1.2341600000000001,-1.11174
17.0267,-1.27386,-0.8354889999999999
17.0674,-1.3018100000000001,-0.53555
17.1081,-1.3172700000000002,-0.22373800000000002
17.1488,-1.32003,0.08662689999999999
17.1894,-1.3104200000000001,0.382019
17.2301,-1.28932,0.650034
17.2708,-1.25805,0.8805129999999999
17.3115,-1.2182899999999999,1.06627
17.3522,-1.1719600000000001,1.2033399999999999
17.395,-1.1183100000000001,1.29407
17.4405,-1.05833,1.3325799999999999
17.4897,-0.992934,1.31297
17.5447,-0.9228729999999999,1.22646
17.6101,-0.847974,1.05265
17.6825,-0.780722,0.795006
17.755,-0.7338640000000001,0.493349
17.8274,-0.709811,0.168435
17.8998,-0.7096060000000001,-0.162472
17.9723,-0.733115,-0.483753
18.0447,-0.779071,-0.779504
18.1171,-0.844993,-1.03185
18.1896,-0.927002,-1.21997
18.2653,-1.02393,-1.32273
18.3212,-1.09827,-1.32194
18.3772,-1.17052,-1.24679
18.423,-1.22504,-1.12775
18.4687,-1.27295,-0.958623
18.5145,-1.31208,-0.7450479999999999
18.5547,-1.3377700000000001,-0.52804
18.5949,-1.35433,-0.29289
18.6352,-1.36123,-0.049944800000000004
18.6754,-1.35839,0.18976700000000002
18.7156,-1.34615,0.415488
18.7559,-1.3252700000000002,0.617648
18.7961,-1.2968600000000001,0.7885850000000001
18.837,-1.26171,0.9248149999999999
18.8795,-1.22014,1.02335
18.9244,-1.1727299999999998,1.0791899999999999
18.9729,-1.1200700000000001,1.08648
19.0269,-1.0624200000000001,1.03667
19.0897,-1.00086,0.915492
19.1577,-0.9447469999999999,0.7268939999999999
19.2257,-0.902884,0.49976099999999996
19.2852,-0.87949,0.284488
19.3448,-0.869065,0.06597510000000001
19.4043,-0.8714930000000001,-0.145565
19.4639,-0.886077,-0.340765
19.5248,-0.9122950000000001,-0.514405
19.5882,-0.949643,-0.6572279999999999
19.6562,-0.9981200000000001,-0.757108
19.729,-1.05497,-0.7915260000000001
19.7903,-1.1027,-0.7567689999999999
19.8516,-1.14649,-0.662963
19.9026,-1.1774200000000001,-0.542751
19.9537,-1.20136,-0.390189
20.0048,-1.21686,-0.21353200000000003
20.0558,-1.22294,-0.023083799999999998
20.1069,-1.21918,0.169755
20.1579,-1.20575,0.353668
20.209,-1.1833799999999999,0.51859
20.2601,-1.15325,0.6566489999999999
20.3111,-1.11687,0.762707
20.3622,-1.07594,0.834471
20.4168,-1.02918,0.873599
20.4762,-0.977001,0.875497
20.5437,-0.9190799999999999,0.8338059999999999
20.6205,-0.858239,0.7429140000000001
20.7051,-0.8009189999999999,0.6082029999999999
20.7897,-0.755855,0.45606599999999997
20.8743,-0.7238140000000001,0.30257399999999995
20.9588,-0.7043590000000001,0.160251
21.0434,-0.696125,0.038565800000000004
21.128,-0.697056,-0.055515699999999994
21.2185,-0.705309,-0.12021400000000002
21.3174,-0.7188,-0.144532
21.4162,-0.732268,-0.119974
21.5151,-0.74102,-0.0500645
21.6013,-0.741548,0.0420527
21.6874,-0.7331479999999999,0.155852
21.7736,-0.7142930000000001,0.283288
21.8598,-0.684154,0.416497
21.945999999999998,-0.642526,0.548968
22.0322,-0.589676,0.676417
22.1217,-0.523415,0.801832
22.2168,-0.441169,0.928268
22.3201,-0.338258,1.0629
22.4376,-0.204188,1.2215799999999999
22.5817,-0.0129541,1.4390100000000001
22.6882,0.149917,1.6197700000000002
22.7966,0.335831,1.81001
22.905,0.541345,1.9733900000000002
22.9743,0.680474,2.03476
23.0335,0.80125,2.0390099999999998
23.0926,0.9205030000000001,1.98029
23.1404,1.01288,1.8751799999999998
23.1882,1.09884,1.7110400000000001
23.236,1.17547,1.48484
23.2765,1.2308299999999999,1.24672
23.3169,1.27578,0.9709909999999999
23.3573,1.3089600000000001,0.666231
23.3978,1.32942,0.344019
23.4382,1.33673,0.017986900000000004
23.4786,1.33102,-0.29749000000000003
23.5191,1.3130000000000002,-0.588739
23.5595,1.28389,-0.844108
23.5999,1.24534,-1.0549
23.6404,1.19926,-1.21583
23.6818,1.14641,-1.327
23.7254,1.08696,-1.38658
23.7723,1.0217,-1.3895600000000001
23.8238,0.951468,-1.32905
23.8828,0.8767010000000001,-1.1919799999999998
23.9515,0.802315,-0.9639790000000001
24.0256,0.741789,-0.661904
24.0997,0.705036,-0.326166
24.1738,0.693775,0.023015
24.2479,0.7083520000000001,0.368369
24.322,0.747869,0.693214
24.3961,0.8101430000000001,0.97925
24.4703,0.891523,1.20492
24.5488,0.992657,1.35028
24.6071,1.07241,1.37741
24.6578,1.14152,1.33532
24.7086,1.2068299999999998,1.22725
24.7522,1.2574,1.08134
24.7959,1.30059,0.889925
24.8395,1.33455,0.659968
24.8832,1.35781,0.401859
24.9269,1.36943,0.12872999999999998
24.9705,1.36905,-0.144739
25.0142,1.357,-0.403817
25.0578,1.33419,-0.635243
25.1015,1.30208,-0.828465
25.1452,1.26251,-0.976391
25.1888,1.21753,-1.07558
25.2337,1.16792,-1.12666
25.2821,1.11317,-1.12731
25.3363,1.0533700000000001,-1.06871
25.3991,0.990081,-0.9368120000000001
25.4674,0.9327110000000001,-0.736269
25.5276,0.8945719999999999,-0.527464
25.5877,0.869533,-0.30309400000000003
25.6479,0.85816,-0.0751903
25.7081,0.860339,0.14557799999999999
25.7683,0.875343,0.349459
25.8295,0.902422,0.529999
25.8931,0.94111,0.678983
25.9615,0.991509,0.784076
26.0343,1.05044,0.8215600000000001
26.0951,1.09969,0.7879729999999999
26.156,1.14506,0.694129
26.2067,1.17735,0.572621
26.2574,1.20258,0.41750699999999996
26.3081,1.21927,0.23700700000000002
26.3589,1.22638,0.041512
26.4096,1.22343,-0.157368
26.4603,1.21055,-0.348001
26.511,1.18844,-0.519944
26.5618,1.15826,-0.664938
26.6125,1.12153,-0.7774989999999999
26.6632,1.07997,-0.8550610000000001
26.7169,1.0326899999999999,-0.8991809999999999
26.7752,0.979923,-0.906021
26.8407,0.9214889999999999,-0.8698959999999999
26.9164,0.85864,-0.783392
26.9998,0.798653,-0.651246
27.0831,0.750628,-0.49936400000000003
27.1665,0.7155100000000001,-0.343898
27.2498,0.69305,-0.19744
27.3332,0.682081,-0.0695175
27.4165,0.6807489999999999,0.0328204
27.506,0.6873520000000001,0.10853199999999999
27.6057,0.700503,0.146844
27.7054,0.714973,0.135042
27.8052,0.725851,0.07557739999999999
27.8931,0.7288939999999999,-0.011159
27.980999999999998,0.723154,-0.12293699999999999
28.0689,0.7067859999999999,-0.25153400000000004
28.1568,0.6786840000000001,-0.38856999999999997
28.2447,0.638437,-0.5268079999999999
28.3326,0.586178,-0.661212
28.4227,0.520683,-0.792555
28.5178,0.438925,-0.925142
28.621,0.33615300000000004,-1.06613
28.7379,0.202051,-1.23104
28.8795,0.0124212,-1.4524
28.9859,-0.151815,-1.6376899999999999
29.0938,-0.339042,-1.8312
29.2017,-0.546063,-1.9963400000000002
29.2702,-0.6852060000000001,-2.05728
29.3288,-0.806125,-2.0607599999999997
29.3874,-0.925477,-2.00084
29.4348,-1.01807,-1.8942599999999998
29.4823,-1.1042299999999998,-1.72823
29.5297,-1.1810200000000002,-1.49974
29.5698,-1.23655,-1.25918
29.61,-1.28162,-0.980698
29.6501,-1.3149,-0.672927
29.6903,-1.33542,-0.347495
29.7304,-1.34275,-0.018103099999999997
29.7706,-1.33702,0.300799
29.8107,-1.31892,0.595459
29.8509,-1.28969,0.85414
29.891,-1.25094,1.06807
29.9312,-1.20459,1.23189
29.9723,-1.15144,1.34564
30.0156,-1.09164,1.40765
30.061999999999998,-1.02597,1.41299
30.1129,-0.9552729999999999,1.3549799999999999
30.171,-0.8800610000000001,1.22133
30.2391,-0.804195,0.9954930000000001
30.3144,-0.7405970000000001,0.687175
30.3896,-0.7016899999999999,0.343061
30.4648,-0.689334,-0.0153938
30.5401,-0.70391,-0.370041
30.6153,-0.7444810000000001,-0.7034229999999999
30.6905,-0.8087409999999999,-0.9963219999999999
30.7658,-0.892812,-1.22595
30.8443,-0.9955069999999999,-1.36927
30.9019,-1.07534,-1.39349
30.9522,-1.1446100000000001,-1.34899
31.0025,-1.20999,-1.23858
31.0459,-1.2607,-1.09035
31.0893,-1.30397,-0.8965139999999999
31.1327,-1.33796,-0.664099
31.1761,-1.3612,-0.403536
31.2195,-1.37277,-0.12799100000000002
31.2629,-1.3723100000000001,0.147831
31.3063,-1.36015,0.409179
31.3497,-1.3372,0.642776
31.3931,-1.30491,0.838051
31.4365,-1.26512,0.987892
31.4799,-1.21987,1.08884
31.5245,-1.16993,1.14154
31.5726,-1.11481,1.1437
31.6263,-1.05464,1.08677
31.6888,-0.990482,0.9560190000000001
31.7567,-0.9320360000000001,0.755808
31.8247,-0.888624,0.5170899999999999
31.8844,-0.864445,0.291348
31.9441,-0.853879,0.062956
32.0038,-0.856771,-0.157711
32.0636,-0.8723719999999999,-0.361152
32.1249,-0.900243,-0.542641
32.1887,-0.9399069999999999,-0.69213
32.2576,-0.991553,-0.79673
32.3303,-1.05124,-0.831634
32.3906,-1.10059,-0.795762
32.4509,-1.1459700000000002,-0.700073
32.5014,-1.17836,-0.576769
32.5518,-1.20365,-0.41989099999999996
32.6023,-1.22034,-0.23769099999999999
32.6528,-1.2274,-0.0405839
32.7033,-1.22438,0.15980999999999998
32.7538,-1.21141,0.35185500000000003
32.8043,-1.18917,0.525113
32.8548,-1.15883,0.671329
32.9053,-1.12191,0.785021
32.9558,-1.0801399999999999,0.8636219999999999
33.0093,-1.0325600000000001,0.90875
33.0673,-0.979453,0.916515
33.1324,-0.9206799999999999,0.88136
33.2079,-0.857126,0.795503
33.2911,-0.796269,0.663519
33.3742,-0.74735,0.51134
33.4573,-0.711349,0.355167
33.5405,-0.688051,0.207607
33.6236,-0.676323,0.0781805
33.7068,-0.674351,-0.0260726
33.7962,-0.6804680000000001,-0.10444500000000001
33.8964,-0.693427,-0.146014
33.9965,-0.708021,-0.13715
34.0966,-0.719279,-0.0800789
34.1968,-0.722659,0.018784799999999997
34.2828,-0.716417,0.129584
34.3689,-0.699901,0.256209
34.4549,-0.672088,0.39090199999999997
34.541,-0.632582,0.526975
34.628,-0.580893,0.6611
34.7183,-0.5151100000000001,0.794528
34.8139,-0.43259899999999996,0.9299700000000001
34.9178,-0.328499,1.0746
35.0356,-0.19203499999999998,1.24453
35.1779,0.000985433,1.47211
35.2829,0.165089,1.65802
35.3894,0.352005,1.85035
35.4959,0.558189,2.01151
35.5633,0.6959310000000001,2.06826
35.6211,0.81582,2.06776
35.679,0.933926,2.00371
35.726,1.0258399999999999,1.8934099999999998
35.7731,1.11119,1.7237099999999999
35.8201,1.18709,1.49196
35.8601,1.24196,1.24842
35.9,1.28633,0.967419
35.94,1.31887,0.657738
35.9799,1.33866,0.331106
36.0199,1.34528,0.00123961
36.0598,1.3389,-0.317471
36.0998,1.32025,-0.611399
36.1397,1.29054,-0.868975
36.1797,1.25142,-1.0816
36.2196,1.20479,-1.2440799999999999
36.2606,1.15125,-1.35683
36.3039,1.0910600000000001,-1.41762
36.3503,1.025,-1.4215
36.4011,0.953932,-1.36175
36.4593,0.878346,-1.22594
36.5275,0.802185,-0.997501
36.6026,0.738635,-0.68748
36.6777,0.699838,-0.342092
36.7527,0.6876180000000001,0.0173394
36.8278,0.702341,0.372784
36.9029,0.74306,0.706887
36.978,0.807473,1.00052
37.053000000000004,0.8917139999999999,1.23096
37.1316,0.994816,1.37541
37.189,1.0749,1.40021
37.2393,1.14444,1.35608
37.2895,1.21011,1.2458200000000001
37.3329,1.26106,1.0975
37.3762,1.3045799999999999,0.903336
37.4196,1.33881,0.6703180000000001
37.4629,1.36227,0.40886999999999996
37.5063,1.3740299999999999,0.132175
37.5496,1.37372,-0.145015
37.5929,1.3616700000000002,-0.407881
37.6363,1.33877,-0.643062
37.6796,1.3064799999999999,-0.8399049999999999
37.723,1.26662,-0.9912190000000001
37.7663,1.22127,-1.09348
37.8108,1.17124,-1.14729
37.8587,1.11601,-1.15058
37.9121,1.0557299999999998,-1.09494
37.9745,0.991202,-0.9652879999999999
38.0423,0.932241,-0.7658149999999999
38.1101,0.8882450000000001,-0.5273770000000001
38.1698,0.8634639999999999,-0.300867
38.2295,0.852358,-0.0713551
38.2893,0.8547899999999999,0.150725
38.349000000000004,0.870028,0.35583400000000004
38.4103,0.8976190000000001,0.5391630000000001
38.4741,0.9370879999999999,0.690758
38.5428,0.9885879999999999,0.797848
38.6156,1.04855,0.835885
38.6761,1.09841,0.802175
38.7366,1.1444,0.707868
38.7871,1.17724,0.58541
38.8377,1.2030100000000001,0.42886
38.8882,1.2201600000000001,0.24643
38.9388,1.22766,0.0485471
38.9893,1.22501,-0.153097
39.0399,1.21232,-0.346746
39.0904,1.1902700000000002,-0.521814
39.141,1.16002,-0.6698890000000001
39.1915,1.1231,-0.785353
39.2421,1.08122,-0.865533
39.2954,1.03364,-0.9119450000000001
39.3532,0.980525,-0.921049
39.4179,0.9217569999999999,-0.887433
39.4932,0.8578879999999999,-0.8029930000000001
39.576,0.79656,-0.672114
39.6589,0.7470600000000001,-0.520519
39.7418,0.71041,-0.364406
39.8246,0.6864359999999999,-0.21639
39.9075,0.6740550000000001,-0.0860056
39.9904,0.6714979999999999,0.0196945
40.0796,0.6771199999999999,0.10017100000000001
40.1797,0.6897939999999999,0.14463900000000002
40.2799,0.7044,0.138744
40.38,0.715959,0.08446360000000001
40.4801,0.7199,-0.0120619
40.5665,0.714264,-0.121852
40.6529,0.698372,-0.248173
40.7393,0.671137,-0.38319899999999996
40.8257,0.6321140000000001,-0.5201100000000001
40.9121,0.5813649999999999,-0.654068
41.0023,0.516227,-0.788404
41.0979,0.434317,-0.924909
41.2016,0.330891,-1.07046
41.3189,0.195425,-1.24079
41.4603,0.00424136,-1.4676799999999999
41.5657,-0.160243,-1.65503
41.6726,-0.347649,-1.84916
41.7796,-0.554624,-2.01278
41.8472,-0.692975,-2.07131
41.9052,-0.813358,-2.07235
41.9631,-0.932042,-2.00975
42.0102,-1.02433,-1.9006
42.0573,-1.1101,-1.7318799999999999
42.1044,-1.18645,-1.5007700000000002
42.1443,-1.24167,-1.25768
42.1843,-1.2864,-0.976825
42.2242,-1.3193,-0.666916
42.2641,-1.33944,-0.33966399999999997
42.3041,-1.34639,-0.0088013
42.343999999999994,-1.34029,0.311227
42.3839,-1.32186,0.606709
42.4239,-1.29231,0.86597
42.4638,-1.25329,1.08031
42.5038,-1.2067,1.24443
42.5447,-1.15323,1.35855
42.5878,-1.09309,1.42077
42.63399999999999,-1.02706,1.42615
42.6847,-0.955989,1.36808
42.7426,-0.88041,1.23444
42.8105,-0.803859,1.00793
42.8861,-0.7391439999999999,0.696232
42.9526,-0.702869,0.391065
43.0192,-0.687403,0.0728811
43.0857,-0.693177,-0.24552399999999996
43.1522,-0.719808,-0.552172
43.2187,-0.7661020000000001,-0.8345020000000001
43.2868,-0.831692,-1.08338
43.3595,-0.918117,-1.2836299999999998
43.4351,-1.02014,-1.39434
43.49,-1.09707,-1.3961299999999999
43.5449,-1.17204,-1.3220399999999999
43.5899,-1.22904,-1.20176
43.6349,-1.2794299999999998,-1.02911
43.6799,-1.32097,-0.809377
43.7194,-1.3486,-0.5850890000000001
43.75899999999999,-1.36694,-0.340594
43.7985,-1.37539,-0.086396
43.838,-1.37379,0.166159
43.8775,-1.36243,0.405856
43.917,-1.34202,0.6225729999999999
43.9565,-1.31364,0.808066
43.996,-1.2786600000000001,0.956467
44.0372,-1.2367700000000001,1.06821
44.0806,-1.1887299999999998,1.13735
44.1271,-1.13516,1.15829
44.1783,-1.07651,1.1237700000000002
44.2381,-1.01215,1.0190700000000001
44.303999999999995,-0.950557,0.842044
44.3698,-0.9021809999999999,0.621087
44.4357,-0.8692719999999999,0.375431
44.5016,-0.8528950000000001,0.121706
44.5675,-0.8530969999999999,-0.12565
44.6333,-0.869024,-0.35367
44.6992,-0.898999,-0.550194
44.7651,-0.9405600000000001,-0.703519
44.8345,-0.99336,-0.806175
44.9071,-1.05349,-0.8369620000000001
44.9668,-1.10259,-0.797858
45.0265,-1.1476,-0.69976
45.0768,-1.17979,-0.5744279999999999
45.1271,-1.20481,-0.41588100000000006
45.1774,-1.22119,-0.23242800000000002
45.2277,-1.22794,-0.0344909
45.278,-1.22461,0.166344
45.3282,-1.21136,0.358518
45.3785,-1.18888,0.53169
45.4288,-1.15834,0.67771
45.4791,-1.12127,0.791187
45.5294,-1.07936,0.869624
45.5828,-1.03152,0.914753
45.6407,-0.978124,0.922422
45.7058,-0.9190459999999999,0.8870870000000001
45.7812,-0.855086,0.8008810000000001
45.8644,-0.79378,0.668366
45.9476,-0.744463,0.515636
46.0308,-0.708113,0.35893200000000003
46.1139,-0.684513,0.210862
46.1971,-0.672531,0.08093049999999999
46.2803,-0.6703520000000001,-0.0238513
46.37,-0.676321,-0.102986
46.4704,-0.6892020000000001,-0.145263
46.5708,-0.7037869999999999,-0.136965
46.6711,-0.715076,-0.0802825
46.7715,-0.718495,0.0184087
46.858000000000004,-0.712248,0.12949000000000002
46.9444,-0.695647,0.25665
47.0308,-0.667642,0.39210100000000003
47.1173,-0.6278189999999999,0.529133
47.2046,-0.575637,0.6644909999999999
47.2954,-0.509123,0.799491
47.3917,-0.42553199999999997,0.9370120000000001
47.4963,-0.31975,1.0846
47.6154,-0.180369,1.25918
47.75899999999999,0.016822099999999996,1.49289
47.8624,0.18077000000000001,1.67865
47.9675,0.367282,1.8688200000000001
48.0726,0.572418,2.0246
48.1387,0.708175,2.07602
48.1957,0.8267610000000001,2.0706599999999997
48.2528,0.943306,2.0016700000000003
48.2995,1.0343,1.8869999999999998
48.3462,1.11857,1.71315
48.3929,1.1933,1.47787
48.4326,1.2473,1.23119
48.4724,1.29073,0.947724
48.5122,1.32231,0.6364350000000001
48.5519,1.34114,0.309155
48.5917,1.34687,-0.0203988
48.6315,1.33968,-0.337936
48.6713,1.32033,-0.630015
48.711000000000006,1.29006,-0.8852959999999999
48.7508,1.25051,-1.09542
48.7906,1.2036,-1.25542
48.8316,1.14964,-1.36618
48.8749,1.08903,-1.42477
48.9213,1.0225899999999999,-1.42613
48.9723,0.9511569999999999,-1.3634600000000001
49.0308,0.875209,-1.22395
49.0992,0.7990619999999999,-0.9915729999999999
49.1738,0.736402,-0.681054
49.2484,0.698322,-0.336277
49.323,0.686573,0.021929499999999998
49.3975,0.701487,0.37592
49.4721,0.742119,0.708675
49.5467,0.806203,1.00142
49.6213,0.889948,1.23186
49.6998,0.9931639999999999,1.37829
49.7573,1.0735700000000001,1.4046
49.8076,1.1434,1.3615700000000002
49.8579,1.20941,1.25213
49.9012,1.26065,1.10433
49.9446,1.30446,0.9103899999999999
49.9879,1.33899,0.677253
50.0313,1.36274,0.415321
50.0746,1.37476,0.13779
50.1179,1.37468,-0.140535
50.1613,1.3627799999999999,-0.404752
50.2046,1.33999,-0.6414
50.248000000000005,1.30774,-0.8397190000000001
50.2913,1.26787,-0.992426
50.3346,1.22244,-1.0959299999999998
50.379,1.17238,-1.15073
50.4268,1.1171200000000001,-1.15506
50.48,1.05681,-1.10063
50.5422,0.992024,-0.972094
50.6099,0.93269,-0.7734800000000001
50.6775,0.8882459999999999,-0.535523
50.7452,0.860663,-0.278091
50.8129,0.850668,-0.0182501
50.8805,0.8579100000000001,0.229082
50.9482,0.881077,0.450297
51.0158,0.917961,0.632459
51.0835,0.9654959999999999,0.763143
51.1577,1.0253,0.8338760000000001
51.2222,1.07915,0.824891
51.2784,1.1239299999999999,0.760714
51.3346,1.1636600000000001,0.645412
51.3837,1.19212,0.506803
51.4329,1.2130299999999998,0.3397
51.4821,1.2252,0.152844
51.5313,1.22791,-0.0434202
51.5804,1.22096,-0.238114
51.6296,1.20469,-0.420716
51.6788,1.17993,-0.5821810000000001
51.728,1.1479,-0.7156939999999999
51.7771,1.11008,-0.817056
51.8283,1.06635,-0.886691
51.8828,1.0168700000000002,-0.9217120000000001
51.9424,0.961887,-0.917948
52.0103,0.9009379999999999,-0.8687879999999999
52.0877,0.837302,-0.769174
52.173,0.77763,-0.6255109999999999
52.2583,0.7310220000000001,-0.465987
52.3436,0.698106,-0.306897
52.428999999999995,0.67829,-0.160659
52.5143,0.670063,-0.0364964
52.5996,0.671243,0.0589119
52.6929,0.6801560000000001,0.125024
52.7932,0.69426,0.147921
52.8934,0.708136,0.12072999999999999
52.9937,0.716916,0.047232800000000005
53.0814,0.717029,-0.049017000000000005
53.1692,0.707663,-0.167516
53.2569,0.6872229999999999,-0.30007
53.3446,0.654829,-0.43878
53.4324,0.610237,-0.5772510000000001
53.5201,0.553662,-0.711483
53.6125,0.48161099999999996,-0.846968
53.7113,0.391,-0.987086
53.8201,0.275212,-1.14182
53.9468,0.118656,-1.33351
54.0663,-0.0524888,-1.53452
54.1695,-0.220514,-1.72216
54.2727,-0.407935,-1.9058700000000002
54.361999999999995,-0.5841149999999999,-2.0316799999999997
54.4274,-0.718751,-2.0784599999999998
54.4839,-0.836081,-2.06858
54.5403,-0.951134,-1.99511
54.5867,-1.0412,-1.8765599999999998
54.6331,-1.1244100000000001,-1.69914
54.6796,-1.1979799999999998,-1.46097
54.7192,-1.25111,-1.2118200000000001
54.7589,-1.29362,-0.926607
54.7985,-1.32425,-0.614454
54.8382,-1.34216,-0.28727600000000003
54.8779,-1.34702,0.0412255
54.9175,-1.3390600000000001,0.35687800000000003
54.9572,-1.3190600000000001,0.6464340000000001
54.9968,-1.2882799999999999,0.8987940000000001
55.0365,-1.24837,1.10585
55.0761,-1.20123,1.26285
55.1172,-1.1469200000000002,1.3711200000000001
55.1606,-1.08599,1.4270399999999999
55.2073,-1.01926,1.42545
55.2586,-0.947586,1.35938
55.3175,-0.8713780000000001,1.2155
55.3863,-0.7955720000000001,0.9788100000000001
55.4602,-0.734394,0.6689510000000001
55.5341,-0.697473,0.326298
55.608000000000004,-0.686461,-0.029011099999999998
55.681999999999995,-0.701651,-0.37984
55.7559,-0.742102,-0.709612
55.8298,-0.8055979999999999,-1.00003
55.9037,-0.888452,-1.22938
55.9822,-0.9914709999999999,-1.37752
56.0399,-1.07209,-1.40541
56.0903,-1.14212,-1.36358
56.1406,-1.20838,-1.25512
56.184,-1.25981,-1.10807
56.2274,-1.3038399999999999,-0.914674
56.2708,-1.33859,-0.68183
56.3142,-1.36257,-0.419916
56.3575,-1.37479,-0.14213399999999998
56.4009,-1.3748799999999999,0.136678
56.4443,-1.36313,0.40155799999999997
56.4877,-1.3404399999999999,0.638972
56.531000000000006,-1.30825,0.838082
56.5744,-1.2684,0.9915379999999999
56.6178,-1.22295,1.09569
56.6621,-1.17293,1.15099
56.7098,-1.1177,1.15586
56.763000000000005,-1.05742,1.10207
56.8252,-0.9925780000000001,0.974194
56.8928,-0.933132,0.776162
56.9604,-0.8885290000000001,0.538626
57.028,-0.860751,0.28144
57.0956,-0.850535,0.0216585
57.1632,-0.8575440000000001,-0.22581500000000002
57.2308,-0.880481,-0.447396
57.2984,-0.917157,-0.630173
57.36600000000001,-0.964526,-0.76174
57.4403,-1.0243200000000001,-0.8337969999999999
57.5049,-1.07835,-0.825852
57.5612,-1.1232799999999998,-0.762379
57.6175,-1.16317,-0.6475609999999999
57.6667,-1.19176,-0.509308
57.7159,-1.21281,-0.342403
57.7651,-1.22512,-0.155578
57.8143,-1.22796,0.040820499999999996
57.8635,-1.2211299999999998,0.23579
57.9127,-1.20496,0.41877600000000004
57.9619,-1.1802700000000002,0.580689
58.011,-1.14828,0.714674
58.0602,-1.11048,0.8164899999999999
58.1114,-1.06679,0.886493
58.1658,-1.01736,0.9219069999999999
58.2253,-0.9624149999999999,0.91858
58.2932,-0.9015209999999999,0.869958
58.3705,-0.8378389999999999,0.770839
58.456,-0.777889,0.627049
58.5415,-0.731054,0.46717600000000004
58.626999999999995,-0.6979770000000001,0.307657
58.7125,-0.678067,0.16101400000000002
58.798,-0.669806,0.036537400000000005
58.8835,-0.6709930000000001,-0.0590481
58.977,-0.679922,-0.125093
59.0772,-0.69403,-0.147858
59.1775,-0.7078949999999999,-0.120529
59.2778,-0.716649,-0.0469022
59.3655,-0.7167279999999999,0.0494466
59.4533,-0.7073189999999999,0.168026
59.541000000000004,-0.686828,0.300642
59.6288,-0.6543760000000001,0.4394
59.7166,-0.609719,0.577913
59.8052,-0.552419,0.713568
59.8979,-0.47998599999999997,0.849366
59.9968,-0.388963,0.989786
60.1059,-0.272574,1.1451
60.233000000000004,-0.114953,1.338
60.3519,0.055771900000000006,1.53847
60.455,0.223989,1.7261
60.558,0.411551,1.9092900000000002
60.6464,0.5860270000000001,2.03301
60.7116,0.720425,2.07904
60.768,0.837566,2.06846
60.8243,0.9523950000000001,1.9943
60.8707,1.0423200000000001,1.87513
60.9171,1.12537,1.69714
60.9634,1.19876,1.45851
61.0031,1.25176,1.20895
61.0427,1.29413,0.923441
61.0823,1.32461,0.611125
61.122,1.34238,0.283932
61.1616,1.34711,-0.0444414
61.2013,1.33903,-0.35983899999999996
61.2409,1.31893,-0.649042
61.2805,1.28807,-0.9009870000000001
61.3202,1.2481,-1.1076
61.3598,1.20092,-1.26417
61.4009,1.14656,-1.37209
61.4443,1.08558,-1.4276200000000001
61.49100000000001,1.0188,-1.42559
61.5423,0.9470780000000001,-1.35903
61.6013,0.870825,-1.2145
61.6701,0.795056,-0.977166
61.744,0.734071,-0.667324
61.8178,0.6973060000000001,-0.324886
61.8916,0.686399,0.0300978
61.9655,0.701638,0.380558
62.0393,0.742082,0.709972
62.1132,0.805521,1.0001
62.187,0.888278,1.2293100000000001
62.2655,0.9912850000000001,1.37763
62.3231,1.07194,1.4057
62.3735,1.1420000000000001,1.36401
62.4239,1.2082899999999999,1.2556399999999999
62.4673,1.2597399999999999,1.10866
62.5107,1.3038,0.915309
62.5541,1.3385799999999999,0.682475
62.5974,1.36258,0.420534
62.6408,1.37483,0.142691
62.6842,1.37495,-0.136212
62.7276,1.36321,-0.401206
62.771,1.34054,-0.638745
62.8143,1.30836,-0.837982
62.8577,1.2685,-0.991559
62.9011,1.22305,-1.09582
62.9454,1.17303,-1.1512
62.9931,1.11779,-1.15616
63.0463,1.05752,-1.10248
63.1084,0.992655,-0.9746959999999999
63.176,0.933182,-0.776744
63.2436,0.888544,-0.539259
63.3112,0.860727,-0.282092
63.3788,0.850469,-0.022297
63.4464,0.8574350000000001,0.225227
63.513999999999996,0.880332,0.44689700000000004
63.5815,0.9169719999999999,0.629808
63.6491,0.9643139999999999,0.761555
63.7235,1.0241200000000001,0.833873
63.7882,1.07818,0.826131
63.8444,1.12314,0.762792
63.9007,1.16307,0.6480630000000001
63.9499,1.19169,0.509871
63.9991,1.2127700000000001,0.342994
64.0483,1.2251100000000001,0.156161
64.0975,1.2279799999999998,-0.0402799
64.1467,1.22117,-0.23532199999999998
64.1959,1.20502,-0.418401
64.2451,1.18035,-0.580422
64.2943,1.14836,-0.714517
64.3435,1.11056,-0.8164399999999999
64.3946,1.0668799999999998,-0.886531
64.4491,1.01746,-0.9220360000000001
64.5086,0.962517,-0.91881
64.5764,0.901631,-0.8703110000000001
64.6537,0.837933,-0.771303
64.7392,0.777908,-0.627468
64.8248,0.731013,-0.467499
64.9104,0.697893,-0.307865
64.9959,0.677958,-0.161116
65.0815,0.669687,-0.0365594
65.1671,0.670875,0.0590709
65.2605,0.6798069999999999,0.1251
65.3608,0.693915,0.147829
65.4611,0.707777,0.12046099999999998
65.5613,0.7165229999999999,0.0467963
65.6491,0.716592,-0.0495848
65.7369,0.707168,-0.168193
65.8246,0.686659,-0.300834
65.9124,0.6541859999999999,-0.439615
66.0002,0.609504,-0.578151
66.0888,0.5521699999999999,-0.713846
66.1815,0.479691,-0.8497
66.2805,0.38860300000000003,-0.9902040000000001
66.3896,0.272113,-1.14565
66.5168,0.11431199999999998,-1.3388
66.6355,-0.056345900000000004,-1.5392
66.7386,-0.22460100000000002,-1.7268599999999998
66.8417,-0.412195,-1.9099700000000002
66.9298,-0.586399,-2.03336
66.995,-0.7207520000000001,-2.07925
67.0514,-0.83786,-2.06854
67.1077,-0.9526479999999999,-1.9942400000000002
67.1541,-1.04255,-1.87496
67.2004,-1.1255700000000002,-1.6968599999999998
67.2468,-1.1989299999999998,-1.45813
67.2864,-1.25191,-1.20849
67.3261,-1.29425,-0.922909
67.3657,-1.32471,-0.61055
67.4053,-1.34245,-0.283339
67.445,-1.34715,0.045026800000000006
67.4846,-1.33905,0.360394
67.5242,-1.31893,0.6495489999999999
67.5639,-1.28806,0.9014340000000001
67.6035,-1.2480799999999999,1.10798
67.6431,-1.20089,1.2644799999999998
67.6842,-1.14652,1.37235
67.7277,-1.08552,1.42782
67.7743,-1.01874,1.42573
67.8256,-0.9470049999999999,1.35909
67.8846,-0.870742,1.21446
67.9535,-0.7949729999999999,0.9770190000000001
68.0273,-0.734009,0.6671520000000001
68.1011,-0.697261,0.324716
68.175,-0.686369,-0.0302492
68.2488,-0.701616,-0.380683
68.3226,-0.742062,-0.710072
68.3964,-0.8054979999999999,-1.0001799999999998
68.4703,-0.888249,-1.22938
68.5487,-0.99126,-1.37774
68.6064,-1.07192,-1.40583
68.6568,-1.14198,-1.36415
68.7072,-1.20828,-1.2558
68.7506,-1.2597399999999999,-1.1088200000000001
68.7939,-1.3038,-0.915465
68.8373,-1.33859,-0.682623
68.8807,-1.3626,-0.420666
68.9241,-1.37485,-0.142801
68.9675,-1.37497,0.136131
69.0108,-1.36324,0.401158
69.0542,-1.34057,0.638731
69.0976,-1.30839,0.8380040000000001
69.141,-1.26853,0.991612
69.1843,-1.22308,1.0959
69.2287,-1.17305,1.15131
69.2764,-1.11782,1.15629
69.3295,-1.05754,1.10264
69.3917,-0.9926719999999999,0.97488
69.4592,-0.9331889999999999,0.776947
69.5268,-0.88854,0.53947
69.5944,-0.8607100000000001,0.282303
69.66199999999999,-0.8504379999999999,0.0224967
69.7296,-0.857391,-0.225048
69.7972,-0.8802760000000001,-0.44675200000000004
69.8648,-0.916906,-0.629709
69.9323,-0.964241,-0.761518
70.0067,-1.02405,-0.8339209999999999
70.0714,-1.07813,-0.8262430000000001
70.1277,-1.12309,-0.762947
70.1839,-1.16304,-0.648245
70.2331,-1.19166,-0.510071
70.2823,-1.21276,-0.34320100000000003
70.3315,-1.2251100000000001,-0.156361
70.3808,-1.22799,0.040097100000000004
70.43,-1.22119,0.23516700000000001
70.4792,-1.20504,0.418281
70.5284,-1.1803700000000001,0.580341
70.5776,-1.14839,0.714477
70.6268,-1.11059,0.816438
70.6779,-1.06691,0.886561
70.7323,-1.01749,0.9221
70.7918,-0.962549,0.91891
70.8596,-0.901666,0.8704559999999999
70.9369,-0.8379610000000001,0.771486
71.0225,-0.777908,0.627637
71.108,-0.7309899999999999,0.46763299999999997
71.1936,-0.697854,0.307958
71.2792,-0.677909,0.161171
71.3648,-0.669632,0.036583300000000006
71.4504,-0.67082,-0.0590658
71.5438,-0.679752,-0.125095
71.6441,-0.69386,-0.147816
71.7444,-0.70772,-0.120439
71.8447,-0.716464,-0.046765
71.9324,-0.71653,0.0496261
72.0202,-0.707102,0.168245
72.108,-0.6865859999999999,0.300896
72.1957,-0.654105,0.439688
72.2835,-0.609414,0.578236
72.3722,-0.552067,0.71395
72.4649,-0.47957,0.8498290000000001
72.5639,-0.38845599999999997,0.9903700000000001
72.673,-0.271924,1.14588
72.8002,-0.114049,1.33913
72.9189,0.056580700000000005,1.53951
73.02199999999999,0.224852,1.72717
73.1251,0.41246000000000005,1.9102599999999998
73.2131,0.5865520000000001,2.0335099999999997
73.2783,0.720887,2.07934
73.3347,0.837982,2.06858
73.391,0.9527540000000001,1.99423
73.4374,1.04265,1.8749
73.4837,1.12566,1.69675
73.5301,1.199,1.4579799999999998
73.5697,1.25197,1.2083
73.6093,1.2943,0.922697
73.649,1.32475,0.610319
73.6886,1.34248,0.283099
73.7282,1.3471799999999998,-0.0452651
73.7679,1.33907,-0.360622
73.8075,1.31894,-0.649758
73.8471,1.28806,-0.9016200000000001
73.8868,1.24807,-1.10815
73.9264,1.20089,-1.26462
73.9675,1.1465100000000001,-1.37247
74.0109,1.08551,-1.42792
74.0575,1.01871,-1.4258
74.1089,0.9469770000000001,-1.35913
74.1679,0.8707090000000001,-1.21446
74.2367,0.79494,-0.976972
74.3105,0.7339829999999999,-0.667093
74.3844,0.697242,-0.324655
74.4582,0.686355,0.030306599999999996
74.532,0.701605,0.380734
74.6058,0.742052,0.7101149999999999
74.6797,0.805488,1.00022
74.7535,0.888237,1.2294200000000002
74.8319,0.991251,1.37779
74.8896,1.0719100000000001,1.4058899999999999
74.94,1.14198,1.3642100000000001
74.9904,1.20828,1.25587
75.0338,1.2597399999999999,1.10889
75.0772,1.3038100000000001,0.915533
75.1205,1.3386,0.682686
75.1639,1.36261,0.42072200000000004
75.2073,1.37486,0.142846
75.2507,1.37499,-0.136098
75.294,1.3632600000000001,-0.40113899999999997
75.3374,1.3405799999999999,-0.638728
75.3808,1.3084,-0.838016
75.4242,1.26855,-0.9916389999999999
75.4676,1.22309,-1.09594
75.5119,1.17307,-1.15136
75.5596,1.1178299999999999,-1.15635
75.6127,1.05755,-1.10271
75.6749,0.9926790000000001,-0.9749639999999999
75.7425,0.933192,-0.777038
75.81,0.8885370000000001,-0.539565
75.8776,0.860701,-0.28239699999999995
75.9452,0.850424,-0.0225857
76.0128,0.8573709999999999,0.224969
76.0804,0.88025,0.44668800000000003
76.148,0.916876,0.629666
76.2155,0.964208,0.761502
76.2899,1.02401,0.833943
76.3546,1.0781,0.8262940000000001
76.4109,1.12307,0.763018
76.4671,1.1630200000000002,0.648328
76.5163,1.19165,0.510162
76.5656,1.21275,0.343294
76.6148,1.2251100000000001,0.156452
76.664,1.22799,-0.0400149
76.7132,1.22119,-0.23509699999999997
76.7624,1.20505,-0.418228
76.8116,1.18038,-0.580306
76.8608,1.1484,-0.71446
76.91,1.1106,-0.816438
76.9611,1.06693,-0.886576
77.0155,1.0175,-0.9221290000000001
77.075,0.962564,-0.918956
77.1428,0.901682,-0.8705219999999999
77.2201,0.837973,-0.77157
77.3057,0.7779149999999999,-0.627735
77.3912,0.7309899999999999,-0.467738
77.4768,0.697847,-0.308064
77.5624,0.6778930000000001,-0.161271
77.648,0.669609,-0.0366703
77.7335,0.67079,0.0589981
77.827,0.679717,0.125054
77.9273,0.693823,0.147812
78.0276,0.707684,0.12047000000000001
78.1278,0.716433,0.0468247
78.2156,0.7165050000000001,-0.049550300000000005
78.3034,0.707083,-0.16816099999999998
78.3912,0.686574,-0.30081199999999997
78.4789,0.654099,-0.43961000000000006
78.5667,0.609412,-0.5781689999999999
78.6554,0.55207,-0.713893
78.7481,0.47957700000000003,-0.849783
78.8471,0.388467,-0.990334
78.9562,0.27194,-1.14585
79.0834,0.114074,-1.3391
79.2021,-0.05655980000000001,-1.5395
79.3052,-0.224831,-1.72718
79.4082,-0.41244,-1.9102700000000001
79.4964,-0.586542,-2.03353
79.5615,-0.720879,-2.07938
79.6179,-0.837976,-2.06862
79.6742,-0.95275,-1.99427
79.7206,-1.04264,-1.87495
79.7669,-1.12566,-1.6968
79.8133,-1.1990100000000001,-1.45803
79.8529,-1.25197,-1.20836
79.8925,-1.29431,-0.922747
79.9322,-1.32476,-0.6103649999999999
79.9718,-1.34249,-0.283139
80.0114,-1.3471899999999999,0.0452325
80.0511,-1.3390799999999998,0.360598
80.0907,-1.31895,0.649745
80.1303,-1.28807,0.901617
80.1699,-1.24809,1.10815
80.2096,-1.2009,1.26464
80.2507,-1.14652,1.37249
80.2941,-1.08552,1.42795
80.3407,-1.01873,1.42584
80.3921,-0.94699,1.3591799999999998
80.4511,-0.8707219999999999,1.21452
80.5199,-0.794949,0.9770479999999999
80.5937,-0.733985,0.6671590000000001
80.6676,-0.697239,0.324704
80.7414,-0.686348,-0.030276400000000002
80.8152,-0.701597,-0.380723
80.889,-0.742046,-0.710123
80.9629,-0.805484,-1.00024
81.0367,-0.8882389999999999,-1.22945
81.1151,-0.9912559999999999,-1.37782
81.1728,-1.07192,-1.40591
81.2232,-1.14198,-1.36424
81.2736,-1.20828,-1.2558799999999999
81.317,-1.25975,-1.1089
81.3604,-1.3038100000000001,-0.915543
81.4037,-1.3386,-0.682692
81.4471,-1.3626200000000002,-0.420725
81.4905,-1.37487,-0.142845
81.5339,-1.37499,0.136103
81.5773,-1.3632600000000001,0.401148
81.6206,-1.34059,0.638741
81.664,-1.30841,0.838031
81.7074,-1.26855,0.991657
81.7508,-1.22309,1.09596
81.7951,-1.17307,1.1513799999999998
81.8428,-1.1178299999999999,1.1563700000000001
81.8959,-1.05755,1.10274
81.9581,-0.9926799999999999,0.9749950000000001
82.0257,-0.933191,0.7770699999999999
82.0932,-0.888534,0.539597
82.1608,-0.8606959999999999,0.282427
82.2284,-0.850417,0.0226125
82.296,-0.8573629999999999,-0.22494699999999998
82.3636,-0.8802399999999999,-0.446671
82.4312,-0.9168649999999999,-0.629657
82.4987,-0.9641959999999999,-0.761502
82.5731,-1.024,-0.8339549999999999
82.6378,-1.07809,-0.8263159999999999
82.6941,-1.12307,-0.763045
82.7503,-1.1630200000000002,-0.648359
82.7995,-1.19165,-0.510195
82.8488,-1.21275,-0.343327
82.898,-1.2251100000000001,-0.15648299999999998
82.9472,-1.22799,0.039986900000000006
82.9964,-1.2212,0.23507399999999998
83.0456,-1.20506,0.41821099999999994
83.0948,-1.18039,0.580295
83.14399999999999,-1.14841,0.7144560000000001
83.1932,-1.11061,0.816442
83.2443,-1.06693,0.886584
83.2987,-1.0175100000000001,0.9221440000000001
83.3582,-0.962569,0.918977
83.426,-0.9016860000000001,0.870549
83.5033,-0.837976,0.771604
83.5888,-0.7779159999999999,0.6277739999999999
83.6744,-0.730989,0.46778000000000003
83.76,-0.697842,0.308106
83.8456,-0.677886,0.16130999999999998
83.9312,-0.6695979999999999,0.0367043
84.0167,-0.670776,-0.0589716
84.1102,-0.679701,-0.125038
84.2105,-0.693806,-0.14781
84.3107,-0.707669,-0.12048099999999999
84.411,-0.7164189999999999,-0.0468469
84.4988,-0.716493,0.0495221
84.5866,-0.707074,0.16813
84.6744,-0.686567,0.300782
84.7621,-0.654093,0.439582
84.8499,-0.609408,0.578146
84.9386,-0.552067,0.713874
85.0313,-0.479575,0.849769
85.1303,-0.388466,0.990326
85.2394,-0.27194,1.14585
85.3666,-0.114075,1.33911
85.4853,0.0565596,1.53951
85.5884,0.224832,1.7271900000000002
85.6914,0.41244200000000003,1.91029
85.7795,0.586543,2.03355
85.8447,0.720881,2.07939
85.9011,0.8379780000000001,2.0686400000000003
85.9574,0.9527530000000001,1.9942900000000001
86.0038,1.04265,1.87496
86.0501,1.12566,1.69681
86.0965,1.1990100000000001,1.45805
86.1361,1.2519799999999999,1.2083700000000002
86.1757,1.29431,0.922759
86.2154,1.32476,0.610375
86.255,1.3425,0.283147
86.2946,1.3471899999999999,-0.0452278
86.3342,1.3390799999999998,-0.360596
86.3739,1.3189600000000001,-0.649746
86.4135,1.28808,-0.9016219999999999
86.4531,1.24809,-1.10816
86.4928,1.2009,-1.26465
86.5339,1.1465299999999998,-1.3725100000000001
86.5773,1.08552,-1.4279700000000002
86.6239,1.01873,-1.4258600000000001
86.6753,0.946994,-1.3592
86.7343,0.870726,-1.21455
86.8031,0.794952,-0.9770760000000001
86.8769,0.733985,-0.6671819999999999
86.9508,0.697237,-0.324721
87.0246,0.686345,0.0302666
87.0984,0.701593,0.380721
87.1722,0.742043,0.7101270000000001
87.2461,0.805483,1.00026
87.3199,0.8882389999999999,1.22947
87.3983,0.9912569999999999,1.3778299999999999
87.456,1.07192,1.40592
87.5064,1.14199,1.36425
87.5568,1.2082899999999999,1.25589
87.6002,1.25975,1.10891
87.6436,1.3038100000000001,0.91555
87.6869,1.3386,0.682697
87.7303,1.3626200000000002,0.420728
87.7737,1.37487,0.142846
87.8171,1.37499,-0.136104
87.8604,1.36327,-0.40115100000000004
87.9038,1.34059,-0.638745
87.9472,1.30841,-0.838038
87.9906,1.26855,-0.9916659999999999
88.03399999999999,1.22309,-1.09597
88.0783,1.17307,-1.15139
88.126,1.11784,-1.15639
88.1791,1.05756,-1.10275
88.2413,0.9926799999999999,-0.9750110000000001
88.3088,0.93319,-0.7770859999999999
88.3764,0.888533,-0.539612
88.444,0.8606940000000001,-0.282441
88.5116,0.8504139999999999,-0.022626
88.5792,0.857359,0.224935
88.6468,0.880235,0.446662
88.7143,0.91686,0.629652
88.7819,0.96419,0.761501
88.8563,1.024,0.83396
88.921,1.07809,0.826326
88.9773,1.12306,0.763058
89.0335,1.16301,0.648373
89.0827,1.19165,0.51021
89.1319,1.21275,0.343343
89.1811,1.2251100000000001,0.156498
89.2304,1.22799,-0.0399733
89.2796,1.2212,-0.23506300000000002
89.3288,1.20506,-0.418202
89.37799999999999,1.18039,-0.58029
89.4272,1.14841,-0.7144550000000001
89.4764,1.11061,-0.816443
89.5275,1.06693,-0.8865879999999999
89.5819,1.0175100000000001,-0.92215
89.6414,0.962571,-0.9189860000000001
89.7092,0.901689,-0.8705620000000001
89.7865,0.8379780000000001,-0.77162
89.87200000000001,0.777917,-0.627792
89.9576,0.730988,-0.46779899999999996
90.0432,0.69784,-0.308126
90.1288,0.677882,-0.161328
90.2143,0.669593,-0.036720499999999996
90.2999,0.67077,0.058959000000000004
90.3934,0.6796939999999999,0.125031
90.4936,0.6937989999999999,0.147809
90.5939,0.707661,0.120486
90.6942,0.7164119999999999,0.0468576
90.78200000000001,0.716487,-0.0495086
90.8698,0.70707,-0.16811500000000001
90.9575,0.6865640000000001,-0.300767
91.0453,0.654091,-0.439569
91.1331,0.6094069999999999,-0.5781350000000001
91.2218,0.552066,-0.713865
91.3145,0.479575,-0.8497620000000001
91.4135,0.388466,-0.9903219999999999
91.5226,0.271941,-1.14585
91.6498,0.114076,-1.33911
91.7685,-0.056558800000000006,-1.53951
91.8716,-0.224831,-1.7271900000000002
91.9746,-0.41244200000000003,-1.91029
92.0627,-0.586543,-2.03356
92.1279,-0.720881,-2.0794
92.1843,-0.8379780000000001,-2.06865
92.2406,-0.9527540000000001,-1.9943
92.2869,-1.04265,-1.87497
92.3333,-1.12566,-1.69682
92.3796,-1.1990100000000001,-1.45805
92.4193,-1.2519799999999999,-1.20838
92.4589,-1.29431,-0.922765
92.4985,-1.32477,-0.61038
92.5382,-1.3425,-0.28315100000000004
92.5778,-1.3471899999999999,0.045224900000000005
92.6174,-1.33909,0.360595
92.6571,-1.3189600000000001,0.649746
92.6967,-1.28808,0.901624
92.7363,-1.24809,1.10816
92.77600000000001,-1.2009100000000001,1.26465
92.8171,-1.1465299999999998,1.3725100000000001
92.8605,-1.0855299999999999,1.4279700000000002
92.9071,-1.01873,1.42587
92.9584,-0.946996,1.35921
93.0175,-0.8707280000000001,1.21456
93.0863,-0.794953,0.977089
93.1601,-0.733985,0.667194
93.2339,-0.697236,0.32473
93.3078,-0.686343,-0.0302618
93.3816,-0.701592,-0.38072
93.4554,-0.742042,-0.710129
93.5293,-0.8054819999999999,-1.00026
93.6031,-0.8882389999999999,-1.22947
93.6815,-0.991258,-1.37784
93.7392,-1.07192,-1.40593
93.7896,-1.14199,-1.36425
93.84,-1.2082899999999999,-1.2559
93.8834,-1.25975,-1.10891
93.9268,-1.30382,-0.9155530000000001
93.9701,-1.3386,-0.682699
94.0135,-1.3626200000000002,-0.420729
94.0569,-1.37487,-0.142846
94.1003,-1.375,0.136105
94.1436,-1.36327,0.401152
94.18700000000001,-1.34059,0.638748
94.2304,-1.30841,0.838041
94.2738,-1.26855,0.99167
94.3171,-1.22309,1.09598
94.3615,-1.17307,1.1514
94.4092,-1.11784,1.15639
94.4623,-1.05756,1.10276
94.5245,-0.9926809999999999,0.975017
94.59200000000001,-0.93319,0.777093
94.6596,-0.888532,0.539619
94.7272,-0.860693,0.282448
94.7948,-0.850413,0.0226321
94.8624,-0.8573569999999999,-0.22493000000000002
94.9299,-0.880233,-0.44665900000000003
94.9975,-0.9168569999999999,-0.62965
95.0651,-0.9641879999999999,-0.761501
95.1394,-1.024,-0.8339629999999999
95.2042,-1.07809,-0.8263299999999999
95.2604,-1.12306,-0.7630640000000001
95.3167,-1.16301,-0.6483800000000001
95.3659,-1.19165,-0.5102180000000001
95.4151,-1.21275,-0.34335
95.4643,-1.2251100000000001,-0.156505
95.5135,-1.22799,0.039967
95.5627,-1.2212,0.235058
95.6119,-1.20506,0.418199
95.6612,-1.18039,0.580288
95.7104,-1.14841,0.714454
95.7596,-1.11061,0.816444
95.8107,-1.06694,0.88659
95.8651,-1.0175100000000001,0.9221530000000001
95.9246,-0.962572,0.918991
95.9924,-0.90169,0.870568
96.0696,-0.8379790000000001,0.771628
96.1552,-0.777917,0.627801
96.2408,-0.730988,0.467808
96.3264,-0.697839,0.308135
96.4119,-0.67788,0.16133699999999998
96.4975,-0.6695909999999999,0.0367279
96.5831,-0.670767,-0.058953099999999994
96.6765,-0.6796909999999999,-0.125027
96.7768,-0.6937949999999999,-0.147809
96.8771,-0.707658,-0.12048800000000001
96.9774,-0.716409,-0.0468625
97.0652,-0.716485,0.0495024
97.15299999999999,-0.707068,0.16810799999999998
97.2407,-0.686563,0.30075999999999997
97.3285,-0.65409,0.43956300000000004
97.4163,-0.609406,0.57813
97.505,-0.552066,0.71386
97.5976,-0.479575,0.849759
97.6966,-0.388466,0.9903200000000001
97.8058,-0.271941,1.14585
97.93299999999999,-0.114076,1.33911
98.0517,0.056558500000000005,1.53951
98.1548,0.224831,1.7271900000000002
98.2578,0.41244200000000003,1.91029
98.3459,0.586543,2.03356
98.4111,0.720881,2.0794099999999998
98.4674,0.8379790000000001,2.06865
98.5238,0.9527540000000001,1.9943
98.5701,1.04265,1.87497
98.6165,1.12566,1.6968299999999998
98.6628,1.1990100000000001,1.4580600000000001
98.7025,1.2519799999999999,1.20838
98.7421,1.2943200000000001,0.922768
98.7817,1.32477,0.610383
98.8214,1.3425,0.28315300000000004
98.861,1.3471899999999999,-0.045223599999999996
98.9006,1.33909,-0.360594
98.9403,1.3189600000000001,-0.6497470000000001
98.9799,1.28808,-0.901624
99.0195,1.2481,-1.10817
99.0591,1.2009100000000001,-1.2646600000000001
99.1002,1.1465299999999998,-1.37252
99.1437,1.0855299999999999,-1.42798
99.1903,1.01873,-1.42587
99.2416,0.946997,-1.35922
99.3007,0.8707280000000001,-1.2145700000000001
99.3695,0.794954,-0.977096
99.4433,0.733985,-0.667199
99.5171,0.697235,-0.324733
99.59100000000001,0.686342,0.0302596
99.6648,0.701591,0.38071900000000003
99.7386,0.742041,0.71013
99.8124,0.8054819999999999,1.00026
99.8863,0.8882389999999999,1.22948
99.9647,0.991258,1.37784
100.0,1.04041,1.4041299999999999
