,x,xdot
1e-06,6.04e-10,0.000608
6e-06,3.744e-09,0.000648
3.1e-05,2.2444000000000002e-08,0.0008479989999999999
0.000156,1.90944e-07,0.00184799
0.000781,2.9084100000000002e-06,0.00684788
0.003906,6.33675e-05,0.0318454
0.019531,0.0015370999999999998,0.156774
0.09765599999999999,0.0381177,0.778766
0.196769,0.153949,1.55542
0.29588200000000003,0.345483,2.30215
0.394995,0.607785,2.9701400000000002
0.450096,0.779889,3.2631799999999997
0.496359,0.935066,3.43042
0.5368569999999999,1.0755299999999999,3.4907199999999996
0.5773550000000001,1.21636,3.4441800000000002
0.61082,1.32959,3.3068699999999995
0.6442859999999999,1.43654,3.06694
0.677752,1.53364,2.7168200000000002
0.705912,1.60496,2.33633
0.734071,1.66452,1.88221
0.762231,1.7103700000000002,1.3644100000000001
0.7903899999999999,1.74091,0.7978350000000001
0.81855,1.75502,0.20152799999999998
0.846709,1.7521799999999998,-0.402845
0.874869,1.7324700000000002,-0.9929319999999999
0.903028,1.69659,-1.54775
0.9311870000000001,1.6458,-2.0495200000000002
0.959347,1.58179,-2.48497
0.987506,1.50655,-2.84593
1.01567,1.42224,-3.12932
1.04383,1.33103,-3.3365
1.07266,1.23266,-3.47474
1.10297,1.12606,-3.54796
1.13521,1.01134,-3.5565900000000004
1.16994,0.888633,-3.5011300000000003
1.20789,0.757846,-3.38199
1.25022,0.6184310000000001,-3.19833
1.2988899999999999,0.46878000000000003,-2.94542
1.35824,0.303938,-2.60549
1.44709,0.09591260000000001,-2.0758900000000002
1.5359399999999999,-0.06503210000000001,-1.5484200000000001
1.62798,-0.182813,-1.01308
1.73848,-0.260075,-0.389295
1.87368,-0.263388,0.330212
1.97878,-0.201466,0.83975
2.0838799999999997,-0.08874839999999999,1.296
2.18898,0.0689878,1.69609
2.30241,0.282629,2.05692
2.37737,0.443986,2.23862
2.44185,0.591909,2.33838
2.49835,0.725035,2.36333
2.55484,0.857433,2.30908
2.60141,0.962491,2.18974
2.64799,1.0602,1.9919
2.69457,1.14673,1.7094900000000002
2.734,1.20832,1.40448
2.77343,1.2567700000000002,1.04431
2.81287,1.29008,0.638894
2.8523,1.30675,0.202479
2.89173,1.30587,-0.247667
2.9311700000000003,1.28728,-0.693122
2.9706,1.2515,-1.11646
3.01003,1.19971,-1.5032
3.04946,1.1335600000000001,-1.84319
3.0889,1.05503,-2.13118
3.12833,0.9661780000000001,-2.36667
3.1682,0.867915,-2.55488
3.21006,0.757657,-2.7056
3.25477,0.633892,-2.82406
3.30344,0.494075,-2.91708
3.35788,0.33306399999999997,-2.9943299999999997
3.4217400000000002,0.13939300000000002,-3.06987
3.5041300000000004,-0.117469,-3.16607
3.59573,-0.41232299999999994,-3.2675799999999997
3.65971,-0.622771,-3.3031099999999998
3.71067,-0.790737,-3.27855
3.7551699999999997,-0.9350139999999999,-3.1939900000000003
3.79967,-1.0738,-3.02805
3.8368900000000004,-1.18272,-2.81213
3.8741,-1.28214,-2.5165900000000003
3.91132,-1.36901,-2.13787
3.94337,-1.4314200000000001,-1.74754
3.9754199999999997,-1.48046,-1.30495
4.00746,-1.51462,-0.8216549999999999
4.03951,-1.53285,-0.313069
4.07156,-1.53461,0.202727
4.1036,-1.5199799999999999,0.7067100000000001
4.13565,-1.48963,1.18076
4.16769,-1.44479,1.60938
4.19974,-1.3871,1.9808700000000001
4.23179,-1.3185200000000001,2.28802
4.2638300000000005,-1.24117,2.528
4.29588,-1.1572,2.7019
4.32943,-1.0644200000000001,2.8176799999999997
4.36484,-0.963482,2.87405
4.40257,-0.8549,2.87066
4.4433,-0.739089,2.80728
4.48794,-0.616373,2.6830000000000003
4.53787,-0.48692700000000005,2.49472
4.59544,-0.350634,2.23373
4.66559,-0.206308,1.8750099999999998
4.77133,-0.038948,1.28216
4.87706,0.0633043,0.645622
4.98759,0.09620189999999999,-0.055603999999999994
5.13431,0.0173965,-1.0239
5.22633,-0.105246,-1.64228
5.32224,-0.293629,-2.28345
5.418159999999999,-0.542117,-2.88573
5.48075,-0.733412,-3.21373
5.5298300000000005,-0.8959790000000001,-3.3969300000000002
5.572030000000001,-1.04126,-3.4728
5.614240000000001,-1.18763,-3.4442199999999996
5.64853,-1.30396,-3.32421
5.6828199999999995,-1.41446,-3.1026599999999998
5.7129,-1.50371,-2.81728
5.74298,-1.58307,-2.4447900000000002
5.77306,-1.64995,-1.9889400000000002
5.80314,-1.7019799999999998,-1.45986
5.8291,-1.73343,-0.956767
5.8550699999999996,-1.75142,-0.42528900000000003
5.88103,-1.75541,0.118452
5.907,-1.74531,0.657346
5.93296,-1.7214599999999998,1.1746299999999998
5.9589300000000005,-1.6846299999999998,1.65515
5.98489,-1.63594,2.08643
6.01086,-1.57679,2.45932
6.03683,-1.50878,2.76828
6.06352,-1.43141,3.01714
6.09119,-1.3451899999999999,3.20283
6.1201099999999995,-1.25066,3.32294
6.15059,-1.1483700000000001,3.37585
6.18305,-1.03885,3.3605099999999997
6.218030000000001,-0.9226129999999999,3.27601
6.25626,-0.800138,3.12082
6.29889,-0.6718350000000001,2.89137
6.34777,-0.537953,2.57895
6.40677,-0.398002,2.15992
6.49043,-0.243567,1.5273
6.58016,-0.13771,0.830692
6.673839999999999,-0.09407239999999999,0.101607
6.781739999999999,-0.12798099999999998,-0.727102
6.8955,-0.259133,-1.57176
7.00927,-0.48319300000000004,-2.35092
7.0791,-0.66201,-2.75631
7.1336699999999995,-0.8193809999999999,-2.99808
7.18008,-0.961781,-3.12281
7.2265,-1.1076700000000002,-3.1433299999999997
7.2636199999999995,-1.22317,-3.06402
7.300739999999999,-1.33389,-2.88366
7.333010000000001,-1.42319,-2.63625
7.36528,-1.5031,-2.30144
7.39755,-1.57082,-1.8819
7.42594,-1.6182299999999998,-1.45001
7.45432,-1.65268,-0.9701540000000001
7.4827,-1.67298,-0.45651400000000003
7.511080000000001,-1.6784299999999999,0.07404169999999999
7.53947,-1.6687900000000002,0.6032850000000001
7.56785,-1.64437,1.11319
7.59623,-1.60594,1.58745
7.6246100000000006,-1.55472,2.01273
7.653,-1.49224,2.3795
7.68138,-1.42025,2.6823200000000003
7.70976,-1.3406,2.9196400000000002
7.73925,-1.2517,3.09883
7.7701199999999995,-1.15401,3.21828
7.80275,-1.04788,3.27756
7.83759,-0.9335110000000001,3.2770599999999996
7.87529,-0.810934,3.21766
7.91675,-0.6797890000000001,3.1001
7.96346,-0.538985,2.92371
8.018139999999999,-0.385583,2.6829099999999997
8.08821,-0.20911100000000002,2.35137
8.18245,-0.00879287,1.9013200000000001
8.27668,0.149633,1.46348
8.38035,0.27707600000000004,0.997975
8.505230000000001,0.367814,0.45993599999999996
8.61223,0.39361799999999997,0.0281255
8.71923,0.37535599999999997,-0.361019
8.826239999999999,0.318391,-0.693368
8.93324,0.229277,-0.96131
9.04025,0.11498,-1.16444
9.14725,-0.0177172,-1.30567
9.25693,-0.165965,-1.3865399999999999
9.34932,-0.295069,-1.3989200000000002
9.44171,-0.42255600000000004,-1.3493700000000002
9.517510000000001,-0.521513,-1.25251
9.5933,-0.6109399999999999,-1.09677
9.6691,-0.686172,-0.877627
9.73526,-0.736474,-0.635408
9.80142,-0.769329,-0.351573
9.86758,-0.782301,-0.036419400000000005
9.93374,-0.773755,0.296491
9.9999,-0.742999,0.6326579999999999
10.0661,-0.690253,0.959391
10.1322,-0.616451,1.26815
10.1984,-0.522918,1.5558100000000001
10.2663,-0.407808,1.83145
10.339,-0.264448,2.11198
10.4196,-0.08185260000000001,2.41779
10.5095,0.150947,2.76261
10.5994,0.414631,3.09967
10.6693,0.639257,3.3187
10.7204,0.812004,3.41859
10.7644,0.962749,3.43415
10.8083,1.11224,3.3570300000000004
10.844000000000001,1.2298,3.2067799999999997
10.8797,1.34037,2.96402
10.9113,1.4292799999999999,2.6663799999999998
10.9428,1.50755,2.28881
10.9743,1.57271,1.8354400000000002
11.0058,1.62252,1.3166200000000001
11.0332,1.65193,0.824858
11.0606,1.6675099999999998,0.309933
11.088,1.66884,-0.212246
11.1154,1.6559599999999999,-0.725071
11.1428,1.62934,-1.21258
11.1702,1.5898700000000001,-1.66068
11.1976,1.5388,-2.05816
11.225,1.4776200000000002,-2.39721
11.2527,1.40714,-2.67646
11.2813,1.32742,-2.8961
11.3109,1.23894,-3.0537400000000003
11.3421,1.14228,-3.1475
11.375,1.03799,-3.17623
11.4102,0.9266120000000001,-3.13916
11.4483,0.808667,-3.03539
11.4903,0.684651,-2.86291
11.5376,0.555029,-2.61674
11.5925,0.42016099999999995,-2.28452
11.6608,0.279597,-1.8309
11.7662,0.12568900000000002,-1.08233
11.8716,0.0524611,-0.303437
11.9834,0.0655623,0.539486
12.0829,0.156697,1.29231
12.1823,0.322265,2.03242
12.2818,0.55938,2.72024
12.3451,0.743552,3.08555
12.3948,0.9024790000000001,3.2946400000000002
12.4375,1.04542,3.3898099999999998
12.4802,1.19024,3.3778900000000003
12.5147,1.3054,3.26974
12.5493,1.41509,3.05852
12.5795,1.50365,2.7816
12.6098,1.58249,2.41663
12.64,1.649,1.96733
12.6703,1.7007700000000001,1.4438
12.6963,1.7319799999999999,0.9458290000000001
12.7224,1.7498099999999999,0.41886899999999994
12.7485,1.7537,-0.12100599999999999
12.7745,1.74354,-0.6567189999999999
12.8006,1.7196599999999997,-1.1715200000000001
12.8266,1.6828,-1.6502700000000001
12.8527,1.63408,-2.08046
12.8787,1.5748799999999998,-2.4529400000000003
12.9048,1.50679,-2.76214
12.9316,1.42936,-3.01178
12.9593,1.34303,-3.19905
12.9883,1.24831,-3.3216699999999997
13.0189,1.14572,-3.37817
13.0514,1.0357399999999999,-3.3677
13.0865,0.918796,-3.28966
13.1249,0.795244,-3.14295
13.1677,0.665273,-2.92468
13.2168,0.528701,-2.62711
13.2764,0.383983,-2.22789
13.3637,0.21620599999999998,-1.6093600000000001
13.4526,0.10156699999999999,-0.9717020000000001
13.5461,0.041855199999999995,-0.307766
13.6568,0.0504043,0.45738500000000004
13.7861,0.165075,1.30599
13.9155,0.38497800000000004,2.0767700000000002
13.9908,0.556107,2.45791
14.0512,0.7122569999999999,2.69674
14.1025,0.854167,2.82566
14.1537,1.00034,2.85805
14.1944,1.1155899999999999,2.79452
14.2351,1.2263600000000001,2.63572
14.2703,1.31552,2.4121900000000003
14.3055,1.39533,2.10506
14.3408,1.46286,1.71629
14.3717,1.5098200000000002,1.31467
14.4026,1.54362,0.8667299999999999
14.4334,1.56303,0.38617199999999996
14.4643,1.56731,-0.11060999999999999
14.4952,1.55621,-0.605908
14.5261,1.53007,-1.08231
14.557,1.4897,-1.52427
14.5879,1.4363700000000001,-1.91937
14.6188,1.37168,-2.25907
14.6497,1.29741,-2.53897
14.6806,1.2154200000000002,-2.75853
14.7129,1.12343,-2.9265
14.7468,1.02197,-3.04145
14.7829,0.911148,-3.10418
14.8215,0.7907310000000001,-3.11665
14.8637,0.659939,-3.08163
14.9106,0.516961,-3.00212
14.9648,0.357625,-2.8799799999999998
15.0319,0.170016,-2.7105
15.1243,-0.0695525,-2.47682
15.2181,-0.291078,-2.24808
15.3066,-0.48023599999999994,-2.0225299999999997
15.3775,-0.616604,-1.8149400000000002
15.4485,-0.736888,-1.56701
15.5069,-0.821544,-1.3251
15.5653,-0.89102,-1.04754
15.6238,-0.9433290000000001,-0.738625
15.6822,-0.9769040000000001,-0.40833200000000003
15.7331,-0.990216,-0.11416099999999998
15.7841,-0.988648,0.173675
15.8351,-0.9728190000000001,0.44360200000000005
15.886,-0.9439139999999999,0.6853319999999999
15.937000000000001,-0.903582,0.890941
15.988,-0.8538040000000001,1.05545
16.0404,-0.7949390000000001,1.1798600000000001
16.095,-0.728093,1.26158
16.1524,-0.6543939999999999,1.2986799999999998
16.2135,-0.575084,1.28931
16.2795,-0.49166400000000005,1.23098
16.3521,-0.406146,1.1193799999999998
16.4337,-0.32157800000000003,0.946154
16.5288,-0.243225,0.6935399999999999
16.6489,-0.18218199999999998,0.31200700000000003
16.7764,-0.17152799999999999,-0.154334
16.8872,-0.21303699999999998,-0.600332
16.998,-0.305521,-1.07195
17.0873,-0.41835,-1.45599
17.1765,-0.564767,-1.81955
17.2657,-0.7411949999999999,-2.11917
17.3281,-0.8780120000000001,-2.25305
17.3803,-0.996835,-2.28978
17.4324,-1.1152799999999998,-2.23487
17.4745,-1.2069,-2.11009
17.5165,-1.2916100000000001,-1.90525
17.5534,-1.3574899999999999,-1.65786
17.5903,-1.41311,-1.3500299999999998
17.6271,-1.45638,-0.9895129999999999
17.664,-1.48558,-0.588889
17.6964,-1.49865,-0.21739099999999997
17.7287,-1.49959,0.159187
17.7611,-1.48845,0.527317
17.7934,-1.4657,0.8740540000000001
17.8258,-1.43224,1.1880600000000001
17.8581,-1.3892799999999998,1.46036
17.8905,-1.33826,1.6848
17.9239,-1.27885,1.8629099999999998
17.9585,-1.21191,1.98954
17.9948,-1.13824,2.0609900000000003
18.0332,-1.0586799999999998,2.07406
18.0744,-0.974167,2.02536
18.1191,-0.885825,1.91055
18.169,-0.794991,1.72239
18.2268,-0.703241,1.44535
18.3014,-0.610726,1.0238399999999999
18.3842,-0.5471090000000001,0.506901
18.467,-0.527457,-0.0342475
18.5398,-0.547416,-0.512858
18.6127,-0.6018479999999999,-0.978044
18.6855,-0.689106,-1.41029
18.7584,-0.805823,-1.7812
18.8364,-0.9568049999999999,-2.0632
18.8911,-1.07256,-2.1543099999999997
18.9374,-1.17238,-2.14045
18.9837,-1.26931,-2.0274400000000004
19.0222,-1.3441299999999998,-1.8509799999999998
19.0606,-1.41069,-1.5978700000000001
19.0991,-1.4661,-1.2722200000000001
19.1321,-1.50279,-0.9421889999999999
19.1652,-1.52796,-0.576371
19.1982,-1.54063,-0.187865
19.2312,-1.54029,0.208329
19.2643,-1.52695,0.596571
19.2973,-1.50112,0.96195
19.3304,-1.4637799999999999,1.29154
19.3634,-1.41628,1.57532
19.3964,-1.36026,1.8067
19.4295,-1.2975,1.98253
19.4636,-1.2276200000000002,2.1057900000000003
19.4993,-1.15096,2.17453
19.5372,-1.06819,2.1861099999999998
19.5779,-0.9801,2.1378
19.6222,-0.887526,2.02612
19.6718,-0.791404,1.84519
19.7293,-0.692541,1.5819299999999998
19.8038,-0.589144,1.1888299999999998
19.8888,-0.508497,0.703699
19.9739,-0.46969399999999994,0.20893499999999998
20.059,-0.472657,-0.27550399999999997
20.144000000000002,-0.5158010000000001,-0.732995
20.2291,-0.596055,-1.14441
20.3159,-0.7110350000000001,-1.48856
20.3913,-0.8315610000000001,-1.69287
20.4515,-0.9361860000000001,-1.76755
20.504,-1.0290700000000002,-1.75089
20.5566,-1.1187799999999999,-1.6448
20.6008,-1.1881,-1.48052
20.645,-1.24862,-1.24691
20.6892,-1.2973700000000001,-0.9487709999999999
20.7275,-1.328,-0.646717
20.7657,-1.34646,-0.314653
20.804000000000002,-1.35186,0.0345423
20.8423,-1.34379,0.386613
20.8805,-1.3224200000000002,0.727288
20.9188,-1.28845,1.04366
20.956999999999997,-1.24301,1.32531
20.9953,-1.1875799999999999,1.56505
21.0335,-1.12384,1.75912
21.0727,-1.05182,1.90999
21.1136,-0.971353,2.01835
21.1568,-0.8826510000000001,2.08396
21.2029,-0.785832,2.10735
21.2529,-0.6807449999999999,2.08989
21.3081,-0.566693,2.03352
21.3709,-0.441791,1.9401099999999998
21.4462,-0.300702,1.80932
21.5544,-0.11526199999999999,1.61958
21.666,0.055515699999999994,1.44708
21.7922,0.22777399999999998,1.28762
21.9234,0.38743,1.15014
22.0545,0.529672,1.0176100000000001
22.1509,0.622585,0.9080959999999999
22.2472,0.704051,0.778989
22.3268,0.761187,0.654992
22.4063,0.807862,0.5164949999999999
22.4859,0.843091,0.368228
22.5654,0.8663870000000001,0.21798499999999998
22.6349,0.877136,0.0927169
22.7045,0.8795860000000001,-0.0195321
22.774,0.874873,-0.11227899999999999
22.8436,0.8645440000000001,-0.180285
22.9152,0.849992,-0.220771
22.9908,0.8327700000000001,-0.22914099999999998
23.0737,0.814771,-0.198439
23.1631,0.8001050000000001,-0.122735
23.2552,0.793887,-0.0067301
23.333000000000002,0.797925,0.113106
23.4108,0.8117840000000001,0.244193
23.4887,0.8359790000000001,0.37703600000000004
23.5665,0.870237,0.500901
23.6443,0.9134040000000001,0.603946
23.7221,0.963376,0.6737310000000001
23.8,1.0171,0.698385
23.8805,1.07245,0.666518
23.9471,1.1146200000000002,0.5927180000000001
24.0136,1.15048,0.477894
24.0688,1.17357,0.356697
24.1239,1.1894799999999999,0.218646
24.179000000000002,1.19751,0.0721192
24.2341,1.19745,-0.0734283
24.2892,1.18961,-0.208445
24.3443,1.1748299999999998,-0.324287
24.3994,1.15435,-0.414054
24.4545,1.12976,-0.473116
24.5096,1.10281,-0.499292
24.5688,1.07335,-0.490992
24.6352,1.0421799999999999,-0.440021
24.7087,1.01326,-0.3402
24.7835,0.99275,-0.203648
24.8463,0.984044,-0.0718545
24.9091,0.983858,0.06623430000000001
24.9719,0.9923069999999999,0.201681
25.0347,1.00894,0.32553699999999997
25.0975,1.03277,0.42903199999999997
25.1603,1.06223,0.503903
25.2242,1.0959299999999998,0.543288
25.2938,1.13385,0.5374
25.3656,1.1705,0.475063
25.4252,1.19623,0.381605
25.4849,1.21539,0.25611999999999996
25.5368,1.2254200000000002,0.12764
25.5888,1.22848,-0.0107624
25.6408,1.22428,-0.150624
25.6927,1.21295,-0.283426
25.7447,1.19508,-0.401418
25.7967,1.1716,-0.498291
25.8486,1.14373,-0.569631
25.9017,1.11217,-0.613718
25.9579,1.07718,-0.628235
26.0188,1.03931,-0.608754
26.0887,0.99871,-0.546998
26.1656,0.960483,-0.44081499999999996
26.2426,0.9315450000000001,-0.307975
26.3097,0.915101,-0.181322
26.3768,0.90723,-0.053891999999999995
26.4439,0.907701,0.0660032
26.511,0.915747,0.170712
26.5781,0.930114,0.253364
26.647,0.949699,0.309172
26.72,0.9733,0.33072399999999996
26.801,0.999425,0.30579
26.881999999999998,1.02145,0.230042
26.95,1.03391,0.131724
27.0179,1.0388,0.00896204
27.0859,1.03478,-0.129004
27.1539,1.02116,-0.271742
27.2219,0.9979629999999999,-0.408985
27.2898,0.965882,-0.531941
27.3578,0.9261159999999999,-0.634273
27.4258,0.8802,-0.712537
27.4938,0.829808,-0.766109
27.5635,0.775159,-0.797214
27.6385,0.714835,-0.807843
27.7213,0.648162,-0.798944
27.8165,0.5733199999999999,-0.772416
27.9373,0.48252799999999996,-0.731066
28.0787,0.381949,-0.6956220000000001
28.2201,0.284137,-0.69487
28.3615,0.183117,-0.742765
28.5029,0.0713769,-0.8474450000000001
28.6529,-0.0681163,-1.0238399999999999
28.761999999999997,-0.18872,-1.19137
28.8732,-0.331807,-1.3851799999999999
28.9844,-0.49670299999999995,-1.578
29.0956,-0.680901,-1.72202
29.1657,-0.8032090000000001,-1.7539099999999999
29.2256,-0.9075989999999999,-1.7232599999999998
29.2855,-1.00815,-1.62329
29.3348,-1.085,-1.4802
29.3842,-1.15335,-1.27896
29.4336,-1.2103700000000002,-1.02165
29.4756,-1.24803,-0.7641439999999999
29.5177,-1.27427,-0.480239
29.5597,-1.28821,-0.181194
29.6018,-1.28948,0.119932
29.6438,-1.2782799999999999,0.409553
29.6859,-1.25537,0.6749189999999999
29.728,-1.222,0.9053129999999999
29.77,-1.17983,1.09287
29.8121,-1.13075,1.2329299999999999
29.8547,-1.07609,1.3248
29.8992,-1.0159,1.36827
29.9466,-0.9511059999999999,1.35963
29.9978,-0.8829389999999999,1.2939200000000002
30.0546,-0.812883,1.16324
30.1209,-0.74252,0.949785
30.1984,-0.680611,0.639514
30.2769,-0.6442640000000001,0.280719
30.3554,-0.63718,-0.10285699999999999
30.4243,-0.656109,-0.445906
30.4933,-0.698504,-0.781022
30.5623,-0.763296,-1.0924200000000002
30.6312,-0.8481770000000001,-1.35978
30.7002,-0.949247,-1.55703
30.7743,-1.06903,-1.6550099999999999
30.8281,-1.15784,-1.62973
30.8748,-1.2319,-1.5306899999999999
30.9215,-1.29956,-1.35546
30.9615,-1.3498700000000001,-1.1451200000000001
31.0016,-1.3907200000000002,-0.884814
31.0417,-1.42028,-0.583919
31.0818,-1.43717,-0.255625
31.1171,-1.4409299999999998,0.0434677
31.1524,-1.43414,0.339672
31.1877,-1.4171200000000002,0.621421
31.223000000000003,-1.39056,0.878275
31.2583,-1.3555,1.10166
31.2937,-1.31324,1.2853700000000001
31.3302,-1.2635299999999998,1.42971
31.3681,-1.20726,1.52908
31.4079,-1.14524,1.5792700000000002
31.4502,-1.07833,1.5761399999999999
31.4959,-1.00745,1.5147899999999999
31.5466,-0.9336129999999999,1.38763
31.6058,-0.8573629999999999,1.17757
31.6757,-0.785522,0.869174
31.7456,-0.736793,0.520227
31.8155,-0.713241,0.15196400000000002
31.8854,-0.715584,-0.217892
31.9553,-0.743356,-0.57285
32.0252,-0.794916,-0.8953909999999999
32.0951,-0.867303,-1.16503
32.165,-0.955987,-1.3572899999999999
32.2376,-1.0585200000000001,-1.44534
32.2938,-1.13936,-1.4163700000000001
32.3425,-1.20607,-1.31385
32.3911,-1.2659799999999999,-1.1369
32.433,-1.30935,-0.927742
32.4748,-1.3429799999999998,-0.672492
32.5167,-1.36513,-0.381409
32.5585,-1.37459,-0.0680147
32.6004,-1.37073,0.252083
32.6422,-1.35362,0.5627800000000001
32.6841,-1.32397,0.84916
32.7259,-1.2830700000000002,1.09897
32.7677,-1.23263,1.30355
32.8096,-1.17467,1.45823
32.8514,-1.11131,1.5620399999999999
32.8941,-1.0432700000000001,1.61774
32.9394,-0.969707,1.62659
32.9882,-0.891099,1.5864
33.0419,-0.808083,1.49393
33.1031,-0.7211029999999999,1.34305
33.1778,-0.6290680000000001,1.11562
33.2716,-0.539233,0.7954979999999999
33.3654,-0.480058,0.466292
33.4593,-0.45136099999999996,0.14862999999999998
33.5531,-0.45136099999999996,-0.143367
33.6469,-0.477108,-0.398355
33.7469,-0.528361,-0.616804
33.8569,-0.605873,-0.776098
33.949,-0.680365,-0.8280719999999999
34.029,-0.746031,-0.80233
34.109,-0.80678,-0.704558
34.1766,-0.850007,-0.565211
34.2443,-0.882158,-0.378121
34.3119,-0.900272,-0.151943
34.3795,-0.902114,0.10068099999999999
34.4392,-0.88918,0.333513
34.4989,-0.862349,0.564851
34.5585,-0.8219920000000001,0.7856479999999999
34.6182,-0.768947,0.989295
34.6788,-0.703267,1.1749100000000001
34.7415,-0.624152,1.34406
34.8075,-0.53025,1.49969
34.8782,-0.418809,1.6478700000000002
34.9564,-0.284055,1.7996
35.047,-0.113035,1.9748700000000001
35.1577,0.117994,2.2037400000000003
35.2506,0.33219499999999996,2.40425
35.3436,0.56419,2.57792
35.4055,0.7260949999999999,2.64395
35.458,0.8651559999999999,2.64118
35.5105,1.0021,2.55934
35.5529,1.10782,2.41934
35.5952,1.20601,2.20205
35.6325,1.28345,1.9423099999999998
35.6698,1.35002,1.61883
35.7071,1.4034200000000001,1.2373100000000001
35.7443,1.44169,0.808982
35.7769,1.46157,0.408935
35.8095,1.46822,-0.0013514000000000002
35.8421,1.46153,-0.40762800000000005
35.8747,1.4418600000000001,-0.795804
35.9072,1.41001,-1.15315
35.9398,1.36717,-1.46927
35.9724,1.31481,-1.73672
36.0055,1.25356,-1.9542599999999999
36.0397,1.18382,-2.1200799999999997
36.0752,1.10625,-2.23129
36.1126,1.0216100000000001,-2.28547
36.1523,0.9306989999999999,-2.28057
36.1951,0.8344309999999999,-2.21446
36.2418,0.733892,-2.08412
36.2938,0.630488,-1.8841700000000001
36.3534,0.526226,-1.60341
36.4257,0.424234,-1.21389
36.5346,0.326874,-0.563607
36.6306,0.301786,0.044773900000000005
36.7266,0.335962,0.668488
36.8226,0.430058,1.28942
36.9051,0.5575899999999999,1.7973700000000001
36.9875,0.7247640000000001,2.24251
37.0526,0.879878,2.5064
37.1034,1.01045,2.62485
37.1476,1.1272,2.64149
37.1918,1.24253,2.55697
37.2285,1.3337299999999999,2.3977
37.2652,1.4175,2.15099
37.3019,1.49058,1.81618
37.3331,1.5419100000000001,1.4672100000000001
37.3643,1.5815299999999999,1.0674700000000001
37.3954,1.60806,0.629221
37.4266,1.62053,0.167966
37.4578,1.61848,-0.298728
37.489000000000004,1.6020299999999998,-0.752772
37.5201,1.57185,-1.17718
37.5513,1.52909,-1.55749
37.5825,1.4753100000000001,-1.8828099999999999
37.6137,1.41234,-2.1463
37.6448,1.34216,-2.3451400000000002
37.6765,1.2656100000000001,-2.4816
37.7096,1.1820700000000002,-2.55782
37.7446,1.09208,-2.57177
37.7821,0.9963690000000001,-2.52108
37.8229,0.895807,-2.4028
37.868,0.7913819999999999,-2.21208
37.9195,0.684248,-1.9391
37.9817,0.575396,-1.55818
38.0731,0.460737,-0.941325
38.1646,0.40396,-0.298374
38.2561,0.406114,0.343574
38.3476,0.46615,0.96355
38.439,0.580923,1.5347600000000001
38.5305,0.74407,2.01112
38.5942,0.880285,2.2459599999999997
38.6462,1.00011,2.34826
38.692,1.10791,2.3509599999999997
38.7377,1.21363,2.2546
38.7761,1.2971700000000002,2.08765
38.8144,1.3727200000000002,1.8378599999999998
38.8528,1.4371200000000002,1.50683
38.8856,1.48117,1.16452
38.9185,1.51321,0.777874
38.9514,1.53198,0.359788
38.9843,1.53669,-0.0742369
39.0172,1.52711,-0.507374
39.05,1.50352,-0.9230079999999999
39.0829,1.4667700000000001,-1.30623
39.1158,1.41811,-1.64507
39.1487,1.35917,-1.9312099999999999
39.1816,1.29175,-2.16025
39.2144,1.21775,-2.33141
39.2488,1.13541,-2.45093
39.285,1.0453299999999999,-2.51688
39.3235,0.947989,-2.52841
39.365,0.843756,-2.48516
39.4105,0.732879,-2.3867599999999998
39.4613,0.61532,-2.23178
39.5201,0.490333,-2.01534
39.5928,0.354414,-1.71986
39.694,0.201842,-1.2967899999999999
39.7951,0.0915671,-0.886934
39.9011,0.0191456,-0.48624300000000004
40.0258,-0.0144156,-0.0608345
40.1793,0.011439399999999999,0.382027
40.3395,0.10265999999999999,0.737089
40.4589,0.202375,0.921876
40.5621,0.303073,1.0189700000000002
40.6653,0.41035699999999997,1.0475
40.7496,0.497507,1.01078
40.8339,0.5790029999999999,0.912257
40.9181,0.649408,0.747156
40.9909,0.696911,0.551521
41.0636,0.728537,0.311665
41.1363,0.74139,0.037080699999999994
41.208999999999996,0.733401,-0.259288
41.2817,0.7035,-0.563271
41.3544,0.651612,-0.862273
41.4271,0.578437,-1.14775
41.4998,0.485108,-1.4166100000000001
41.5744,0.36961700000000003,-1.6776
41.6549,0.223726,-1.9498799999999998
41.7449,0.034384500000000005,-2.25576
41.8427,-0.202741,-2.59622
41.9405,-0.47289,-2.92351
42.006,-0.6704319999999999,-3.09666
42.0576,-0.8324530000000001,-3.17235
42.1022,-0.974399,-3.16812
42.1469,-1.11424,-3.07402
42.1837,-1.2246299999999999,-2.9123099999999997
42.2205,-1.32749,-2.6628700000000003
42.2573,-1.41945,-2.3197400000000004
42.2884,-1.48613,-1.9571599999999998
42.3195,-1.54057,-1.53375
42.3506,-1.58101,-1.0598299999999998
42.3817,-1.60612,-0.550162
42.4128,-1.61506,-0.022953499999999998
42.4439,-1.60758,0.501758
42.475,-1.58408,1.004
42.5061,-1.54554,1.46576
42.5372,-1.49347,1.87252
42.5684,-1.42973,2.21424
42.5995,-1.35645,2.4856
42.6306,-1.27585,2.68575
42.6621,-1.1889100000000001,2.8187599999999997
42.6951,-1.0945200000000002,2.8889400000000003
42.7301,-0.99306,2.89547
42.7677,-0.8851469999999999,2.83722
42.8086,-0.771472,2.71254
42.8539,-0.652812,2.5181400000000003
42.9053,-0.5301130000000001,2.24663
42.966,-0.40461199999999997,1.8802900000000002
43.0444,-0.277319,1.36401
43.1535,-0.169799,0.599979
43.2626,-0.147315,-0.190942
43.3718,-0.211848,-0.991885
43.4599,-0.327504,-1.63184
43.5479,-0.498468,-2.2421900000000003
43.636,-0.720122,-2.77019
43.6902,-0.8770620000000001,-3.00982
43.7358,-1.01747,-3.12803
43.7815,-1.16095,-3.1392900000000004
43.8179,-1.27385,-3.05117
43.8542,-1.38173,-2.86171
43.8858,-1.46841,-2.6071299999999997
43.9175,-1.54568,-2.2667
43.9491,-1.61086,-1.84397
43.9769,-1.65628,-1.41146
44.0047,-1.689,-0.933683
44.0326,-1.70796,-0.424969
44.0604,-1.7125299999999999,0.0978767
44.0882,-1.70255,0.616877
44.1161,-1.67839,1.11437
44.1439,-1.64087,1.57445
44.1717,-1.59123,1.9841400000000002
44.1995,-1.53099,2.33413
44.2274,-1.46192,2.61905
44.2552,-1.38584,2.8372900000000003
44.2843,-1.30092,2.9957700000000003
44.3147,-1.20803,3.09092
44.3469,-1.10778,3.12099
44.3814,-1.00075,3.08475
44.4187,-0.8874860000000001,2.9809
44.4597,-0.768543,2.80717
44.5059,-0.644416,2.5584700000000002
44.5598,-0.515375,2.22225
44.6277,-0.380023,1.7597200000000002
44.7195,-0.24843,1.10658
44.8112,-0.177125,0.448725
44.908,-0.16689,-0.23445100000000002
45.0155,-0.23172600000000002,-0.96593
45.1251,-0.376348,-1.66232
45.2209,-0.562014,-2.19507
45.2857,-0.713929,-2.48021
45.3398,-0.852672,-2.64194
45.387,-0.9792059999999999,-2.7027099999999997
45.4342,-1.10637,-2.66498
45.4731,-1.20801,-2.54427
45.512,-1.3032,-2.33192
45.5464,-1.3788799999999999,-2.0643
45.5807,-1.4440899999999999,-1.7224
45.615,-1.49637,-1.3125799999999999
45.6494,-1.53358,-0.8468559999999999
45.6794,-1.55247,-0.407016
45.7094,-1.55787,0.0485304
45.7395,-1.54954,0.5046390000000001
45.7695,-1.5277,0.9462459999999999
45.7995,-1.49299,1.35962
45.8296,-1.4464299999999999,1.7333900000000002
45.8596,-1.38935,2.05927
45.8899,-1.32255,2.33486
45.9212,-1.2460200000000001,2.56029
45.9535,-1.1601299999999999,2.73366
45.9875,-1.06521,2.85391
46.0233,-0.9614940000000001,2.92108
46.0617,-0.84904,2.9362
46.1032,-0.727562,2.90104
46.1491,-0.596176,2.81758
46.2012,-0.45272799999999996,2.68697
46.2632,-0.291589,2.5062
46.3489,-0.0880722,2.24538
46.4433,0.11064,1.96734
46.5448,0.295729,1.6823599999999999
46.6484,0.455136,1.39147
46.7337,0.563191,1.13953
46.818999999999996,0.6490199999999999,0.869927
46.8923,0.703864,0.625324
46.9656,0.740517,0.374797
47.0388,0.758883,0.128029
47.1121,0.75966,-0.103202
47.1854,0.744426,-0.307134
47.2587,0.715557,-0.473972
47.332,0.676032,-0.597171
47.4052,0.629178,-0.673795
47.4785,0.578417,-0.7040850000000001
47.5563,0.523947,-0.688376
47.6403,0.468587,-0.6212340000000001
47.7336,0.41618,-0.49318199999999995
47.8437,0.373029,-0.280803
47.963,0.35636599999999996,0.0109212
48.0659,0.37225,0.303185
48.1688,0.41966400000000004,0.621667
48.2581,0.487991,0.90764
48.3475,0.5816680000000001,1.1856200000000001
48.4369,0.698929,1.4301700000000002
48.5263,0.835175,1.6029200000000001
48.5937,0.945422,1.6547599999999998
48.65,1.03826,1.62645
48.7064,1.12733,1.51912
48.7526,1.19424,1.3664399999999999
48.7989,1.25273,1.1550200000000002
48.8451,1.30017,0.8897010000000001
48.8847,1.3303,0.627102
48.9243,1.34955,0.342017
48.9639,1.3572600000000001,0.046198699999999995
49.0035,1.35324,-0.24742399999999998
49.0431,1.33785,-0.525938
49.0827,1.3119299999999998,-0.77763
49.1224,1.27673,-0.992966
49.162,1.23383,-1.1652
49.2016,1.1850399999999999,-1.29056
49.2426,1.13028,-1.37
49.2858,1.07028,-1.39995
49.3319,1.00605,-1.37591
49.3822,0.9387209999999999,-1.29178
49.43899999999999,0.8695229999999999,-1.13659
49.5073,0.8001159999999999,-0.8845430000000001
49.5829,0.7457020000000001,-0.548305
49.6485,0.7201850000000001,-0.226057
49.7141,0.7163149999999999,0.109177
49.7797,0.734507,0.44407299999999994
49.8454,0.774289,0.7646729999999999
49.911,0.83421,1.05485
49.9766,0.911651,1.29505
50.0422,1.00258,1.46183
50.111999999999995,1.10766,1.52935
50.1653,1.18844,1.4864899999999999
50.2118,1.25518,1.37392
50.2583,1.31502,1.18925
50.2984,1.35865,0.974339
50.3386,1.3927100000000001,0.714909
50.3788,1.41563,0.42123299999999997
50.419,1.42628,0.10673800000000001
50.4591,1.42413,-0.21312199999999998
50.4993,1.4093,-0.5223810000000001
50.5395,1.3825,-0.806164
50.5797,1.34503,-1.05209
50.6198,1.2986,-1.2512
50.66,1.24519,-1.39839
50.7002,1.18695,-1.49215
50.7413,1.12459,-1.53446
50.7849,1.0576,-1.5246899999999999
50.8323,0.9867229999999999,-1.45824
50.8853,0.9127780000000001,-1.32726
50.9481,0.835791,-1.11219
51.0211,0.7655029999999999,-0.807767
51.093999999999994,0.7187899999999999,-0.469599
51.1669,0.697313,-0.118849
51.2398,0.701334,0.22696100000000002
51.3128,0.729903,0.5516409999999999
51.3857,0.7808689999999999,0.83819
51.4586,0.8507600000000001,1.0671700000000002
51.5316,0.934578,1.2161899999999999
51.6053,1.0266600000000001,1.26115
51.663000000000004,1.09832,1.20791
51.7139,1.1570799999999999,1.0908799999999998
51.7648,1.2082,0.9082319999999999
51.8092,1.24409,0.699209
51.8537,1.26981,0.451891
51.8982,1.28387,0.177117
51.9426,1.28534,-0.111819
51.9871,1.27393,-0.400449
52.0315,1.24995,-0.674667
52.076,1.21434,-0.922193
52.1205,1.16849,-1.1336899999999999
52.1649,1.11415,-1.3033299999999999
52.2094,1.05326,-1.42887
52.2545,0.986762,-1.5120200000000001
52.302,0.9137709999999999,-1.5551700000000002
52.3528,0.834548,-1.55754
52.408,0.749436,-1.5183799999999998
52.4694,0.6585810000000001,-1.43671
52.5399,0.561488,-1.3099399999999999
52.6274,0.454791,-1.12762
52.7367,0.344498,-0.8916149999999999
52.846000000000004,0.25933,-0.671111
52.9552,0.196706,-0.48077200000000003
53.0722,0.150372,-0.319228
53.202,0.11754200000000001,-0.19695
53.3486,0.0942147,-0.135106
53.5038,0.072536,-0.159564
53.6615,0.039249599999999996,-0.278054
53.8214,-0.020965099999999997,-0.490314
53.9519,-0.09987639999999999,-0.727453
54.0639,-0.194629,-0.97057
54.1759,-0.318208,-1.23997
54.2727,-0.449858,-1.4776799999999999
54.3696,-0.60364,-1.69094
54.4521,-0.749063,-1.81844
54.5163,-0.86726,-1.8550200000000001
54.571999999999996,-0.9699639999999999,-1.82299
54.6277,-1.06887,-1.7163599999999999
54.6739,-1.14501,-1.5629600000000001
54.7202,-1.21262,-1.3480299999999998
54.7665,-1.2689,-1.0742399999999999
54.8062,-1.30613,-0.7995720000000001
54.8458,-1.33189,-0.497026
54.8854,-1.3453,-0.178309
54.925,-1.34599,0.143092
54.9646,-1.3341100000000001,0.453175
55.0043,-1.3104,0.738784
55.0439,-1.27604,0.988798
55.0835,-1.23263,1.19497
55.1231,-1.182,1.35229
55.1632,-1.12552,1.45979
55.2049,-1.06313,1.51776
55.2492,-0.995661,1.52274
55.2968,-0.924234,1.4703600000000001
55.349,-0.8501850000000001,1.3542399999999999
55.4085,-0.7750600000000001,1.16215
55.4815,-0.70087,0.8618040000000001
55.5633,-0.646145,0.467938
55.6338,-0.626019,0.100343
55.7042,-0.632267,-0.278422
55.7747,-0.66519,-0.654417
55.8451,-0.7240489999999999,-1.01168
55.9156,-0.806837,-1.3297299999999999
55.9861,-0.9098780000000001,-1.58143
56.0615,-1.03597,-1.7381
56.1171,-1.1334,-1.7515599999999998
56.1644,-1.21491,-1.6796900000000001
56.2117,-1.29104,-1.52319
56.2517,-1.3481100000000001,-1.32389
56.2916,-1.39604,-1.0666
56.3316,-1.43266,-0.759516
56.3668,-1.45415,-0.457783
56.402,-1.4646700000000001,-0.138513
56.4371,-1.46384,0.185595
56.4723,-1.45171,0.501413
56.5075,-1.42879,0.796496
56.5427,-1.39601,1.06009
56.5779,-1.35464,1.28386
56.6131,-1.30617,1.4623
56.6492,-1.25081,1.59548
56.6868,-1.1890399999999999,1.6804
56.7265,-1.12161,1.7133599999999998
56.7688,-1.04938,1.6904
56.8148,-0.9732879999999999,1.60656
56.8663,-0.894322,1.45359
56.9272,-0.812852,1.21129
56.9996,-0.737355,0.8649049999999999
57.0721,-0.688418,0.482149
57.1445,-0.6678430000000001,0.0851115
57.217,-0.675994,-0.308129
57.2894,-0.711982,-0.680513
57.3618,-0.7736310000000001,-1.01319
57.4343,-0.8572620000000001,-1.28316
57.5067,-0.957341,-1.46215
57.5792,-1.0661200000000002,-1.51807
57.632,-1.14526,-1.4637
57.6848,-1.21918,-1.3199100000000001
57.728,-1.27245,-1.13455
57.7713,-1.31646,-0.8921680000000001
57.8145,-1.3489,-0.6013270000000001
57.8525,-1.3664,-0.31606100000000004
57.8905,-1.37271,-0.014621299999999999
57.9285,-1.3674600000000001,0.290547
57.9665,-1.35075,0.586831
58.0045,-1.32314,0.862577
58.0424,-1.2856,1.10805
58.0804,-1.23943,1.3161100000000001
58.1184,-1.18614,1.48245
58.1578,-1.1250799999999999,1.60933
58.199,-1.05692,1.6934
58.2425,-0.9822559999999999,1.7324
58.288999999999994,-0.9016870000000001,1.72452
58.3395,-0.8157810000000001,1.6680400000000002
58.3956,-0.7250270000000001,1.56041
58.4601,-0.629551,1.3961299999999999
58.54,-0.527346,1.15705
58.6366,-0.43046899999999994,0.8474520000000001
58.7332,-0.363535,0.540503
58.8298,-0.325443,0.252307
58.9311,-0.313931,-0.019099900000000003
59.0415,-0.330335,-0.26950599999999997
59.1677,-0.378917,-0.486821
59.294,-0.449592,-0.617025
59.3967,-0.515162,-0.648054
59.4994,-0.5801,-0.6036279999999999
59.5868,-0.62888,-0.503171
59.6741,-0.666396,-0.346462
59.7615,-0.687978,-0.14002699999999998
59.8489,-0.689756,0.104495
59.9363,-0.669044,0.37204299999999996
60.0237,-0.624512,0.6473260000000001
60.1111,-0.5560390000000001,0.9184370000000001
60.1985,-0.46429499999999996,1.17955
60.2858,-0.350157,1.43167
60.3775,-0.206875,1.6936799999999999
60.4809,-0.0162237,1.99774
60.5745,0.18425899999999998,2.28598
60.6682,0.411836,2.57151
60.7487,0.627478,2.7764900000000003
60.8053,0.787411,2.86287
60.8538,0.926738,2.87132
60.9022,1.06449,2.79393
60.9417,1.17219,2.6508599999999998
60.9812,1.27262,2.4243099999999997
61.016000000000005,1.35238,2.15047
61.0507,1.42141,1.8073299999999999
61.0855,1.47737,1.40052
61.1203,1.51823,0.941298
61.1507,1.54033,0.510215
61.1811,1.54908,0.0652993
61.2114,1.5443,-0.37858600000000003
61.2418,1.52624,-0.806516
61.2722,1.4956,-1.20475
61.3026,1.45347,-1.56175
61.333,1.4012200000000001,-1.86896
61.3633,1.34047,-2.12107
61.3948,1.27049,-2.3216900000000003
61.4274,1.19214,-2.4661299999999997
61.4616,1.10617,-2.55165
61.4978,1.01328,-2.57623
61.5364,0.9142549999999999,-2.53815
61.5783,0.809942,-2.43531
61.6244,0.701371,-2.26425
61.6764,0.589882,-2.01808
61.7371,0.477404,-1.68137
61.8134,0.366731,-1.2098799999999998
61.9121,0.279317,-0.555226
62.0108,0.258015,0.126578
62.1095,0.30464,0.818561
62.1954,0.40053099999999997,1.41361
62.2812,0.546424,1.97849
62.367,0.737942,2.46619
62.4254,0.889517,2.7107200000000002
62.4734,1.0228,2.82602
62.5156,1.1428200000000002,2.83969
62.5579,1.26131,2.7503599999999997
62.5932,1.3557700000000001,2.58393
62.6285,1.44277,2.3267599999999997
62.6638,1.51905,1.9775900000000002
62.6939,1.57318,1.61181
62.724,1.6154600000000001,1.1915200000000001
62.7541,1.6444299999999998,0.728975
62.7842,1.65905,0.23993299999999998
62.8142,1.65878,-0.25753899999999996
62.8443,1.64366,-0.7446119999999999
62.8744,1.61427,-1.20337
62.9045,1.57171,-1.6183299999999998
62.9345,1.51748,-1.9776
62.9646,1.45338,-2.27342
62.9947,1.38139,-2.5022599999999997
63.0248,1.30352,-2.66435
63.0562,1.2179,-2.76607
63.0895,1.12522,-2.80503
63.1249,1.02615,-2.7793400000000004
63.1631,0.921386,-2.68703
63.2051,0.811714,-2.5251099999999997
63.2523,0.697991,-2.28778
63.3072,0.581099,-1.9616799999999999
63.3765,0.460825,-1.50552
63.4749,0.346235,-0.81889
63.5733,0.29989499999999997,-0.123473
63.6718,0.32147600000000004,0.5582189999999999
63.7702,0.40870500000000004,1.20685
63.8686,0.5569930000000001,1.79207
63.9466,0.712105,2.17212
64.0059,0.847526,2.37832
64.0565,0.970526,2.47087
64.107,1.09574,2.46182
64.1478,1.19449,2.36426
64.1886,1.28741,2.17509
64.2243,1.3608200000000001,1.9305299999999999
64.2599,1.4242,1.61294
64.2956,1.47504,1.22858
64.3312,1.51115,0.789317
64.3622,1.52926,0.376308
64.3932,1.5343,-0.0517607
64.4241,1.52605,-0.480202
64.4551,1.50471,-0.8944200000000001
64.4861,1.4709299999999998,-1.2811299999999999
64.5171,1.42575,-1.62934
64.548,1.37049,-1.93108
64.5794,1.3059,-2.18415
64.6116,1.23204,-2.38825
64.6451,1.1493,-2.54129
64.6802,1.05809,-2.64188
64.7174,0.9587530000000001,-2.6896299999999997
64.7573,0.851492,-2.68494
64.8006,0.736286,-2.62871
64.8485,0.612683,-2.52173
64.9031,0.47930200000000006,-2.36335
64.9683,0.33211599999999997,-2.14742
65.0593,0.151026,-1.8330799999999998
65.1576,-0.0128447,-1.50379
65.2606,-0.151001,-1.18159
65.3932,-0.282107,-0.8024359999999999
65.5553,-0.378096,-0.392832
65.6731,-0.409047,-0.139923
65.7921,-0.41291000000000005,0.0657597
65.9112,-0.395787,0.211144
66.0302,-0.365292,0.289687
66.1493,-0.329547,0.299324
66.2684,-0.296693,0.24162600000000004
66.39699999999999,-0.273435,0.10802
66.5305,-0.272258,-0.101776
66.6467,-0.297298,-0.336336
66.763,-0.351972,-0.609721
66.8594,-0.42254200000000003,-0.855693
66.9559,-0.5171020000000001,-1.10428
67.0523,-0.6348699999999999,-1.33213
67.1487,-0.772196,-1.50247
67.2231,-0.886592,-1.5623
67.2839,-0.981392,-1.54378
67.3447,-1.07282,-1.44931
67.3938,-1.14088,-1.3107600000000001
67.443,-1.2007299999999999,-1.11531
67.4921,-1.2496399999999999,-0.866991
67.5339,-1.28083,-0.621496
67.5757,-1.30125,-0.35381799999999997
67.6174,-1.31023,-0.0752678
67.6592,-1.30756,0.20157
67.70100000000001,-1.29359,0.464037
67.7428,-1.26916,0.7006
67.7845,-1.23556,0.901853
67.8263,-1.19441,1.06114
67.8681,-1.14755,1.17478
67.9113,-1.09512,1.24334
67.9568,-1.0378100000000001,1.26345
68.0057,-0.9766809999999999,1.23027
68.0593,-0.912942,1.13675
68.12100000000001,-0.847775,0.968591
68.1924,-0.787425,0.711777
68.2671,-0.745861,0.394322
68.3326,-0.729865,0.0916341
68.3981,-0.734063,-0.220331
68.4636,-0.758646,-0.528822
68.529,-0.802942,-0.819966
68.5945,-0.865301,-1.07754
68.66,-0.9429069999999999,-1.28213
68.7273,-1.03413,-1.41346
68.7959,-1.13263,-1.43855
68.848,-1.2061899999999999,-1.36962
68.9002,-1.27401,-1.21795
68.9427,-1.32212,-1.0333
68.9853,-1.3612799999999998,-0.799017
69.0279,-1.38957,-0.52428
69.0704,-1.40552,-0.222131
69.1074,-1.4087100000000001,0.050096499999999995
69.1443,-1.40185,0.319813
69.1813,-1.38524,0.5760029999999999
69.2182,-1.3595700000000002,0.8087409999999999
69.2552,-1.32587,1.00991
69.2921,-1.2854,1.17366
69.3304,-1.2378799999999999,1.30027
69.3703,-1.18421,1.38415
69.4123,-1.12519,1.42109
69.457,-1.06168,1.40675
69.5058,-0.994559,1.33561
69.5608,-0.9246190000000001,1.19795
69.6273,-0.8522620000000001,0.9699610000000001
69.70100000000001,-0.79182,0.664292
69.7653,-0.758402,0.371185
69.8297,-0.744213,0.0691885
69.8941,-0.749409,-0.22894699999999998
69.9585,-0.77335,-0.5110439999999999
70.0229,-0.814599,-0.76442
70.0873,-0.870866,-0.9750690000000001
70.1541,-0.9416399999999999,-1.13175
70.2275,-1.0283200000000001,-1.20947
70.2893,-1.10263,-1.18208
70.342,-1.16268,-1.0842200000000002
70.3947,-1.2157200000000001,-0.916618
70.4397,-1.25275,-0.722074
70.4847,-1.28009,-0.487368
70.5297,-1.29615,-0.222991
70.5747,-1.2999,0.057852999999999995
70.6197,-1.29092,0.340507
70.6647,-1.26946,0.6104149999999999
70.7097,-1.23638,0.854664
70.7546,-1.19309,1.0632
70.7996,-1.14135,1.22953
70.8446,-1.08314,1.35079
70.8896,-1.0204799999999998,1.42741
70.9369,-0.9519209999999999,1.46307
70.9876,-0.8777969999999999,1.45635
71.0428,-0.798604,1.40535
71.1045,-0.7147060000000001,1.30719
71.1766,-0.625732,1.15501
71.271,-0.527469,0.9227549999999999
71.372,-0.44747200000000004,0.662748
71.4729,-0.393353,0.412857
71.5738,-0.363322,0.18721600000000002
71.6773,-0.35446,-0.00944333
71.7893,-0.36527600000000005,-0.17489100000000002
71.9161,-0.395842,-0.29441300000000004
72.0429,-0.43659799999999993,-0.334463
72.1698,-0.47711499999999996,-0.290213
72.2812,-0.504012,-0.181999
72.3927,-0.515462,-0.014296000000000001
72.5041,-0.505363,0.202711
72.6155,-0.468942,0.45585600000000004
72.727,-0.402887,0.732791
72.8438,-0.299455,1.04071
72.9717,-0.14363800000000002,1.39887
73.0827,0.0298565,1.7325
73.17699999999999,0.207198,2.03212
73.2712,0.41293100000000005,2.33028
73.3655,0.645048,2.58071
73.4236,0.797981,2.67296
73.4734,0.931825,2.6861200000000003
73.5232,1.0643,2.61394
73.5638,1.1677899999999999,2.47631
73.6044,1.2640799999999999,2.25718
73.6401,1.34019,1.99248
73.6758,1.40565,1.66153
73.7115,1.4581899999999999,1.27047
73.7473,1.49584,0.8308969999999999
73.7785,1.51542,0.419727
73.8097,1.52195,-0.00251917
73.84100000000001,1.5153,-0.42137700000000006
73.8722,1.49581,-0.822519
73.9034,1.46424,-1.19294
73.9347,1.42172,-1.5219200000000002
73.9659,1.36968,-1.80168
73.9976,1.3088,-2.03048
74.0303,1.23943,-2.2066
74.0643,1.16222,-2.32695
74.0999,1.07789,-2.38889
74.1378,0.9872219999999999,-2.39016
74.1785,0.891099,-2.3285099999999996
74.2228,0.790553,-2.2008799999999997
74.27199999999999,0.686883,-2.00204
74.3283,0.581865,-1.72124
74.3961,0.47804399999999997,-1.33168
74.4974,0.375292,-0.688552
74.5987,0.339871,-0.00693091
74.6861,0.36544699999999997,0.592793
74.7734,0.44331000000000004,1.18679
74.8608,0.571996,1.7506400000000002
74.9482,0.7470829999999999,2.2385900000000003
75.0117,0.8982120000000001,2.5001599999999997
75.0619,1.0269,2.61712
75.1057,1.1421,2.63098
75.1494,1.2557399999999999,2.54259
75.1859,1.34565,2.37932
75.2223,1.42803,2.12845
75.2587,1.49967,1.78982
75.2897,1.5498299999999998,1.43745
75.3207,1.58827,1.03493
75.3517,1.61361,0.594724
75.3827,1.6249200000000001,0.13244
75.4137,1.6217700000000002,-0.334367
75.4447,1.60432,-0.787732
75.4757,1.57325,-1.21088
75.5067,1.5297100000000001,-1.5896
75.5377,1.47526,-1.9132900000000002
75.5687,1.41172,-2.17536
75.5997,1.34105,-2.37317
75.6313,1.26376,-2.5095400000000003
75.6644,1.1794,-2.5859400000000003
75.6993,1.0885,-2.6004
75.7368,0.991776,-2.5507400000000002
75.7776,0.890026,-2.4342599999999996
75.8227,0.784162,-2.24648
75.8742,0.675204,-1.97826
75.9362,0.5639149999999999,-1.6057
76.0302,0.44173,-0.986416
76.1242,0.37911999999999996,-0.344382
76.2182,0.376816,0.29285100000000003
76.3123,0.43341,0.905148
76.4063,0.545474,1.46761
76.5003,0.706504,1.9373
76.5654,0.840775,2.16983
76.619,0.960289,2.27513
76.6662,1.0682200000000002,2.28287
76.7134,1.17428,2.1935
76.753,1.25819,2.03377
76.7926,1.33416,1.79207
76.8321,1.39895,1.46964
76.866,1.4432200000000002,1.13521
76.8999,1.47538,0.756479
76.9338,1.49413,0.34615
76.9677,1.49865,-0.08038769999999999
77.0016,1.48868,-0.506406
77.0354,1.4645299999999999,-0.9153950000000001
77.0693,1.4270100000000001,-1.29259
77.1032,1.37743,-1.62622
77.1371,1.31739,-1.90822
77.171,1.24875,-2.13447
77.2049,1.17339,-2.30449
77.2403,1.0893899999999999,-2.42497
77.2777,0.9973120000000001,-2.49441
77.3175,0.897495,-2.5125599999999997
77.3604,0.7901199999999999,-2.47986
77.4075,0.675095,-2.39696
77.4604,0.551782,-2.26381
77.5219,0.41818,-2.07747
77.5993,0.26704,-1.8225
77.7096,0.0861874,-1.46018
77.8199,-0.0559362,-1.12252
77.939,-0.169726,-0.7939890000000001
78.0932,-0.263038,-0.428363
78.2507,-0.306052,-0.13171300000000002
78.3877,-0.310658,0.05212000000000001
78.5247,-0.295325,0.15826099999999999
78.6617,-0.27104,0.18248599999999998
78.7988,-0.24906199999999998,0.12493900000000001
78.9358,-0.24038299999999999,-0.010847399999999998
79.0745,-0.255715,-0.22176500000000002
79.1884,-0.2932,-0.443221
79.3023,-0.357966,-0.699099
79.3987,-0.436561,-0.93195
79.4952,-0.537708,-1.16345
79.5916,-0.660148,-1.36821
79.6895,-0.801689,-1.5086
79.7594,-0.908667,-1.53745
79.8184,-0.9984770000000001,-1.4970700000000001
79.8774,-1.08385,-1.3853600000000001
79.9261,-1.14788,-1.2344899999999999
79.9748,-1.20326,-1.03084
80.0235,-1.2475399999999999,-0.779662
80.0655,-1.27516,-0.532993
80.1075,-1.2920200000000002,-0.268176
80.1494,-1.29758,0.00342121
80.1914,-1.2918100000000001,0.269545
80.2334,-1.2752,0.5182180000000001
80.2753,-1.24871,0.738844
80.3173,-1.21369,0.923068
80.3593,-1.17182,1.0652700000000002
80.4018,-1.12421,1.16371
80.4463,-1.0711600000000001,1.2170100000000001
80.4933,-1.01359,1.2209999999999999
80.5441,-0.9526290000000001,1.17029
80.6006,-0.889539,1.0562799999999999
80.6674,-0.8252010000000001,0.857924
80.7417,-0.771556,0.578295
80.8159,-0.740326,0.257671
80.881,-0.733237,-0.04133869999999999
80.946,-0.745793,-0.344535
81.01100000000001,-0.7778619999999999,-0.639285
81.07600000000001,-0.8284440000000001,-0.9113979999999999
81.1411,-0.895538,-1.14409
81.2061,-0.975951,-1.31751
81.2764,-1.0726200000000001,-1.41259
81.3355,-1.1561,-1.3983
81.3854,-1.22399,-1.30897
81.4354,-1.28556,-1.14531
81.4775,-1.32987,-0.951486
81.5196,-1.36505,-0.712643
81.5617,-1.3893799999999998,-0.438521
81.6038,-1.4016600000000001,-0.142214
81.6409,-1.4019700000000002,0.125409
81.6781,-1.39241,0.387288
81.7152,-1.3734,0.632813
81.7524,-1.34572,0.852668
81.7895,-1.31046,1.0394700000000001
81.8274,-1.2681200000000001,1.19059
81.8664,-1.21927,1.3020399999999999
81.9072,-1.1646299999999998,1.36964
81.9503,-1.105,1.3892200000000001
81.9966,-1.0412299999999999,1.3561299999999998
82.0476,-0.974231,1.2637200000000002
82.1064,-0.9045059999999999,1.09829
82.1752,-0.837353,0.846081
82.2462,-0.7878569999999999,0.542892
82.3172,-0.760784,0.217723
82.3882,-0.757024,-0.110971
82.4591,-0.776227,-0.426383
82.5301,-0.8168529999999999,-0.711577
82.6011,-0.876114,-0.948034
82.6721,-0.949824,-1.11503
82.7448,-1.0343,-1.19105
82.807,-1.1079299999999999,-1.16363
82.8599,-1.16719,-1.0659299999999998
82.9127,-1.2194399999999999,-0.8989090000000001
82.9578,-1.2557399999999999,-0.705755
83.0028,-1.2824200000000001,-0.47314700000000004
83.0479,-1.29793,-0.21159499999999998
83.0929,-1.30125,0.06574769999999999
83.1379,-1.29199,0.34434000000000003
83.18299999999999,-1.27043,0.609792
83.228,-1.23745,0.8493799999999999
83.2731,-1.19445,1.0532299999999999
83.3181,-1.1432,1.215
83.3631,-1.08568,1.33192
83.4082,-1.02389,1.40445
83.4557,-0.956219,1.43615
83.5067,-0.8831379999999999,1.4251200000000002
83.5623,-0.80519,1.36917
83.6248,-0.722742,1.26475
83.6985,-0.6352359999999999,1.10301
83.7928,-0.542349,0.863641
83.8889,-0.471604,0.6090260000000001
83.985,-0.425018,0.363398
84.0811,-0.401066,0.139638
84.1804,-0.397385,-0.059449199999999994
84.2873,-0.413228,-0.22865100000000002
84.4069,-0.44877399999999995,-0.35377600000000003
84.5265,-0.49478900000000003,-0.402353
84.6461,-0.54169,-0.367863
84.75,-0.575357,-0.26919099999999996
84.854,-0.595604,-0.110957
84.958,-0.5967060000000001,0.0969546
85.06200000000001,-0.574209,0.340331
85.166,-0.525226,0.604004
85.27,-0.44830299999999995,0.876222
85.374,-0.34287399999999996,1.15212
85.4807,-0.204486,1.44218
85.6,-0.0122485,1.7842900000000002
85.6955,0.171756,2.0748900000000003
85.7909,0.383787,2.3675599999999997
85.8863,0.62225,2.61793
85.945,0.7791640000000001,2.71257
85.9952,0.91596,2.72867
86.0454,1.05154,2.6598900000000003
86.086,1.15716,2.5253799999999997
86.1266,1.25568,2.30893
86.1624,1.3337,2.04616
86.1981,1.40111,1.7159400000000002
86.2338,1.45559,1.32395
86.2696,1.49512,0.881466
86.3007,1.51619,0.467132
86.3319,1.52411,0.0402049
86.3631,1.51871,-0.384759
86.3942,1.5003,-0.7932170000000001
86.4254,1.46959,-1.17185
86.4565,1.42769,-1.50958
86.4877,1.37602,-1.79825
86.5192,1.3155,-2.03512
86.5516,1.24637,-2.2193400000000003
86.5853,1.16925,-2.34787
86.6207,1.08485,-2.41811
86.6581,0.993926,-2.42788
86.6982,0.897333,-2.37508
86.7419,0.7960520000000001,-2.25699
86.7902,0.691303,-2.06902
86.8452,0.584739,-1.80195
86.9105,0.47877299999999995,-1.43394
86.9991,0.375867,-0.8810899999999999
87.0959,0.32149099999999997,-0.237542
87.1927,0.330493,0.42523199999999994
87.2895,0.403839,1.08835
87.3712,0.514981,1.6282
87.4529,0.66845,2.11795
87.5249,0.834033,2.46389
87.5784,0.9708110000000001,2.6319
87.6241,1.0927799999999999,2.68777
87.6698,1.21499,2.6389
87.7071,1.31118,2.5068200000000003
87.7444,1.40075,2.28283
87.7772,1.4713100000000001,2.0072
87.81,1.53164,1.66055
87.8428,1.57954,1.25052
87.8756,1.61312,0.790033
87.9043,1.62968,0.358599
87.9331,1.63363,-0.0842604
87.9618,1.62487,-0.523721
87.9906,1.60369,-0.945217
88.0193,1.57081,-1.33556
88.0481,1.52729,-1.6838400000000002
88.0768,1.47446,-1.98205
88.1061,1.4128,-2.22883
88.1362,1.34263,-2.4217400000000002
88.1675,1.26453,-2.5574
88.2003,1.17916,-2.63298
88.2351,1.0871899999999999,-2.6461900000000003
88.2723,0.989344,-2.5948599999999997
88.3129,0.886418,-2.47637
88.3577,0.779311,-2.28634
88.4089,0.669035,-2.0157700000000003
88.4704,0.5563899999999999,-1.6414099999999998
88.5619,0.433774,-1.0319200000000002
88.6534,0.368218,-0.399767
88.7449,0.360521,0.229488
88.8364,0.40957899999999997,0.8378120000000001
88.9279,0.5125689999999999,1.40399
89.0194,0.664161,1.89221
89.0884,0.804876,2.17097
89.1437,0.9291940000000001,2.30845
89.1919,1.04166,2.34309
89.2401,1.15349,2.27853
89.28,1.2419200000000001,2.13802
89.32,1.32305,1.9121099999999998
89.3599,1.39344,1.60016
89.3937,1.44221,1.27286
89.4276,1.4790299999999998,0.896433
89.4614,1.5024600000000001,0.483042
89.4952,1.51148,0.047988699999999995
89.5291,1.50566,-0.391558
89.5629,1.4851299999999998,-0.818166
89.5968,1.45061,-1.2158
89.6306,1.4033200000000001,-1.57125
89.6644,1.34485,-1.87503
89.6983,1.27706,-2.12182
89.7321,1.20191,-2.31022
89.7668,1.11917,-2.44493
89.8033,1.0284,-2.52771
89.84200000000001,0.9298379999999999,-2.5584700000000002
89.8836,0.8236829999999999,-2.5375400000000004
89.929,0.709937,-2.4655299999999998
89.9796,0.5881609999999999,-2.34265
90.0377,0.456891,-2.16697
90.1088,0.311315,-1.9283
90.2178,0.121592,-1.55425
90.3268,-0.0282654,-1.20008
90.4392,-0.14408900000000002,-0.866808
90.5908,-0.24482399999999999,-0.47281999999999996
90.7509,-0.292273,-0.134196
90.8857,-0.295252,0.0779569
91.0205,-0.27468400000000004,0.214052
91.1552,-0.241204,0.269142
91.29,-0.205812,0.242637
91.4303,-0.178621,0.131169
91.5747,-0.173047,-0.0676355
91.721,-0.20252799999999999,-0.34785
91.8321,-0.255208,-0.606344
91.9432,-0.338357,-0.8943709999999999
92.0383,-0.43568100000000004,-1.15198
92.1334,-0.55724,-1.39972
92.2286,-0.7006680000000001,-1.60489
92.3069,-0.83096,-1.70688
92.3688,-0.9372729999999999,-1.71931
92.42299999999999,-1.02929,-1.6645400000000001
92.4772,-1.1164,-1.53706
92.5229,-1.18299,-1.36839
92.5686,-1.2406,-1.14402
92.6142,-1.2867600000000001,-0.8692469999999999
92.6539,-1.31596,-0.597696
92.6936,-1.33394,-0.305873
92.7333,-1.3401299999999998,-0.00568265
92.773,-1.33445,0.28997
92.8127,-1.31734,0.5683819999999999
92.8524,-1.2897100000000001,0.8182189999999999
92.8921,-1.25289,1.03043
92.9318,-1.20849,1.19878
92.9715,-1.15835,1.3200100000000001
93.01299999999999,-1.1018,1.39584
93.0567,-1.03996,1.4215799999999998
93.1036,-0.973884,1.39275
93.1546,-0.9048200000000001,1.30336
93.2122,-0.8341280000000001,1.14268
93.2821,-0.762998,0.882224
93.3597,-0.707715,0.534786
93.4276,-0.682663,0.199627
93.4955,-0.680917,-0.149376
93.5634,-0.702956,-0.498637
93.6313,-0.748313,-0.833569
93.6992,-0.815443,-1.13671
93.7671,-0.901473,-1.38612
93.835,-1.00186,-1.55469
93.9049,-1.1132799999999998,-1.61138
93.9563,-1.1951200000000002,-1.55891
94.0015,-1.2632,-1.43832
94.0468,-1.32421,-1.24606
94.0862,-1.3690799999999999,-1.02301
94.1256,-1.40425,-0.754905
94.165,-1.42813,-0.452053
94.2044,-1.4396,-0.127951
94.2438,-1.43814,0.201824
94.2832,-1.42383,0.521122
94.3227,-1.3974,0.814829
94.3621,-1.36011,1.07029
94.4015,-1.31366,1.27827
94.4409,-1.26005,1.43337
94.4803,-1.2014,1.53389
94.5205,-1.13858,1.5816700000000001
94.5632,-1.07105,1.57641
94.6093,-0.9995459999999999,1.5136
94.6606,-0.9249729999999999,1.3857700000000002
94.7207,-0.847733,1.1757799999999998
94.7916,-0.774882,0.869539
94.8626,-0.725244,0.525362
94.9335,-0.70073,0.164463
95.0045,-0.701889,-0.195681
95.0754,-0.7280989999999999,-0.539053
95.1463,-0.777586,-0.848881
95.2173,-0.847302,-1.10581
95.2882,-0.9327030000000001,-1.28696
95.3621,-1.03148,-1.3675
95.4198,-1.1099299999999999,-1.3360299999999998
95.4699,-1.17464,-1.23314
95.5201,-1.23238,-1.05799
95.5633,-1.2738399999999999,-0.851849
95.6066,-1.3054,-0.6015020000000001
95.6498,-1.32536,-0.31732
95.693,-1.33254,-0.0127664
95.7363,-1.32639,0.29683400000000004
95.7795,-1.30703,0.5958899999999999
95.8227,-1.27522,0.87021
95.866,-1.2323,1.10839
95.9092,-1.18002,1.30266
95.9524,-1.12035,1.44917
95.9957,-1.0554,1.5476299999999998
96.0403,-0.9850129999999999,1.6016
96.0876,-0.9087120000000001,1.6116700000000002
96.1389,-0.8269040000000001,1.57644
96.1953,-0.740038,1.4939799999999999
96.2595,-0.648274,1.36053
96.3369,-0.550327,1.16486
96.443,-0.442226,0.8708549999999999
96.5491,-0.365473,0.578365
96.6552,-0.318715,0.30794699999999997
96.7613,-0.298923,0.0715543
96.8748,-0.303017,-0.13508599999999998
97.0035,-0.331986,-0.302739
97.1346,-0.37848899999999996,-0.392399
97.2657,-0.43095600000000006,-0.392679
97.3785,-0.47171599999999997,-0.318173
97.4914,-0.500217,-0.17613099999999998
97.6042,-0.509193,0.026186400000000002
97.7171,-0.492507,0.27626799999999996
97.8299,-0.44560600000000006,0.559288
97.9427,-0.36551300000000003,0.862965
98.0614,-0.243338,1.19886
98.1917,-0.0619113,1.5908799999999998
98.2911,0.11192,1.9101299999999999
98.3919,0.321307,2.24365
98.4927,0.563396,2.54871
98.5565,0.730838,2.68763
98.6093,0.874186,2.73939
98.6556,1.00078,2.7149099999999997
98.7019,1.1243100000000001,2.60433
98.7406,1.2220600000000001,2.43277
98.7793,1.3116299999999999,2.18134
98.818,1.38988,1.84791
98.8511,1.44537,1.50179
98.8841,1.4885899999999999,1.10674
98.9171,1.51811,0.6743520000000001
98.9502,1.53292,0.219712
98.9832,1.53257,-0.23985599999999999
99.0163,1.51721,-0.686369
99.0493,1.4875399999999999,-1.1029
99.0824,1.44481,-1.47509
99.1154,1.39066,-1.79224
99.1485,1.32704,-2.04778
99.1815,1.25603,-2.23923
99.215,1.1785700000000001,-2.3691400000000002
99.2501,1.09404,-2.43991
99.2873,1.0030299999999999,-2.44984
99.3271,0.9063459999999999,-2.39682
99.3704,0.8049649999999999,-2.27812
99.4183,0.700094,-2.08912
99.4728,0.5933609999999999,-1.82054
99.5376,0.48710299999999995,-1.45035
99.6258,0.38341,-0.892365
99.7213,0.328671,-0.250013
99.8167,0.33625700000000003,0.410492
99.9122,0.407023,1.07049
100.0,0.526961,1.65452
