,x,xdot
1e-06,6.039980000000001e-10,0.000607997
6e-06,3.74394e-09,0.000647981
3.1e-05,2.24424e-08,0.000847888
0.000156,1.90882e-07,0.00184705
0.000781,2.90436e-06,0.00683348
0.003906,6.29527e-05,0.031533099999999994
0.019531,0.00148847,0.149393
0.053202599999999996,0.0104064,0.373949
0.0917473,0.0290807,0.587992
0.13219,0.0566957,0.77122
0.17423699999999998,0.09246710000000001,0.924543
0.218,0.13580599999999998,1.0509600000000001
0.263675,0.186247,1.15319
0.31149499999999997,0.24341,1.23332
0.361727,0.30695,1.2926799999999998
0.414652,0.37649699999999997,1.33166
0.47056499999999996,0.45156,1.34958
0.529788,0.531458,1.3446200000000001
0.592781,0.61532,1.31364
0.660457,0.702295,1.25185
0.7351479999999999,0.7922359999999999,1.15099
0.813737,0.877417,1.01155
0.8923260000000001,0.950515,0.844943
0.9709139999999999,1.00978,0.661481
1.0495,1.05437,0.473743
1.1186,1.0815700000000001,0.315415
1.1877,1.09829,0.171458
1.2568,1.1057299999999999,0.047502300000000004
1.32589,1.1053899999999999,-0.0533432
1.39499,1.09891,-0.130484
1.46409,1.0878700000000001,-0.185426
1.53319,1.0737299999999999,-0.221136
1.60228,1.05767,-0.241358
1.6733099999999999,1.04015,-0.250129
1.75027,1.02085,-0.25044299999999997
1.8368200000000001,0.999396,-0.244513
1.94223,0.974143,-0.23456300000000002
2.06739,0.945414,-0.225397
2.19255,0.917442,-0.22281399999999998
2.31772,0.88933,-0.227561
2.46258,0.855484,-0.240961
2.57724,0.827016,-0.256168
2.6919,0.7966270000000001,-0.274338
2.8065599999999997,0.76402,-0.294746
2.92122,0.728966,-0.316975
3.03588,0.691267,-0.34088
3.1505400000000003,0.650729,-0.366519
3.25149,0.612524,-0.39068800000000004
3.35244,0.5717949999999999,-0.416562
3.45338,0.528357,-0.444381
3.55433,0.48200299999999996,-0.474401
3.6552800000000003,0.432496,-0.506883
3.75622,0.379576,-0.5420689999999999
3.8571699999999995,0.32295799999999997,-0.58016
3.9581199999999996,0.262343,-0.621275
4.05906,0.197426,-0.665396
4.16001,0.127911,-0.712292
4.26096,0.053543499999999994,-0.761406
4.3619,-0.025852800000000002,-0.811715
4.472519999999999,-0.118681,-0.866231
4.57486,-0.20977300000000002,-0.913286
4.68035,-0.308375,-0.954393
4.76765,-0.39284600000000003,-0.9790540000000001
4.85495,-0.47896400000000006,-0.9915430000000001
4.94225,-0.565507,-0.9881989999999999
5.02955,-0.650943,-0.965643
5.11685,-0.733476,-0.921417
5.20549,-0.812307,-0.8535159999999999
5.2958,-0.885417,-0.762124
5.3861,-0.949421,-0.652866
5.47641,-1.00301,-0.532941
5.56672,-1.04562,-0.411152
5.644019999999999,-1.0735299999999999,-0.31216700000000003
5.7213199999999995,-1.09414,-0.223075
5.79862,-1.10836,-0.147238
5.87592,-1.11729,-0.0863816
5.95322,-1.1221,-0.0406287
6.03052,-1.1239299999999999,-0.00878138
6.107819999999999,-1.1237700000000002,0.0112671
6.1851199999999995,-1.1224299999999998,0.0220923
6.26242,-1.1205200000000002,0.026353500000000002
6.34526,-1.1183100000000001,0.026415499999999998
6.43656,-1.1159999999999999,0.024017300000000002
6.5436,-1.1135899999999999,0.021115599999999998
6.660010000000001,-1.11121,0.020505000000000002
6.77643,-1.10867,0.0237822
6.89285,-1.10552,0.030893200000000003
7.00926,-1.1013600000000001,0.0410414
7.12913,-1.0957,0.0535638
7.260669999999999,-1.08768,0.0685048
7.39221,-1.0776700000000001,0.0837528
7.52376,-1.06566,0.0987887
7.6553,-1.05169,0.113475
7.78684,-1.03582,0.127918
7.91838,-1.01804,0.142333
8.04992,-0.99836,0.156961
8.181460000000001,-0.9767290000000001,0.172018
8.312999999999999,-0.9530790000000001,0.187681
8.44454,-0.92732,0.204103
8.576080000000001,-0.899343,0.22142399999999998
8.70763,-0.8690209999999999,0.239787
8.82195,-0.840648,0.256722
8.93628,-0.810281,0.27469499999999997
9.05061,-0.777792,0.29385300000000003
9.16494,-0.743037,0.314368
9.27927,-0.70585,0.336438
9.39359,-0.666041,0.360291
9.50792,-0.62339,0.386185
9.60774,-0.583635,0.41068599999999994
9.70755,-0.541338,0.437171
9.80737,-0.49628999999999995,0.46586000000000005
9.90718,-0.448258,0.496979
10.007,-0.39699,0.530745
10.1068,-0.342211,0.567347
10.2066,-0.283631,0.606916
10.3064,-0.220952,0.649476
10.4063,-0.153881,0.694875
10.5061,-0.0821533,0.742698
10.6059,-0.00556229,0.792138
10.7115,0.08085930000000001,0.8446889999999999
10.8402,0.193545,0.905458
10.9354,0.281721,0.944449
11.0307,0.37321,0.974311
11.126,0.46693599999999996,0.99066
11.21,0.55029,0.990083
11.2941,0.632889,0.972202
11.3781,0.7131689999999999,0.9346059999999999
11.4647,0.7916,0.8741129999999999
11.5552,0.8669610000000001,0.7881779999999999
11.6456,0.933629,0.682824
11.7361,0.9901260000000001,0.564664
11.8266,1.03567,0.442263
11.9058,1.06655,0.3388
11.9849,1.0895700000000001,0.24445799999999998
12.0641,1.10562,0.16328499999999999
12.134,1.11489,0.10448199999999999
12.2038,1.1205,0.058125800000000005
12.2737,1.12329,0.0236586
12.3435,1.12405,-0.000207462
12.4151,1.12344,-0.015500799999999999
12.4896,1.12194,-0.023807299999999997
12.5683,1.11992,-0.026720400000000002
12.6531,1.1176700000000002,-0.0259084
12.7477,1.11534,-0.0231547
12.8629,1.11284,-0.020553799999999997
12.9763,1.1105200000000002,-0.0210222
13.0897,1.1079299999999999,-0.0252752
13.2031,1.10465,-0.0330198
13.3165,1.1003399999999999,-0.043424000000000004
13.4389,1.0942399999999999,-0.0565189
13.5703,1.0858299999999999,-0.0715642
13.7016,1.0754299999999999,-0.08677560000000001
13.833,1.06305,-0.101722
13.9643,1.04872,-0.116326
14.0957,1.0325,-0.130723
14.227,1.0143799999999998,-0.14514100000000002
14.3584,0.9943569999999999,-0.159815
14.4897,0.972377,-0.174953
14.6211,0.948368,-0.190727
14.7524,0.9222370000000001,-0.20728400000000002
14.8838,0.8938729999999999,-0.224764
15.0151,0.863144,-0.243312
15.1289,0.834493,-0.260375
15.2427,0.803841,-0.278495
15.3565,0.771061,-0.297822
15.4704,0.736003,-0.31853000000000004
15.5842,0.6985020000000001,-0.340821
15.698,0.658363,-0.364925
15.8118,0.6153649999999999,-0.39110100000000003
15.9113,0.575225,-0.415918
16.0108,0.532517,-0.442749
16.1103,0.48703,-0.471817
16.2098,0.438529,-0.5033449999999999
16.3093,0.38676,-0.537543
16.4089,0.331447,-0.574591
16.5084,0.2723,-0.614603
16.6079,0.20902300000000001,-0.657574
16.7074,0.14132999999999998,-0.7033159999999999
16.8069,0.0689645,-0.751356
16.9064,-0.00826123,-0.80081
17.0139,-0.09722289999999999,-0.854131
17.1259,-0.19586099999999998,-0.90659
17.2214,-0.28430700000000003,-0.9454530000000001
17.3168,-0.376051,-0.975035
17.4123,-0.47000299999999995,-0.9909110000000001
17.4963,-0.553375,-0.9897469999999999
17.5804,-0.635937,-0.971165
17.6645,-0.716117,-0.932789
17.7512,-0.794515,-0.871339
17.8416,-0.869552,-0.78465
17.9321,-0.935841,-0.678754
18.0225,-0.9919290000000001,-0.560347
18.1129,-1.03706,-0.43802399999999997
18.1918,-1.0675299999999999,-0.335173
18.2707,-1.0902,-0.241556
18.3496,-1.1059999999999999,-0.161119
18.4286,-1.11604,-0.0960677
18.5075,-1.1215700000000002,-0.046838300000000006
18.5864,-1.12382,-0.0123655
18.6653,-1.12386,0.00947747
18.7442,-1.12258,0.0213898
18.8231,-1.12067,0.0262055
18.9056,-1.11847,0.026508999999999998
18.9962,-1.11616,0.0242225
19.1016,-1.1137700000000001,0.0212824
19.2192,-1.11135,0.0204345
19.3369,-1.10881,0.023517
19.4545,-1.1056700000000002,0.030536900000000002
19.5721,-1.1015,0.040696800000000005
19.6916,-1.09591,0.0531361
19.8232,-1.08794,0.0680602
19.9548,-1.07799,0.0833136
20.0864,-1.06603,0.0983638
20.2179,-1.05211,0.11306400000000001
20.3495,-1.0362799999999999,0.12751600000000002
20.4811,-1.0185600000000001,0.141933
20.6127,-0.998923,0.156557
20.7443,-0.977339,0.171604
20.8759,-0.953736,0.187254
21.0074,-0.928026,0.20365999999999998
21.139,-0.9001,0.22096100000000002
21.2706,-0.8698309999999999,0.239301
21.385,-0.8414959999999999,0.25621900000000003
21.4994,-0.811168,0.27417199999999997
21.6138,-0.77872,0.293306
21.7282,-0.744007,0.313795
21.8426,-0.706863,0.335835
21.956999999999997,-0.667099,0.359653
22.0714,-0.624496,0.385509
22.1713,-0.5847939999999999,0.409967
22.2711,-0.542554,0.436404
22.371,-0.497565,0.465041
22.4709,-0.44959799999999994,0.49610299999999996
22.5707,-0.398398,0.52981
22.6706,-0.34369299999999997,0.566351
22.7704,-0.285191,0.605859
22.8703,-0.222595,0.64836
22.9701,-0.15561,0.693711
23.07,-0.0839692,0.741502
23.1699,-0.0074659999999999995,0.790937
23.2752,0.07862899999999999,0.8433879999999999
23.4026,0.19001099999999999,0.9037209999999999
23.4983,0.278431,0.9431579999999999
23.594,0.370224,0.973535
23.6897,0.464317,0.990431
23.7738,0.547674,0.99035
23.8578,0.630321,0.9730530000000001
23.9419,0.7107020000000001,0.9361010000000001
24.0283,0.789165,0.8763989999999999
24.1188,0.8647950000000001,0.791096
24.2093,0.9317780000000001,0.6861970000000001
24.2998,0.988617,0.568249
24.3903,1.03451,0.44578999999999996
24.4697,1.06574,0.341816
24.5492,1.08904,0.246871
24.6286,1.1053,0.165081
24.6984,1.11469,0.105929
24.7683,1.12039,0.0592295
24.8381,1.12325,0.0244482
24.908,1.12405,0.000313077
24.9795,1.12347,-0.0151898
25.0539,1.12198,-0.023662700000000002
25.1325,1.11998,-0.0266986
25.2171,1.11773,-0.0259637
25.3114,1.1154,-0.023237
25.4256,1.1129200000000001,-0.0205966
25.5392,1.11059,-0.0209534
25.6529,1.10801,-0.0251038
25.7665,1.10475,-0.0327768
25.8801,1.10046,-0.043144699999999994
26.0022,1.09441,-0.0561727
26.1336,1.08605,-0.0712068
26.2649,1.0757,-0.08642230000000001
26.3963,1.06336,-0.101378
26.5276,1.04908,-0.11599000000000001
26.659000000000002,1.0328899999999999,-0.130392
26.7904,1.01482,-0.144808
26.9217,0.9948370000000001,-0.159475
27.0531,0.9729,-0.174602
27.1845,0.9489360000000001,-0.190361
27.3158,0.922852,-0.20690100000000003
27.4472,0.8945360000000001,-0.224359
27.5786,0.863859,-0.242883
27.6924,0.835241,-0.25993099999999997
27.8063,0.804624,-0.278033
27.9202,0.771879,-0.29733899999999996
28.034000000000002,0.736859,-0.318024
28.1479,0.699395,-0.34028800000000003
28.2618,0.659296,-0.364361
28.3756,0.616341,-0.39050300000000004
28.4752,0.576248,-0.41528100000000007
28.5747,0.53359,-0.44206999999999996
28.6743,0.48815600000000003,-0.471092
28.7738,0.439713,-0.5025689999999999
28.8734,0.388004,-0.5367149999999999
28.9729,0.332756,-0.573709
29.0725,0.273679,-0.613667
29.171999999999997,0.210475,-0.656589
29.2716,0.14285699999999998,-0.70229
29.3711,0.0705692,-0.750305
29.4707,-0.00657949,-0.79976
29.5779,-0.0952148,-0.852982
29.6907,-0.194415,-0.905884
29.7863,-0.28293,-0.9449190000000001
29.8819,-0.374768,-0.974709
29.9775,-0.468836,-0.990818
30.0615,-0.552208,-0.989877
30.1456,-0.63479,-0.971558
30.2297,-0.715014,-0.933473
30.3163,-0.793425,-0.872381
30.4068,-0.868584,-0.785974
30.4972,-0.9350149999999999,-0.680279
30.5877,-0.9912559999999999,-0.561962
30.6781,-1.03655,-0.439609
30.7571,-1.06716,-0.336529
30.8361,-1.08997,-0.242642
30.9151,-1.10585,-0.16193
30.9942,-1.11596,-0.0966279
31.0732,-1.12154,-0.0471924
31.1522,-1.12381,-0.012565799999999998
31.2312,-1.12386,0.00938025
31.3102,-1.12259,0.0213533
31.3892,-1.12068,0.0261983
31.4717,-1.11848,0.0265132
31.5623,-1.11617,0.024232
31.6676,-1.11378,0.021290299999999998
31.7853,-1.1113600000000001,0.0204318
31.903000000000002,-1.10881,0.023505599999999998
32.0206,-1.1056700000000002,0.0305217
32.1383,-1.10151,0.0406827
32.2578,-1.09592,0.05311849999999999
32.3894,-1.08796,0.06804199999999999
32.521,-1.078,0.0832956
32.6526,-1.0660399999999999,0.0983464
32.7842,-1.05213,0.113048
32.9158,-1.0363,0.127499
33.0473,-1.0185799999999998,0.14191700000000002
33.1789,-0.9989459999999999,0.156541
33.3105,-0.9773639999999999,0.171587
33.4421,-0.9537629999999999,0.187237
33.5737,-0.928055,0.20364200000000002
33.7053,-0.9001309999999999,0.220942
33.8368,-0.869864,0.23928200000000002
33.9513,-0.8415299999999999,0.256198
34.0657,-0.811204,0.27415
34.1801,-0.7787569999999999,0.293284
34.2945,-0.744046,0.313771
34.4089,-0.706904,0.33581
34.5233,-0.667142,0.359628
34.6377,-0.624541,0.385481
34.7375,-0.5848409999999999,0.409937
34.8374,-0.542603,0.43637299999999996
34.9373,-0.49761700000000003,0.465008
35.0371,-0.44965200000000005,0.496068
35.137,-0.398456,0.529772
35.2368,-0.34375300000000003,0.566311
35.3367,-0.28525500000000004,0.605816
35.4365,-0.22266100000000003,0.648315
35.5364,-0.15567999999999999,0.6936640000000001
35.6363,-0.08404299999999999,0.741453
35.7361,-0.007543300000000001,0.790888
35.8415,0.0785385,0.8433350000000001
35.9689,0.18987,0.903651
36.0646,0.2783,0.943106
36.1603,0.370105,0.973504
36.256,0.464212,0.9904209999999999
36.34,0.54757,0.99036
36.4241,0.630219,0.973087
36.5081,0.710603,0.93616
36.5945,0.789068,0.87649
36.685,0.8647090000000001,0.791212
36.7756,0.9317040000000001,0.686331
36.8661,0.988557,0.568392
36.9566,1.03446,0.44593
37.036,1.06571,0.341936
37.1154,1.08902,0.246966
37.1949,1.1052899999999999,0.165152
37.2647,1.11468,0.105986
37.3346,1.12038,0.059273400000000004
37.4044,1.12324,0.0244796
37.4743,1.12405,0.000333805
37.5458,1.12347,-0.0151774
37.6202,1.12199,-0.0236569
37.6987,1.11998,-0.026697700000000005
37.7834,1.11773,-0.0259658
37.8776,1.1154,-0.023240200000000003
37.9918,1.1129200000000001,-0.0205983
38.1055,1.1106,-0.0209507
38.2191,1.10802,-0.0250972
38.3327,1.10476,-0.0327674
38.4464,1.10047,-0.0431339
38.5684,1.0944200000000002,-0.0561592
38.6998,1.08606,-0.0711929
38.8312,1.07571,-0.0864086
38.9625,1.0633700000000001,-0.101365
39.0939,1.0490899999999999,-0.115977
39.2253,1.03291,-0.130379
39.3566,1.01484,-0.144795
39.488,0.994856,-0.159462
39.6194,0.9729200000000001,-0.17458800000000002
39.7507,0.948958,-0.19034700000000002
39.8821,0.922876,-0.20688600000000001
40.0135,0.8945620000000001,-0.22434400000000002
40.1448,0.863886,-0.242867
40.2587,0.8352700000000001,-0.259914
40.3726,0.804655,-0.278015
40.4864,0.771911,-0.297321
40.6003,0.736892,-0.318004
40.7142,0.69943,-0.340267
40.828,0.6593319999999999,-0.36433899999999997
40.9419,0.616378,-0.39048
41.0415,0.576287,-0.415256
41.141000000000005,0.533632,-0.44204399999999994
41.2406,0.4882,-0.47106400000000004
41.3401,0.439758,-0.5025390000000001
41.4397,0.38805300000000004,-0.536683
41.5392,0.332807,-0.573675
41.6388,0.27373200000000003,-0.613631
41.7383,0.210531,-0.656551
41.8379,0.14291600000000002,-0.70225
41.9374,0.0706314,-0.750264
42.037,-0.00651437,-0.799719
42.1442,-0.09513710000000002,-0.852938
42.257,-0.19435999999999998,-0.905857
42.3526,-0.282877,-0.9448989999999999
42.4482,-0.374718,-0.9746969999999999
42.5438,-0.46879099999999996,-0.990814
42.6279,-0.552163,-0.9898819999999999
42.7119,-0.634746,-0.9715729999999999
42.79600000000001,-0.714971,-0.933499
42.8827,-0.793383,-0.8724209999999999
42.9731,-0.868547,-0.786024
43.0635,-0.934983,-0.680337
43.153999999999996,-0.9912299999999999,-0.562025
43.2444,-1.03653,-0.43967
43.3235,-1.06715,-0.336582
43.4025,-1.08996,-0.24268299999999998
43.4815,-1.10585,-0.161961
43.5605,-1.11596,-0.0966494
43.6395,-1.12154,-0.047206
43.7185,-1.12381,-0.0125735
43.7975,-1.12386,0.00937653
43.8766,-1.12259,0.0213519
43.9556,-1.12068,0.026198000000000003
44.0381,-1.11848,0.026513299999999997
44.1286,-1.11617,0.0242323
44.233999999999995,-1.11378,0.021290599999999996
44.3517,-1.1113600000000001,0.0204317
44.4693,-1.1088200000000001,0.0235052
44.586999999999996,-1.1056700000000002,0.030521100000000002
44.7047,-1.10151,0.040682199999999995
44.8242,-1.09592,0.053117899999999996
44.9558,-1.08796,0.0680413
45.0874,-1.078,0.08329500000000001
45.2189,-1.0660399999999999,0.09834580000000001
45.3505,-1.05213,0.11304700000000001
45.4821,-1.0363,0.127498
45.6137,-1.0185799999999998,0.14191600000000001
45.7453,-0.9989469999999999,0.15654
45.8769,-0.9773639999999999,0.171587
46.0085,-0.953764,0.18723599999999999
46.14,-0.928056,0.20364100000000002
46.2716,-0.9001319999999999,0.220941
46.4032,-0.869865,0.239281
46.5176,-0.841532,0.256198
46.632,-0.8112050000000001,0.274149
46.7464,-0.778759,0.293283
46.8608,-0.7440479999999999,0.313771
46.9752,-0.706906,0.335809
47.0896,-0.667143,0.359627
47.20399999999999,-0.624542,0.38548000000000004
47.3039,-0.584843,0.40993599999999997
47.4038,-0.542605,0.436371
47.5036,-0.497619,0.46500600000000003
47.6035,-0.449654,0.496067
47.7033,-0.398458,0.529771
47.8032,-0.34375500000000003,0.5663090000000001
47.9031,-0.28525700000000004,0.6058140000000001
48.0029,-0.222664,0.648313
48.1028,-0.155682,0.693662
48.2026,-0.0840458,0.741452
48.3025,-0.00754621,0.790886
48.4078,0.07853510000000001,0.843333
48.5352,0.189864,0.903648
48.6309,0.27829499999999996,0.943104
48.7266,0.370101,0.9735030000000001
48.8223,0.464208,0.9904209999999999
48.9064,0.547566,0.990361
48.9904,0.630215,0.973088
49.0745,0.7106,0.936162
49.1609,0.789065,0.8764930000000001
49.2514,0.864706,0.791216
49.3419,0.931701,0.686336
49.4324,0.988555,0.568397
49.523,1.03446,0.44593599999999994
49.6024,1.06571,0.341941
49.6818,1.08902,0.24697
49.7612,1.1052899999999999,0.165155
49.8311,1.11468,0.10598800000000001
49.9009,1.12038,0.059275
49.9708,1.12324,0.0244807
50.0406,1.12405,0.000334584
50.1122,1.12347,-0.0151769
50.1866,1.12199,-0.0236567
50.2651,1.11998,-0.026697700000000005
50.3497,1.11773,-0.0259659
50.443999999999996,1.1154,-0.0232404
50.5582,1.1129200000000001,-0.0205984
50.6718,1.1106,-0.020950599999999996
50.7855,1.10802,-0.025096900000000002
50.8991,1.10476,-0.032767000000000004
51.0127,1.10047,-0.0431335
51.1348,1.0944200000000002,-0.0561587
51.2662,1.08606,-0.0711924
51.3975,1.07571,-0.086408
51.5289,1.0633700000000001,-0.101364
51.6603,1.0490899999999999,-0.115977
51.7916,1.03291,-0.130378
51.923,1.01484,-0.144794
52.0544,0.994856,-0.159461
52.1857,0.9729209999999999,-0.17458800000000002
52.3171,0.948959,-0.19034600000000002
52.4485,0.922876,-0.20688499999999999
52.5798,0.8945629999999999,-0.224343
52.7112,0.8638870000000001,-0.242866
52.8251,0.8352719999999999,-0.259913
52.9389,0.804656,-0.278015
53.0528,0.771912,-0.29732
53.1667,0.736893,-0.318004
53.2805,0.699431,-0.340266
53.3944,0.659334,-0.364338
53.5083,0.61638,-0.390479
53.6078,0.576289,-0.41525500000000004
53.7074,0.533633,-0.442043
53.8069,0.488201,-0.471063
53.9065,0.43976000000000004,-0.502538
54.006,0.388054,-0.536682
54.1056,0.332809,-0.573674
54.2051,0.27373400000000003,-0.613629
54.3047,0.210533,-0.6565489999999999
54.4042,0.14291800000000002,-0.702249
54.5038,0.0706337,-0.750263
54.6034,-0.00651193,-0.799717
54.7106,-0.0951342,-0.852936
54.8234,-0.194357,-0.905856
54.919,-0.282875,-0.9448979999999999
55.0146,-0.374717,-0.9746959999999999
55.1101,-0.46879,-0.990814
55.1942,-0.552161,-0.9898819999999999
55.2783,-0.634744,-0.9715739999999999
55.3624,-0.71497,-0.9335
55.449,-0.7933819999999999,-0.872423
55.5395,-0.8685450000000001,-0.786026
55.6299,-0.934982,-0.68034
55.7204,-0.9912290000000001,-0.562027
55.8108,-1.03652,-0.439673
55.8898,-1.06715,-0.336584
55.9688,-1.08996,-0.24268499999999998
56.0478,-1.10585,-0.161962
56.1269,-1.11596,-0.09665019999999999
56.2059,-1.12154,-0.0472065
56.2849,-1.12381,-0.0125738
56.3639,-1.12386,0.00937639
56.4429,-1.12259,0.0213518
56.5219,-1.12068,0.026198000000000003
56.6045,-1.11848,0.026513299999999997
56.695,-1.11617,0.0242323
56.8004,-1.11378,0.021290700000000003
56.918,-1.1113600000000001,0.0204317
57.0357,-1.1088200000000001,0.023505099999999998
57.1534,-1.1056700000000002,0.030521100000000002
57.271,-1.10151,0.040682199999999995
57.3906,-1.09592,0.053117899999999996
57.5221,-1.08796,0.0680413
57.6537,-1.078,0.08329489999999999
57.7853,-1.0660399999999999,0.0983457
57.9169,-1.05213,0.11304700000000001
58.0485,-1.0363,0.127498
58.1801,-1.0185799999999998,0.14191600000000001
58.3117,-0.9989469999999999,0.15654
58.4432,-0.9773649999999999,0.171587
58.5748,-0.953764,0.18723599999999999
58.7064,-0.928056,0.20364100000000002
58.838,-0.9001319999999999,0.220941
58.9696,-0.869865,0.239281
59.083999999999996,-0.841532,0.256198
59.1984,-0.8112050000000001,0.274149
59.3128,-0.778759,0.293283
59.4272,-0.7440479999999999,0.31377
59.5416,-0.706906,0.335809
59.656000000000006,-0.667143,0.359627
59.7704,-0.624542,0.38548000000000004
59.8703,-0.584843,0.40993599999999997
59.9701,-0.542605,0.436371
60.07,-0.497619,0.46500600000000003
60.1699,-0.449654,0.496067
60.2697,-0.398458,0.529771
60.3696,-0.34375500000000003,0.5663090000000001
60.4694,-0.28525700000000004,0.6058140000000001
60.5693,-0.222664,0.648313
60.6691,-0.155682,0.693662
60.769,-0.08404589999999999,0.741452
60.8689,-0.00754632,0.790886
60.9742,0.07853500000000001,0.843333
61.1016,0.189864,0.903648
61.1973,0.27829499999999996,0.943104
61.293,0.370101,0.9735030000000001
61.3887,0.464208,0.9904209999999999
61.4728,0.547566,0.990361
61.5568,0.630215,0.973088
61.6409,0.710599,0.936162
61.7273,0.789064,0.8764930000000001
61.8178,0.864705,0.791216
61.9083,0.931701,0.686336
61.9988,0.988554,0.568397
62.0893,1.03446,0.44593599999999994
62.1688,1.06571,0.341941
62.2482,1.08902,0.24697
62.3276,1.1052899999999999,0.165155
62.3975,1.11468,0.10598800000000001
62.4673,1.12038,0.0592751
62.5372,1.12324,0.0244808
62.607,1.12405,0.00033461300000000004
62.6785,1.12347,-0.0151769
62.7529,1.12199,-0.0236567
62.8315,1.11998,-0.026697700000000005
62.9161,1.11773,-0.0259659
63.0104,1.1154,-0.0232404
63.1246,1.1129200000000001,-0.0205984
63.2382,1.1106,-0.020950599999999996
63.3518,1.10802,-0.025096900000000002
63.4655,1.10476,-0.032767000000000004
63.5791,1.10047,-0.0431335
63.7012,1.0944200000000002,-0.0561587
63.8325,1.08606,-0.0711924
63.9639,1.07571,-0.086408
64.0953,1.0633700000000001,-0.101364
64.2266,1.0490899999999999,-0.115977
64.358,1.03291,-0.130378
64.4894,1.01484,-0.144794
64.6207,0.994856,-0.159461
64.7521,0.9729209999999999,-0.17458800000000002
64.8835,0.948959,-0.19034600000000002
65.0148,0.922876,-0.20688499999999999
65.1462,0.8945629999999999,-0.224343
65.2776,0.8638870000000001,-0.242866
65.3914,0.8352719999999999,-0.259913
65.5053,0.804656,-0.278015
65.6192,0.771912,-0.29732
65.733,0.736893,-0.318004
65.8469,0.699431,-0.340266
65.9608,0.659334,-0.364338
66.0746,0.61638,-0.390479
66.1742,0.576289,-0.41525500000000004
66.2737,0.533633,-0.442043
66.3733,0.488201,-0.471063
66.4729,0.43976000000000004,-0.502538
66.5724,0.388054,-0.5366810000000001
66.672,0.332809,-0.573674
66.7715,0.27373400000000003,-0.613629
66.8711,0.210533,-0.6565489999999999
66.9706,0.14291800000000002,-0.702249
67.0702,0.07063380000000001,-0.750263
67.1697,-0.00651183,-0.799717
67.277,-0.0951341,-0.852936
67.3897,-0.194357,-0.905855
67.4853,-0.282875,-0.9448979999999999
67.5809,-0.374716,-0.9746959999999999
67.6765,-0.46879,-0.990814
67.7606,-0.552161,-0.9898819999999999
67.8447,-0.634744,-0.9715739999999999
67.9287,-0.71497,-0.9335
68.0154,-0.7933819999999999,-0.872423
68.1058,-0.8685450000000001,-0.786026
68.1963,-0.934982,-0.68034
68.2867,-0.9912290000000001,-0.562027
68.3772,-1.03652,-0.439673
68.4562,-1.06715,-0.336584
68.5352,-1.08996,-0.24268499999999998
68.6142,-1.10585,-0.161962
68.6932,-1.11596,-0.09665019999999999
68.7722,-1.12154,-0.0472065
68.8513,-1.12381,-0.0125738
68.9303,-1.12386,0.00937639
69.0093,-1.12259,0.0213518
69.0883,-1.12068,0.026198000000000003
69.1708,-1.11848,0.026513299999999997
69.2614,-1.11617,0.0242323
69.3667,-1.11378,0.021290700000000003
69.4844,-1.1113600000000001,0.0204317
69.6021,-1.1088200000000001,0.023505099999999998
69.7197,-1.1056700000000002,0.030521100000000002
69.8374,-1.10151,0.040682199999999995
69.9569,-1.09592,0.053117899999999996
70.0885,-1.08796,0.0680413
70.2201,-1.078,0.08329489999999999
70.3517,-1.0660399999999999,0.0983457
70.4833,-1.05213,0.11304700000000001
70.6149,-1.0363,0.127498
70.7464,-1.0185799999999998,0.14191600000000001
70.878,-0.9989469999999999,0.15654
71.0096,-0.9773649999999999,0.171587
71.1412,-0.953764,0.18723599999999999
71.2728,-0.928056,0.20364100000000002
71.4044,-0.9001319999999999,0.220941
71.536,-0.869865,0.239281
71.6504,-0.841532,0.256198
71.7648,-0.8112050000000001,0.274149
71.8792,-0.778759,0.293283
71.9936,-0.7440479999999999,0.31377
72.108,-0.706906,0.335809
72.2224,-0.667143,0.359626
72.3368,-0.624542,0.38548000000000004
72.4366,-0.584843,0.40993599999999997
72.5365,-0.542605,0.436371
72.6364,-0.497619,0.46500600000000003
72.7362,-0.449654,0.496067
72.8361,-0.398458,0.529771
72.9359,-0.34375500000000003,0.5663090000000001
73.0358,-0.28525700000000004,0.6058140000000001
73.1357,-0.222664,0.648313
73.2355,-0.155682,0.693662
73.3354,-0.08404589999999999,0.741452
73.4352,-0.00754632,0.790886
73.5406,0.07853500000000001,0.843333
73.668,0.189864,0.903648
73.7637,0.27829499999999996,0.943104
73.8594,0.370101,0.9735030000000001
73.9551,0.464208,0.9904209999999999
74.0391,0.547566,0.990361
74.1232,0.630215,0.973088
74.2072,0.710599,0.936162
74.2936,0.789064,0.8764930000000001
74.3842,0.864705,0.791216
74.4747,0.931701,0.686336
74.5652,0.988554,0.568397
74.6557,1.03446,0.44593599999999994
74.7351,1.06571,0.341941
74.8145,1.08902,0.24697
74.89399999999999,1.1052899999999999,0.165155
74.9638,1.11468,0.10598800000000001
75.0337,1.12038,0.0592751
75.1035,1.12324,0.0244808
75.1734,1.12405,0.000334614
75.2449,1.12347,-0.0151769
75.3193,1.12199,-0.0236567
75.3978,1.11998,-0.026697700000000005
75.4825,1.11773,-0.0259659
75.5767,1.1154,-0.0232404
75.6909,1.1129200000000001,-0.0205984
75.8046,1.1106,-0.020950599999999996
75.9182,1.10802,-0.025096900000000002
76.0318,1.10476,-0.032767000000000004
76.1455,1.10047,-0.0431335
76.2675,1.0944200000000002,-0.0561587
76.3989,1.08606,-0.0711924
76.5303,1.07571,-0.086408
76.6616,1.0633700000000001,-0.101364
76.793,1.0490899999999999,-0.115977
76.9244,1.03291,-0.130378
77.0557,1.01484,-0.144794
77.1871,0.994856,-0.159461
77.3185,0.9729209999999999,-0.17458800000000002
77.4498,0.948959,-0.19034600000000002
77.5812,0.922876,-0.20688499999999999
77.7126,0.8945629999999999,-0.224343
77.8439,0.8638870000000001,-0.242866
77.9578,0.8352719999999999,-0.259913
78.0717,0.804656,-0.278015
78.1855,0.771912,-0.29732
78.2994,0.736893,-0.318004
78.4133,0.699431,-0.340266
78.5271,0.659334,-0.364338
78.641,0.61638,-0.390479
78.7406,0.576289,-0.41525500000000004
78.8401,0.533633,-0.442043
78.9397,0.488201,-0.471063
79.0392,0.43976000000000004,-0.502538
79.1388,0.388054,-0.5366810000000001
79.2383,0.332809,-0.573674
79.3379,0.27373400000000003,-0.613629
79.4374,0.210533,-0.6565489999999999
79.53699999999999,0.14291800000000002,-0.702249
79.6365,0.07063380000000001,-0.750263
79.7361,-0.00651183,-0.799717
79.8433,-0.0951341,-0.852936
79.9561,-0.194357,-0.905855
80.0517,-0.282875,-0.9448979999999999
80.1473,-0.374716,-0.9746959999999999
80.2429,-0.46879,-0.990814
80.327,-0.552161,-0.9898819999999999
80.411,-0.634744,-0.9715739999999999
80.4951,-0.71497,-0.9335
80.5818,-0.7933819999999999,-0.872423
80.6722,-0.8685450000000001,-0.786026
80.7627,-0.934982,-0.68034
80.8531,-0.9912290000000001,-0.562027
80.9435,-1.03652,-0.439673
81.0226,-1.06715,-0.336584
81.1016,-1.08996,-0.24268499999999998
81.1806,-1.10585,-0.161962
81.2596,-1.11596,-0.09665019999999999
81.3386,-1.12154,-0.0472065
81.4176,-1.12381,-0.0125738
81.4966,-1.12386,0.00937639
81.5757,-1.12259,0.0213518
81.6547,-1.12068,0.026198000000000003
81.7372,-1.11848,0.026513299999999997
81.8277,-1.11617,0.0242323
81.9331,-1.11378,0.021290700000000003
82.0508,-1.1113600000000001,0.0204317
82.1684,-1.1088200000000001,0.023505099999999998
82.2861,-1.1056700000000002,0.030521100000000002
82.4038,-1.10151,0.040682199999999995
82.5233,-1.09592,0.053117899999999996
82.6549,-1.08796,0.0680413
82.7865,-1.078,0.08329489999999999
82.9181,-1.0660399999999999,0.0983457
83.0496,-1.05213,0.11304700000000001
83.1812,-1.0363,0.127498
83.3128,-1.0185799999999998,0.14191600000000001
83.4444,-0.9989469999999999,0.15654
83.57600000000001,-0.9773649999999999,0.171587
83.7076,-0.953764,0.18723599999999999
83.8392,-0.928056,0.20364100000000002
83.9707,-0.9001319999999999,0.220941
84.1023,-0.869865,0.239281
84.2167,-0.841532,0.256198
84.3311,-0.8112050000000001,0.274149
84.4455,-0.778759,0.293283
84.5599,-0.7440479999999999,0.31377
84.6743,-0.706906,0.335809
84.7888,-0.667143,0.359626
84.9032,-0.624542,0.38548000000000004
85.00299999999999,-0.584843,0.40993599999999997
85.1029,-0.542605,0.436371
85.2027,-0.497619,0.46500600000000003
85.3026,-0.449654,0.496067
85.4025,-0.398458,0.529771
85.5023,-0.34375500000000003,0.5663090000000001
85.6022,-0.28525700000000004,0.6058140000000001
85.70200000000001,-0.222664,0.648313
85.8019,-0.155682,0.693662
85.9017,-0.08404589999999999,0.741452
86.0016,-0.00754632,0.790886
86.1069,0.07853500000000001,0.843333
86.2343,0.189864,0.903648
86.33,0.27829499999999996,0.943104
86.4257,0.370101,0.9735030000000001
86.5215,0.464208,0.9904209999999999
86.6055,0.547566,0.990361
86.6896,0.630215,0.973088
86.7736,0.710599,0.936162
86.86,0.789064,0.8764930000000001
86.9505,0.864705,0.791216
87.041,0.931701,0.686336
87.1316,0.988554,0.568397
87.2221,1.03446,0.44593599999999994
87.3015,1.06571,0.341941
87.3809,1.08902,0.24697
87.4603,1.1052899999999999,0.165155
87.5302,1.11468,0.10598800000000001
87.6,1.12038,0.0592751
87.6699,1.12324,0.0244808
87.7397,1.12405,0.000334614
87.8113,1.12347,-0.0151769
87.8857,1.12199,-0.0236567
87.9642,1.11998,-0.026697700000000005
88.0488,1.11773,-0.0259659
88.1431,1.1154,-0.0232404
88.2573,1.1129200000000001,-0.0205984
88.3709,1.1106,-0.020950599999999996
88.4846,1.10802,-0.025096900000000002
88.5982,1.10476,-0.032767000000000004
88.7119,1.10047,-0.0431335
88.8339,1.0944200000000002,-0.0561587
88.9653,1.08606,-0.0711924
89.0966,1.07571,-0.086408
89.228,1.0633700000000001,-0.101364
89.3594,1.0490899999999999,-0.115977
89.4907,1.03291,-0.130378
89.6221,1.01484,-0.144794
89.7535,0.994856,-0.159461
89.8848,0.9729209999999999,-0.17458800000000002
90.0162,0.948959,-0.19034600000000002
90.1476,0.922876,-0.20688499999999999
90.2789,0.8945629999999999,-0.224343
90.4103,0.8638870000000001,-0.242866
90.5242,0.8352719999999999,-0.259913
90.63799999999999,0.804656,-0.278015
90.7519,0.771912,-0.29732
90.8658,0.736893,-0.318004
90.9796,0.699431,-0.340266
91.0935,0.659334,-0.364338
91.2074,0.61638,-0.390479
91.3069,0.576289,-0.41525500000000004
91.4065,0.533633,-0.442043
91.506,0.488201,-0.471063
91.6056,0.43976000000000004,-0.502538
91.7051,0.388054,-0.5366810000000001
91.8047,0.332809,-0.573674
91.9043,0.27373400000000003,-0.613629
92.0038,0.210533,-0.6565489999999999
92.1034,0.14291800000000002,-0.702249
92.2029,0.07063380000000001,-0.750263
92.3025,-0.00651183,-0.799717
92.4097,-0.0951341,-0.852936
92.5225,-0.194357,-0.905855
92.6181,-0.282875,-0.9448979999999999
92.7137,-0.374716,-0.9746959999999999
92.8093,-0.46879,-0.990814
92.8933,-0.552161,-0.9898819999999999
92.9774,-0.634744,-0.9715739999999999
93.0615,-0.71497,-0.9335
93.1481,-0.7933819999999999,-0.872423
93.2386,-0.8685450000000001,-0.786026
93.329,-0.934982,-0.68034
93.4195,-0.9912290000000001,-0.562027
93.5099,-1.03652,-0.439673
93.5889,-1.06715,-0.336584
93.6679,-1.08996,-0.24268499999999998
93.74700000000001,-1.10585,-0.161962
93.82600000000001,-1.11596,-0.09665019999999999
93.905,-1.12154,-0.0472065
93.984,-1.12381,-0.0125738
94.06299999999999,-1.12386,0.00937639
94.14200000000001,-1.12259,0.0213518
94.221,-1.12068,0.026198000000000003
94.3036,-1.11848,0.026513299999999997
94.3941,-1.11617,0.0242323
94.4995,-1.11378,0.021290700000000003
94.6171,-1.1113600000000001,0.0204317
94.7348,-1.1088200000000001,0.023505099999999998
94.8525,-1.1056700000000002,0.030521100000000002
94.9702,-1.10151,0.040682199999999995
95.0897,-1.09592,0.053117899999999996
95.2213,-1.08796,0.0680413
95.3528,-1.078,0.08329489999999999
95.4844,-1.0660399999999999,0.0983457
95.616,-1.05213,0.11304700000000001
95.7476,-1.0363,0.127498
95.8792,-1.0185799999999998,0.14191600000000001
96.0108,-0.9989469999999999,0.15654
96.1424,-0.9773649999999999,0.171587
96.2739,-0.953764,0.18723599999999999
96.4055,-0.928056,0.20364100000000002
96.5371,-0.9001319999999999,0.220941
96.6687,-0.869865,0.239281
96.7831,-0.841532,0.256198
96.8975,-0.8112050000000001,0.274149
97.0119,-0.778759,0.293283
97.1263,-0.7440479999999999,0.31377
97.2407,-0.706906,0.335809
97.3551,-0.667143,0.359626
97.4695,-0.624542,0.38548000000000004
97.5694,-0.584843,0.40993599999999997
97.6692,-0.542605,0.436371
97.7691,-0.497619,0.46500600000000003
97.869,-0.449654,0.496067
97.9688,-0.398458,0.529771
98.0687,-0.34375500000000003,0.5663090000000001
98.1685,-0.28525700000000004,0.6058140000000001
98.2684,-0.222664,0.648313
98.3683,-0.155682,0.693662
98.4681,-0.08404589999999999,0.741452
98.568,-0.00754632,0.790886
98.6733,0.07853500000000001,0.843333
98.8007,0.189864,0.903648
98.8964,0.27829499999999996,0.943104
98.9921,0.370101,0.9735030000000001
99.0878,0.464208,0.9904209999999999
99.1719,0.547566,0.990361
99.2559,0.630215,0.973088
99.34,0.710599,0.936162
99.4264,0.789064,0.8764930000000001
99.5169,0.864705,0.791216
99.6074,0.931701,0.686336
99.6979,0.988554,0.568397
99.7884,1.03446,0.44593599999999994
99.8679,1.06571,0.341941
99.9473,1.08902,0.24697
100.0,1.10053,0.191023
