,gamma,gamma_dot
0.13513513378378378,0.0,0.0
0.27027026756756756,0.0,0.0
0.40540540135135134,0.523958,0.523931
0.5405405351351351,0.42458100000000004,0.637698
0.675675668918919,0.329848,0.426285
0.8108108027027027,0.284615,0.37712199999999996
0.9459459364864864,0.254337,0.26953
1.0810810702702702,0.14768900000000001,0.16180799999999998
1.216216204054054,0.043528,0.0395003
1.351351337837838,0.0333375,0.0
1.4864864716216215,0.00028231400000000003,0.00184859
1.6216216054054053,0.0,0.0
1.7567567391891892,0.0,0.0
1.8918918729729728,0.0,0.0
2.027027006756757,0.0,0.0
2.1621621405405405,0.0,0.0
2.297297274324324,0.0,0.0
2.432432408108108,0.0,0.0
2.5675675418918917,0.0,0.0
2.702702675675676,0.0,0.0
2.8378378094594594,0.0,0.095131
2.972972943243243,0.209558,0.0
3.108108077027027,0.0,0.0
3.2432432108108107,0.0,0.0
3.3783783445945943,0.0,0.6195890000000001
3.5135134783783784,0.499884,0.520412
3.648648612162162,0.0,0.632001
3.7837837459459456,0.363157,0.426349
3.9189188797297296,0.652275,0.36585500000000004
4.054054013513514,0.135349,0.257347
4.189189147297297,0.16656700000000002,0.15279
4.324324281081081,0.0,0.0
4.459459414864865,0.00923847,0.0
4.594594548648648,0.0,0.0
4.729729682432432,0.0,0.0
4.864864816216216,0.0,0.0
4.999999949999999,0.0,0.0
5.1351350837837835,0.0,0.0
5.2702702175675675,0.0,0.0
5.405405351351352,0.0,0.0
5.540540485135135,0.0,0.0
5.675675618918919,0.0,0.0
5.810810752702703,0.0,0.0
5.945945886486486,0.0,0.200375
6.08108102027027,0.21835700000000002,0.0
6.216216154054054,0.0,0.0
6.351351287837837,0.0,0.0
6.486486421621621,0.575335,0.0
6.621621555405405,0.511266,0.652807
6.756756689189189,0.6708970000000001,0.628963
6.891891822972973,0.466814,0.42669799999999997
7.027026956756757,0.297388,0.36635500000000004
7.16216209054054,0.19371300000000002,0.259334
7.297297224324324,0.07482739999999999,0.151896
7.432432358108108,0.061441499999999996,0.0
7.567567491891891,0.00950926,0.00557395
7.702702625675675,0.0,0.00197311
7.837837759459459,0.0,0.0
7.972972893243243,0.0,0.0
8.108108027027027,0.0,0.0
8.24324316081081,0.0,0.0
8.378378294594594,0.0,0.0
8.513513428378378,0.0,0.0
8.648648562162162,0.0,0.0
8.783783695945946,0.0,0.0
8.91891882972973,0.0,0.0
9.054053963513514,0.0,0.09418639999999999
9.189189097297296,0.209249,0.0
9.32432423108108,0.0,0.0
9.459459364864864,0.0,0.0
9.594594498648648,0.0,0.619318
9.729729632432432,0.0,0.654096
9.864864766216217,0.46414099999999997,0.629847
9.999999899999999,0.360277,0.42626499999999995
10.135135033783783,0.468707,0.3571
10.270270167567567,0.0,0.255379
10.405405301351351,0.032018200000000004,0.151835
10.540540435135135,0.010414299999999998,0.041626800000000005
10.675675568918919,0.013143700000000001,0.00561724
10.810810702702703,0.0,0.0
10.945945836486485,0.0,0.0
11.08108097027027,0.0,0.0
11.216216104054054,0.0,0.0
11.351351237837838,0.0,0.0
11.486486371621622,0.0,0.0
11.621621505405406,0.0,0.0
11.756756639189188,0.0,0.0
11.891891772972972,0.0,0.0
12.027026906756756,0.0,0.0
12.16216204054054,0.0,0.0940579
12.297297174324324,0.217507,0.0
12.432432308108108,0.0,0.0
12.56756744189189,0.0,0.0
12.702702575675675,0.562084,0.0
12.837837709459459,0.509996,0.652016
12.972972843243243,0.753139,0.628146
13.108107977027027,0.349475,0.42711000000000005
13.24324311081081,0.29837800000000003,0.363902
13.378378244594595,0.19367,0.257373
13.513513378378377,0.157256,0.15082
13.648648512162161,0.061707500000000005,0.0390029
13.783783645945945,0.0778744,0.0055305
13.91891877972973,0.019732,0.0
14.054053913513513,0.0,0.0
14.189189047297297,0.0,0.0
14.32432418108108,0.0,0.0
14.459459314864864,0.0,0.0
14.594594448648648,0.0,0.0
14.729729582432432,0.0,0.0
14.864864716216216,0.0,0.0
14.99999985,0.0,0.0
15.135134983783782,0.0,0.0
15.270270117567566,0.0,0.0942539
15.40540525135135,0.20758800000000002,0.0
15.540540385135134,0.0,0.0
15.675675518918919,0.0,0.0
15.810810652702703,0.582615,0.618459
15.945945786486487,0.324291,0.652932
16.08108092027027,0.43837600000000004,0.629473
16.216216054054055,0.266096,0.41545200000000004
16.35135118783784,0.6379319999999999,0.36454000000000003
16.48648632162162,0.0343215,0.25411500000000004
16.621621455405403,0.032291900000000005,0.15073499999999998
16.756756589189187,0.0986087,0.0
16.89189172297297,0.0,0.0
17.027026856756756,0.000339049,0.0
17.16216199054054,0.0,0.0
17.297297124324324,0.0,0.0
17.432432258108108,0.0,0.0
17.56756739189189,0.0,0.0
17.702702525675676,0.0,0.0
17.83783765945946,0.0,0.0
17.972972793243244,0.0,0.0
18.108107927027028,0.0,0.0
18.24324306081081,0.0,0.0
18.378378194594593,0.0,0.0942385
18.513513328378377,0.21641,0.0
18.64864846216216,0.0,0.0
18.783783595945945,0.46138199999999996,0.0
18.91891872972973,0.557916,0.0
19.054053863513513,0.508601,0.650533
19.189188997297297,0.6770010000000001,0.512422
19.32432413108108,0.348373,0.5008130000000001
19.459459264864865,0.28565999999999997,0.363588
19.59459439864865,0.320627,0.256135
19.729729532432433,0.157462,0.149587
19.864864666216217,0.0969907,0.040787699999999996
19.999999799999998,0.030481599999999998,0.0
20.13513493378378,0.000292428,0.00195052
20.270270067567566,0.0,0.0
20.40540520135135,0.0,0.0
20.540540335135134,0.0,0.0
20.675675468918918,0.0,0.0
20.810810602702702,0.0,0.0
20.945945736486486,0.0,0.0
21.08108087027027,0.0,0.0
21.216216004054054,0.0,0.0
21.351351137837838,0.0,0.0
21.486486271621622,0.0,0.0942409
21.621621405405406,0.205827,0.0
21.756756539189187,0.0,0.0
21.89189167297297,0.409267,0.0
22.027026806756755,0.5477609999999999,0.617922
22.16216194054054,0.423205,0.651532
22.297297074324323,0.44097,0.51222
22.432432208108107,0.408582,0.503305
22.56756734189189,0.262783,0.355508
22.702702475675675,0.034819499999999996,0.25241399999999997
22.83783760945946,0.120467,0.149518
22.972972743243243,0.0672891,0.0411307
23.108107877027027,0.0,0.0287936
23.24324301081081,0.000301483,2.6621300000000002e-05
23.378378144594592,0.0,0.0
23.513513278378376,0.0,0.0
23.64864841216216,0.0,0.0
23.783783545945944,0.0,0.0
23.918918679729728,0.0,0.0
24.054053813513512,0.0,0.0
24.189188947297296,0.0,0.0
24.32432408108108,0.0,0.0
24.459459214864864,0.0,0.0
24.59459434864865,0.0,0.094194
24.729729482432433,0.21453899999999998,0.0
24.864864616216217,0.0,0.0
24.99999975,0.41435299999999997,0.0
25.13513488378378,0.584515,0.0
25.270270017567565,0.507139,0.649758
25.40540515135135,0.627544,0.512362
25.540540285135133,0.347992,0.500718
25.675675418918917,0.285806,0.354245
25.8108105527027,0.319024,0.254511
25.945945686486485,0.15733699999999998,0.0957202
26.08108082027027,0.155162,0.112623
26.216215954054054,0.0256796,0.0
26.351351087837838,0.00606695,0.0
26.48648622162162,0.0,0.0
26.621621355405406,0.0,0.0
26.75675648918919,0.0,0.0
26.89189162297297,0.0,0.0
27.027026756756754,0.0,0.0
