,x,xdot
1e-06,4.16666e-19,1.2500000000000001e-12
6e-06,8.999969999999999e-17,4.49998e-11
3.1e-05,1.24127e-14,1.2012200000000001e-09
0.000156,1.5816899999999999e-12,3.0416e-08
0.000781,1.98395e-10,7.61955e-07
0.003906,2.477e-08,1.90091e-05
0.019531,3.06665e-06,0.000469128
0.09765599999999999,0.000365131,0.0109895
0.200997,0.00298573,0.042712
0.31191599999999997,0.010417200000000001,0.09374389999999999
0.42840200000000006,0.025111900000000003,0.160305
0.551187,0.04956459999999999,0.239006
0.68198,0.0865466,0.326718
0.82411,0.139709,0.42068
0.986182,0.216061,0.519519
1.15441,0.31103400000000003,0.6064970000000001
1.32263,0.41894,0.672574
1.46536,0.517798,0.7096060000000001
1.60809,0.6206010000000001,0.7277
1.75082,0.72459,0.726144
1.89355,0.826944,0.704814
2.03628,0.9248629999999999,0.664118
2.17901,1.0156399999999999,0.604953
2.32174,1.09674,0.528655
2.46447,1.16582,0.436953
2.6072,1.2208299999999999,0.331913
2.74992,1.26004,0.21589
2.89265,1.28206,0.0914685
3.03538,1.28588,-0.038595300000000006
3.1781099999999998,1.27091,-0.171433
3.32309,1.23627,-0.3062
3.47515,1.17916,-0.444062
3.63927,1.09457,-0.5849850000000001
3.83,0.9685600000000001,-0.733219
4.001580000000001,0.8326370000000001,-0.847766
4.17317,0.678867,-0.940692
4.319719999999999,0.536389,-1.0006700000000002
4.46626,0.386527,-1.04124
4.61281,0.23220700000000002,-1.06139
4.75936,0.0764654,-1.06057
4.9059,-0.0776083,-1.0386600000000001
5.05245,-0.22694499999999998,-0.996014
5.199,-0.368559,-0.9334450000000001
5.34554,-0.499618,-0.85219
5.49209,-0.617498,-0.7539
5.6386400000000005,-0.719847,-0.6405930000000001
5.78518,-0.804632,-0.5146189999999999
5.93173,-0.870187,-0.378603
6.07828,-0.9152469999999999,-0.235391
6.224819999999999,-0.938974,-0.0879875
6.37137,-0.940982,0.0605071
6.517919999999999,-0.9213389999999999,0.20696599999999998
6.67328,-0.877467,0.356568
6.8437600000000005,-0.803417,0.509904
7.057739999999999,-0.675612,0.679843
7.21984,-0.5564140000000001,0.7875449999999999
7.381939999999999,-0.421444,0.874009
7.54403,-0.274335,0.9370129999999999
7.6829,-0.14163,0.971094
7.82177,-0.005509,0.986133
7.96064,0.13136099999999998,0.981865
8.09951,0.266301,0.958392
8.23837,0.396673,0.9161879999999999
8.377239999999999,0.51993,0.856083
8.516110000000001,0.633664,0.7792520000000001
8.65498,0.7356520000000001,0.687191
8.79385,0.8238989999999999,0.581687
8.93272,0.8966790000000001,0.46478500000000006
9.07158,0.952564,0.338751
9.21045,0.990452,0.206023
9.34932,1.00959,0.0691672
9.48984,1.00948,-0.0708141
9.63552,0.988656,-0.214575
9.78922,0.944307,-0.361414
9.956489999999999,0.8711209999999999,-0.511601
10.1574,0.7517189999999999,-0.672982
10.3241,0.629785,-0.786722
10.4908,0.490659,-0.8787870000000001
10.636,0.358427,-0.9393100000000001
10.7812,0.218823,-0.9801479999999999
10.9264,0.0747727,-1.00044
11.0716,-0.0707023,-0.99974
11.2168,-0.21455100000000002,-0.9780709999999999
11.362,-0.35375500000000004,-0.9358799999999999
11.5072,-0.485393,-0.87405
11.6524,-0.606703,-0.793878
11.7976,-0.71514,-0.697049
11.9429,-0.8084279999999999,-0.585596
12.0881,-0.884611,-0.461862
12.2333,-0.942091,-0.328448
12.3785,-0.979664,-0.18816
12.5237,-0.9965450000000001,-0.0439473
12.6689,-0.992384,0.10115700000000001
12.8167,-0.966625,0.24665700000000002
12.9733,-0.916309,0.39477399999999996
13.1461,-0.8347479999999999,0.5468649999999999
13.339,-0.714353,0.6972079999999999
13.502,-0.591783,0.8041699999999999
13.6649,-0.453491,0.889809
13.8278,-0.303141,0.9518610000000001
13.9666,-0.168479,0.984875
14.1055,-0.0305459,0.998921
14.2443,0.108003,0.9937290000000001
14.3831,0.2445,0.9694
14.522,0.376315,0.9264040000000001
14.6608,0.500911,0.865567
14.7996,0.615888,0.788063
14.9385,0.719032,0.695383
15.0773,0.808357,0.5893109999999999
15.2162,0.882142,0.47189
15.355,0.938967,0.345379
15.4938,0.977736,0.21221500000000001
15.6327,0.997704,0.074959
15.7732,0.998375,-0.06542759999999999
15.9189,0.9783069999999999,-0.20958200000000002
16.0726,0.9346909999999999,-0.35680700000000004
16.2399,0.862233,-0.5073840000000001
16.4409,0.743584,-0.66922
16.6075,0.6222770000000001,-0.783224
16.7742,0.48373999999999995,-0.875532
16.9194,0.351973,-0.936258
17.0646,0.21280700000000002,-0.977283
17.2098,0.06916889999999999,-0.9977440000000001
17.355,-0.0759184,-0.9972110000000001
17.5002,-0.21940199999999999,-0.975693
17.6454,-0.358263,-0.933644
17.7906,-0.48957799999999996,-0.871948
17.9358,-0.610585,-0.791905
18.081,-0.718738,-0.6951970000000001
18.2262,-0.81176,-0.58386
18.3714,-0.8876940000000001,-0.46023800000000004
18.5166,-0.944943,-0.32693099999999997
18.6618,-0.982301,-0.186746
18.807000000000002,-0.998983,-0.0426319
18.9522,-0.9946379999999999,0.102378
19.1,-0.9687040000000001,0.247798
19.2566,-0.918214,0.395838
19.4294,-0.836469,0.547851
19.6223,-0.715918,0.6980729999999999
19.7852,-0.593218,0.804958
19.9481,-0.454808,0.8905270000000001
20.111,-0.30435300000000004,0.9525129999999999
20.2499,-0.169606,0.985476
20.3887,-0.0315934,0.999475
20.5275,0.107028,0.994238
20.6664,0.24359099999999997,0.9698680000000001
20.8052,0.375467,0.926832
20.944000000000003,0.500119,0.8659600000000001
21.0829,0.615147,0.788423
21.2217,0.718338,0.695712
21.3606,0.807705,0.589613
21.4994,0.8815299999999999,0.472167
21.6382,0.938391,0.345634
21.7771,0.977194,0.21244899999999997
21.9159,0.997193,0.075175
22.0564,0.997892,-0.0652302
22.2021,0.977852,-0.20940300000000003
22.3558,0.934262,-0.356645
22.5231,0.861827,-0.5072399999999999
22.7241,0.743192,-0.669103
22.8908,0.6219100000000001,-0.783107
23.0574,0.48339899999999997,-0.8754139999999999
23.2026,0.35165100000000005,-0.936142
23.3478,0.212504,-0.9771690000000001
23.493000000000002,0.0688845,-0.9976309999999999
23.6382,-0.07618430000000001,-0.9970979999999999
23.7834,-0.21965,-0.975582
23.9286,-0.35849200000000003,-0.933534
24.0738,-0.48978999999999995,-0.87184
24.219,-0.61078,-0.791799
24.3642,-0.718915,-0.695094
24.5094,-0.811922,-0.583761
24.6546,-0.88784,-0.460143
24.7998,-0.945075,-0.326841
24.945,-0.9824200000000001,-0.186661
25.0902,-0.9990889999999999,-0.0425526
25.2354,-0.994733,0.102451
25.3832,-0.9687889999999999,0.24786799999999998
25.5398,-0.9182870000000001,0.395905
25.7126,-0.8365290000000001,0.547916
25.9055,-0.715973,0.6981229999999999
26.0684,-0.593267,0.805002
26.2313,-0.45485200000000003,0.8905649999999999
26.3942,-0.304392,0.9525450000000001
26.5331,-0.16964100000000001,0.985505
26.6719,-0.031625799999999996,0.999499
26.8107,0.106998,0.994259
26.9496,0.24356399999999997,0.969885
27.0884,0.375442,0.926846
27.2272,0.5000939999999999,0.8659709999999999
27.3661,0.615124,0.788431
27.5049,0.7183149999999999,0.695719
27.6437,0.807683,0.589618
27.7826,0.881509,0.47217
27.9214,0.93837,0.34563499999999997
28.0603,0.977173,0.21244899999999997
28.1991,0.9971709999999999,0.07517510000000001
28.3396,0.997871,-0.0652311
28.4853,0.97783,-0.209404
28.639,0.93424,-0.356648
28.8063,0.8618030000000001,-0.5072439999999999
29.0073,0.743164,-0.66911
29.174,0.621883,-0.783111
29.3406,0.48337299999999994,-0.8754149999999999
29.4858,0.351626,-0.936141
29.631,0.212479,-0.977166
29.7762,0.0688608,-0.997627
29.9214,-0.0762067,-0.997093
30.0666,-0.21966999999999998,-0.975575
30.2118,-0.358511,-0.933526
30.357,-0.489807,-0.8718309999999999
30.5022,-0.610795,-0.7917890000000001
30.6474,-0.718929,-0.695084
30.7926,-0.811933,-0.58375
30.9378,-0.88785,-0.460132
31.083000000000002,-0.945083,-0.326831
31.2282,-0.982426,-0.186651
31.3734,-0.999094,-0.0425431
31.5186,-0.9947370000000001,0.10246
31.6664,-0.968791,0.247877
31.823,-0.9182870000000001,0.395913
31.9958,-0.836527,0.547925
32.1887,-0.715972,0.698129
32.3516,-0.593266,0.8050069999999999
32.5145,-0.45485,0.890568
32.6774,-0.30439099999999997,0.952548
32.8163,-0.169639,0.985506
32.9551,-0.0316238,0.9995
33.0939,0.107,0.994259
33.2328,0.243565,0.969885
33.3716,0.37544299999999997,0.926846
33.5104,0.500096,0.86597
33.6493,0.615125,0.78843
33.7881,0.718316,0.695717
33.9269,0.8076840000000001,0.589615
34.0658,0.881509,0.472167
34.2046,0.93837,0.34563299999999997
34.3434,0.977173,0.21244699999999997
34.4823,0.9971700000000001,0.0751727
34.6228,0.99787,-0.0652337
34.7685,0.977828,-0.209407
34.9222,0.9342379999999999,-0.356651
35.0895,0.861801,-0.507247
35.2905,0.74316,-0.669113
35.4572,0.621879,-0.7831130000000001
35.6238,0.48336899999999994,-0.875417
35.769,0.351622,-0.936142
35.9142,0.212475,-0.977167
36.0594,0.0688568,-0.997627
36.2046,-0.0762105,-0.997092
36.3498,-0.21967399999999998,-0.9755739999999999
36.495,-0.358514,-0.933525
36.6402,-0.48981,-0.8718299999999999
36.7854,-0.610798,-0.791787
36.9306,-0.718931,-0.695082
37.0758,-0.8119350000000001,-0.5837479999999999
37.221,-0.8878520000000001,-0.46013000000000004
37.3662,-0.945084,-0.326828
37.5114,-0.982427,-0.186649
37.6566,-0.9990950000000001,-0.0425411
37.8018,-0.9947370000000001,0.10246199999999998
37.9496,-0.968791,0.24787800000000001
38.1062,-0.9182870000000001,0.395915
38.279,-0.836526,0.547927
38.4719,-0.715971,0.69813
38.6348,-0.5932649999999999,0.8050069999999999
38.7977,-0.454849,0.890569
38.9606,-0.30439,0.952548
39.0994,-0.169638,0.985507
39.2383,-0.0316228,0.9995
39.3771,0.107001,0.994259
39.5159,0.24356599999999998,0.969885
39.6548,0.375444,0.926845
39.7936,0.500097,0.86597
39.9325,0.6151260000000001,0.788429
40.0713,0.718317,0.695716
40.2101,0.807685,0.589615
40.349000000000004,0.881509,0.472167
40.4878,0.93837,0.345632
40.6266,0.977173,0.212446
40.7655,0.9971700000000001,0.0751719
40.906,0.99787,-0.0652345
41.0517,0.977828,-0.20940799999999998
41.2054,0.9342370000000001,-0.356652
41.3727,0.8618,-0.5072479999999999
41.5737,0.743159,-0.669115
41.7404,0.6218779999999999,-0.7831140000000001
41.907,0.483368,-0.875418
42.0522,0.351621,-0.9361430000000001
42.1974,0.21247399999999997,-0.977167
42.3426,0.0688558,-0.997627
42.4878,-0.0762115,-0.997092
42.633,-0.219675,-0.9755729999999999
42.7782,-0.35851500000000003,-0.933524
42.9234,-0.48981099999999994,-0.8718290000000001
43.0686,-0.610798,-0.791787
43.2138,-0.718932,-0.6950810000000001
43.358999999999995,-0.8119350000000001,-0.5837479999999999
43.5042,-0.8878520000000001,-0.460129
43.6494,-0.945084,-0.326828
43.7945,-0.982427,-0.186648
43.9397,-0.9990950000000001,-0.0425406
44.0849,-0.9947370000000001,0.10246199999999998
44.2328,-0.968791,0.247879
44.3894,-0.9182870000000001,0.395916
44.5622,-0.836526,0.547927
44.7551,-0.715971,0.69813
44.918,-0.593264,0.805008
45.0809,-0.454849,0.890569
45.2438,-0.30438899999999997,0.952548
45.3826,-0.169638,0.985507
45.5215,-0.031622500000000005,0.9995
45.6603,0.107002,0.994259
45.7991,0.243567,0.969884
45.938,0.375444,0.926845
46.0768,0.500097,0.86597
46.2156,0.6151260000000001,0.788429
46.3545,0.718317,0.695716
46.4933,0.807685,0.589615
46.6321,0.881509,0.472166
46.771,0.93837,0.345632
46.9098,0.977173,0.212446
47.0486,0.9971700000000001,0.0751717
47.1892,0.99787,-0.06523469999999999
47.3349,0.977828,-0.20940799999999998
47.4886,0.9342370000000001,-0.356652
47.6559,0.8618,-0.5072479999999999
47.8569,0.743159,-0.669115
48.0235,0.6218779999999999,-0.7831140000000001
48.1902,0.483367,-0.875418
48.3354,0.35162,-0.9361430000000001
48.4806,0.21247399999999997,-0.977167
48.6258,0.0688555,-0.997627
48.771,-0.0762117,-0.997092
48.9162,-0.219675,-0.9755729999999999
49.0614,-0.35851500000000003,-0.933524
49.2066,-0.48981099999999994,-0.8718290000000001
49.3518,-0.610798,-0.791786
49.497,-0.718932,-0.6950810000000001
49.6421,-0.8119350000000001,-0.583747
49.7873,-0.8878520000000001,-0.460129
49.9325,-0.945084,-0.326828
50.0777,-0.982427,-0.186648
50.2229,-0.9990950000000001,-0.0425404
50.3681,-0.9947370000000001,0.10246199999999998
50.516000000000005,-0.968791,0.247879
50.6725,-0.9182870000000001,0.395916
50.8454,-0.836526,0.547927
51.0383,-0.715971,0.69813
51.2012,-0.593264,0.805008
51.3641,-0.454849,0.890569
51.527,-0.30438899999999997,0.952548
51.6658,-0.169638,0.985507
51.8047,-0.0316224,0.9995
51.9435,0.107002,0.994259
52.0823,0.243567,0.969884
52.2212,0.375445,0.926845
52.36,0.500097,0.86597
52.4988,0.6151260000000001,0.788429
52.6377,0.718317,0.695716
52.7765,0.807685,0.589615
52.9153,0.881509,0.472166
53.0542,0.93837,0.345632
53.193000000000005,0.977173,0.212446
53.3318,0.9971700000000001,0.0751716
53.4724,0.99787,-0.06523469999999999
53.618,0.977828,-0.20940799999999998
53.7718,0.9342370000000001,-0.356652
53.9391,0.8618,-0.5072479999999999
54.1401,0.743159,-0.669115
54.3067,0.6218779999999999,-0.7831140000000001
54.4734,0.483367,-0.875418
54.6186,0.35162,-0.9361430000000001
54.7638,0.21247399999999997,-0.977167
54.909,0.0688554,-0.997627
55.0542,-0.07621180000000001,-0.997092
55.1994,-0.219675,-0.9755729999999999
55.3445,-0.358516,-0.933524
55.4897,-0.48981099999999994,-0.8718290000000001
55.6349,-0.610798,-0.791786
55.7801,-0.718932,-0.6950810000000001
55.9253,-0.8119350000000001,-0.583747
56.0705,-0.8878520000000001,-0.460129
56.2157,-0.945084,-0.326828
56.3609,-0.982427,-0.186648
56.5061,-0.9990950000000001,-0.0425404
56.6513,-0.9947370000000001,0.10246199999999998
56.7992,-0.968791,0.247879
56.9557,-0.9182870000000001,0.395916
57.1286,-0.836526,0.547927
57.3215,-0.71597,0.69813
57.4844,-0.593264,0.805008
57.6473,-0.454849,0.890569
57.8102,-0.30438899999999997,0.952548
57.949,-0.169638,0.985507
58.0878,-0.0316224,0.9995
58.2267,0.107002,0.994259
58.3655,0.243567,0.969884
58.5043,0.375445,0.926845
58.6432,0.500097,0.86597
58.782,0.6151260000000001,0.788429
58.9208,0.718317,0.695716
59.0597,0.807685,0.589615
59.1985,0.881509,0.472166
59.3373,0.93837,0.345632
59.4762,0.977173,0.212446
59.615,0.9971700000000001,0.0751716
59.7555,0.99787,-0.06523480000000001
59.9012,0.977828,-0.20940799999999998
60.0549,0.9342370000000001,-0.356652
60.2222,0.8618,-0.5072479999999999
60.4233,0.743159,-0.669115
60.5899,0.6218779999999999,-0.7831140000000001
60.7566,0.483367,-0.875418
60.9018,0.35162,-0.9361430000000001
61.047,0.21247399999999997,-0.977167
61.1921,0.0688554,-0.997627
61.3373,-0.07621180000000001,-0.997092
61.4825,-0.219675,-0.9755729999999999
61.6277,-0.358516,-0.933524
61.7729,-0.48981099999999994,-0.8718290000000001
61.9181,-0.610798,-0.791786
62.0633,-0.718932,-0.6950810000000001
62.2085,-0.8119350000000001,-0.583747
62.3537,-0.8878520000000001,-0.460129
62.4989,-0.945084,-0.326828
62.6441,-0.982427,-0.186648
62.7893,-0.9990950000000001,-0.0425404
62.9345,-0.9947370000000001,0.10246199999999998
63.0823,-0.968791,0.247879
63.2389,-0.918286,0.395916
63.4117,-0.836526,0.547927
63.6046,-0.71597,0.69813
63.7675,-0.593264,0.805008
63.9304,-0.454849,0.890569
64.0934,-0.30438899999999997,0.952548
64.2322,-0.169638,0.985507
64.37100000000001,-0.0316224,0.9995
64.5099,0.107002,0.994259
64.6487,0.243567,0.969884
64.7875,0.375445,0.926845
64.9264,0.500097,0.86597
65.0652,0.6151260000000001,0.788429
65.204,0.718317,0.695716
65.3429,0.807685,0.589615
65.4817,0.881509,0.472166
65.6205,0.93837,0.345632
65.7594,0.977173,0.212446
65.8982,0.9971700000000001,0.0751716
66.0387,0.99787,-0.06523480000000001
66.1844,0.977828,-0.20940799999999998
66.3381,0.9342370000000001,-0.356652
66.5054,0.8618,-0.5072479999999999
66.7065,0.743159,-0.669115
66.8731,0.6218779999999999,-0.7831140000000001
67.0397,0.483367,-0.875418
67.1849,0.35162,-0.9361430000000001
67.3301,0.21247399999999997,-0.977167
67.4753,0.0688554,-0.997627
67.6205,-0.07621180000000001,-0.997092
67.7657,-0.219675,-0.9755729999999999
67.9109,-0.358516,-0.933524
68.0561,-0.48981099999999994,-0.8718290000000001
68.2013,-0.610799,-0.791786
68.3465,-0.718932,-0.6950810000000001
68.4917,-0.8119350000000001,-0.583747
68.6369,-0.8878520000000001,-0.460129
68.7821,-0.945084,-0.326828
68.9273,-0.982427,-0.186648
69.0725,-0.9990950000000001,-0.0425404
69.2177,-0.9947370000000001,0.10246199999999998
69.3655,-0.968791,0.247879
69.5221,-0.918286,0.395916
69.6949,-0.836526,0.547927
69.8878,-0.71597,0.69813
70.0507,-0.593264,0.805008
70.2136,-0.454849,0.890569
70.3765,-0.30438899999999997,0.952548
70.5154,-0.169638,0.985507
70.6542,-0.0316224,0.9995
70.793,0.107002,0.994259
70.9319,0.243567,0.969884
71.0707,0.375445,0.926845
71.2095,0.500097,0.86597
71.3484,0.6151260000000001,0.788429
71.4872,0.718317,0.695716
71.6261,0.807685,0.589615
71.7649,0.881509,0.472166
71.9037,0.93837,0.345632
72.0426,0.977173,0.212446
72.1814,0.9971700000000001,0.0751716
72.3219,0.99787,-0.06523480000000001
72.4676,0.977828,-0.20940799999999998
72.6213,0.9342370000000001,-0.356652
72.7886,0.8618,-0.5072479999999999
72.9896,0.743159,-0.669115
73.1563,0.6218779999999999,-0.7831140000000001
73.3229,0.483367,-0.875418
73.4681,0.35162,-0.9361430000000001
73.6133,0.21247399999999997,-0.977167
73.7585,0.0688554,-0.997627
73.9037,-0.07621180000000001,-0.997092
74.0489,-0.219675,-0.9755729999999999
74.1941,-0.358516,-0.933524
74.3393,-0.48981099999999994,-0.8718290000000001
74.4845,-0.610799,-0.791786
74.6297,-0.718932,-0.6950810000000001
74.7749,-0.8119350000000001,-0.583747
74.9201,-0.8878520000000001,-0.460129
75.0653,-0.945084,-0.326828
75.2105,-0.982427,-0.186648
75.3557,-0.9990950000000001,-0.0425404
75.5009,-0.9947370000000001,0.10246199999999998
75.6487,-0.968791,0.247879
75.8053,-0.918286,0.395916
75.9781,-0.836526,0.547927
76.171,-0.71597,0.69813
76.3339,-0.593264,0.805008
76.4968,-0.454849,0.890569
76.6597,-0.30438899999999997,0.952548
76.7986,-0.169638,0.985507
76.9374,-0.0316224,0.9995
77.0762,0.107002,0.994259
77.2151,0.243567,0.969884
77.3539,0.375445,0.926845
77.4927,0.500097,0.86597
77.6316,0.6151260000000001,0.788429
77.7704,0.718317,0.695716
77.9092,0.807685,0.589615
78.0481,0.881509,0.472166
78.1869,0.93837,0.345632
78.3257,0.977173,0.212446
78.4646,0.9971700000000001,0.0751716
78.6051,0.99787,-0.06523480000000001
78.7508,0.977828,-0.20940799999999998
78.9045,0.9342370000000001,-0.356652
79.0718,0.8618,-0.5072479999999999
79.2728,0.743159,-0.669115
79.4395,0.6218779999999999,-0.7831140000000001
79.6061,0.483367,-0.875418
79.7513,0.35162,-0.9361430000000001
79.8965,0.21247399999999997,-0.977167
80.0417,0.0688554,-0.997627
80.1869,-0.07621180000000001,-0.997092
80.3321,-0.219675,-0.9755729999999999
80.4773,-0.358516,-0.933524
80.6225,-0.48981099999999994,-0.8718290000000001
80.7677,-0.610799,-0.791786
80.9129,-0.718932,-0.6950810000000001
81.0581,-0.8119350000000001,-0.583747
81.2033,-0.8878520000000001,-0.460129
81.3485,-0.945084,-0.326828
81.4937,-0.982427,-0.186648
81.6389,-0.9990950000000001,-0.0425404
81.7841,-0.9947370000000001,0.10246199999999998
81.9319,-0.968791,0.247879
82.0885,-0.918286,0.395916
82.2613,-0.836526,0.547927
82.4542,-0.71597,0.69813
82.6171,-0.593264,0.805008
82.78,-0.454849,0.890569
82.9429,-0.30438899999999997,0.952548
83.0817,-0.169638,0.985507
83.2206,-0.0316224,0.9995
83.3594,0.107002,0.994259
83.4982,0.243567,0.969884
83.6371,0.375445,0.926845
83.7759,0.500097,0.86597
83.9148,0.6151260000000001,0.788429
84.0536,0.718317,0.695716
84.1924,0.807685,0.589615
84.3313,0.881509,0.472166
84.4701,0.93837,0.345632
84.6089,0.977173,0.212446
84.7478,0.9971700000000001,0.0751716
84.8883,0.99787,-0.06523480000000001
85.03399999999999,0.977828,-0.20940799999999998
85.1877,0.9342370000000001,-0.356652
85.355,0.8618,-0.5072479999999999
85.556,0.743159,-0.669115
85.7227,0.6218779999999999,-0.7831140000000001
85.8893,0.483367,-0.875418
86.0345,0.35162,-0.9361430000000001
86.1797,0.21247399999999997,-0.977167
86.3249,0.0688554,-0.997627
86.4701,-0.07621180000000001,-0.997092
86.6153,-0.219675,-0.9755729999999999
86.7605,-0.358516,-0.933524
86.9057,-0.48981099999999994,-0.8718290000000001
87.0509,-0.610799,-0.791786
87.1961,-0.718932,-0.6950810000000001
87.3413,-0.8119350000000001,-0.583747
87.4865,-0.8878520000000001,-0.460129
87.6317,-0.945084,-0.326828
87.7768,-0.982427,-0.186648
87.92200000000001,-0.9990950000000001,-0.0425404
88.0672,-0.9947370000000001,0.10246199999999998
88.2151,-0.968791,0.247879
88.3717,-0.918286,0.395916
88.5445,-0.836526,0.547927
88.7374,-0.71597,0.69813
88.9003,-0.593264,0.805008
89.0632,-0.454849,0.890569
89.2261,-0.30438899999999997,0.952548
89.3649,-0.169638,0.985507
89.5038,-0.0316224,0.9995
89.6426,0.107002,0.994259
89.7814,0.243567,0.969884
89.9203,0.375445,0.926845
90.0591,0.500097,0.86597
90.1979,0.6151260000000001,0.788429
90.3368,0.718317,0.695716
90.4756,0.807685,0.589615
90.6144,0.881509,0.472166
90.7533,0.93837,0.345632
90.8921,0.977173,0.212446
91.0309,0.9971700000000001,0.0751716
91.1715,0.99787,-0.06523480000000001
91.3172,0.977828,-0.20940799999999998
91.4709,0.9342370000000001,-0.356652
91.6382,0.8618,-0.5072479999999999
91.8392,0.743159,-0.669115
92.0058,0.6218779999999999,-0.7831140000000001
92.1725,0.483367,-0.875418
92.3177,0.35162,-0.9361430000000001
92.4629,0.21247399999999997,-0.977167
92.6081,0.0688554,-0.997627
92.7533,-0.07621180000000001,-0.997092
92.8985,-0.219675,-0.9755729999999999
93.0437,-0.358516,-0.933524
93.1889,-0.48981099999999994,-0.8718290000000001
93.3341,-0.610799,-0.791786
93.4792,-0.718932,-0.6950810000000001
93.6244,-0.8119350000000001,-0.583747
93.7696,-0.8878520000000001,-0.460129
93.9148,-0.945084,-0.326828
94.06,-0.982427,-0.186648
94.2052,-0.9990950000000001,-0.0425404
94.3504,-0.9947370000000001,0.10246199999999998
94.4983,-0.968791,0.247879
94.6548,-0.918286,0.395916
94.8277,-0.836526,0.547927
95.0206,-0.71597,0.69813
95.1835,-0.593264,0.805008
95.3464,-0.454849,0.890569
95.5093,-0.30438899999999997,0.952548
95.6481,-0.169638,0.985507
95.7869,-0.0316224,0.9995
95.9258,0.107002,0.994259
96.0646,0.243567,0.969884
96.2035,0.375445,0.926845
96.3423,0.500097,0.86597
96.4811,0.6151260000000001,0.788429
96.62,0.718317,0.695716
96.7588,0.807685,0.589615
96.8976,0.881509,0.472166
97.0365,0.93837,0.345632
97.1753,0.977173,0.212446
97.3141,0.9971700000000001,0.0751716
97.4547,0.99787,-0.06523480000000001
97.6003,0.977828,-0.20940799999999998
97.7541,0.9342370000000001,-0.356652
97.9214,0.8618,-0.5072479999999999
98.1224,0.743159,-0.669115
98.289,0.6218779999999999,-0.7831140000000001
98.4557,0.483367,-0.875418
98.6009,0.35162,-0.9361430000000001
98.7461,0.21247399999999997,-0.977167
98.8913,0.0688554,-0.997627
99.0365,-0.07621180000000001,-0.997092
99.1817,-0.219675,-0.9755729999999999
99.3268,-0.358516,-0.933524
99.47200000000001,-0.48981099999999994,-0.8718290000000001
99.6172,-0.610799,-0.791786
99.7624,-0.718932,-0.6950810000000001
99.9076,-0.8119350000000001,-0.583747
100.0,-0.8623190000000001,-0.506366
