,x,xdot
1e-06,-2.00001e-07,-0.20000199999999999
6e-06,-1.20003e-06,-0.200011
3.1e-05,-6.20086e-06,-0.20005599999999998
0.000156,-3.12219e-05,-0.200281
0.000781,-0.00015675,-0.201408
0.003906,-0.0007950160000000001,-0.207096
0.019531,-0.00426054,-0.23687399999999997
0.051715599999999994,-0.0129707,-0.306409
0.0875449,-0.0255749,-0.40055599999999997
0.123374,-0.0419609,-0.518806
0.15451900000000002,-0.0600595,-0.648174
0.185665,-0.08267689999999998,-0.810459
0.21681,-0.11098800000000002,-1.01567
0.243565,-0.141003,-1.2355399999999999
0.27032,-0.177546,-1.50522
0.297076,-0.22207800000000003,-1.8343200000000002
0.323831,-0.276312,-2.23169
0.350586,-0.342154,-2.70246
0.377341,-0.421548,-3.2429099999999997
0.40449,-0.517637,-3.8410800000000003
0.430729,-0.626087,-4.41972
0.45313100000000006,-0.730144,-4.85524
0.475534,-0.842714,-5.1679900000000005
0.49520600000000004,-0.945824,-5.28659
0.514879,-1.0495,-5.22139
0.534551,-1.1499700000000002,-4.960459999999999
0.5542229999999999,-1.2435100000000001,-4.52337
0.575267,-1.33249,-3.9158
0.592408,-1.39494,-3.36686
0.609549,-1.4479,-2.81434
0.62669,-1.4916,-2.29164
0.644275,-1.52757,-1.8095700000000001
0.663137,-1.5574,-1.36656
0.679743,-1.57731,-1.04197
0.696349,-1.5923200000000002,-0.774884
0.712954,-1.60333,-0.558937
0.72956,-1.61112,-0.386734
0.746165,-1.61637,-0.250927
0.762771,-1.61962,-0.144804
0.7793760000000001,-1.62131,-0.06254610000000001
0.796296,-1.6218,0.00175867
0.813865,-1.62131,0.052156799999999996
0.8322280000000001,-1.6199700000000001,0.0909937
0.851511,-1.61792,0.120122
0.871843,-1.61525,0.141071
0.893367,-1.61205,0.155106
0.9162370000000001,-1.6084,0.16326500000000002
0.940623,-1.60437,0.16638499999999998
0.9667110000000001,-1.60004,0.165129
0.994706,-1.59548,0.16000999999999999
1.02483,-1.5907799999999999,0.15141300000000002
1.0573299999999999,-1.58605,0.13961700000000002
1.09251,-1.58139,0.12482599999999999
1.13073,-1.57695,0.107175
1.17266,-1.57289,0.08671269999999999
1.2196799999999999,-1.56936,0.0632231
1.27712,-1.56655,0.034935
1.32713,-1.56539,0.0116315
1.37715,-1.56535,-0.00960445
1.4211200000000002,-1.5661399999999999,-0.0260177
1.46509,-1.5676,-0.0399015
1.5090700000000001,-1.56961,-0.0509376
1.55304,-1.5720299999999998,-0.05889249999999999
1.59701,-1.57474,-0.0636207
1.6409900000000002,-1.57758,-0.0650626
1.6849599999999998,-1.58041,-0.063239
1.7289400000000001,-1.5831,-0.0582414
1.7729099999999998,-1.58549,-0.0502207
1.8168799999999998,-1.5874700000000002,-0.03937519999999999
1.86086,-1.58892,-0.025938299999999997
1.90483,-1.58972,-0.0101675
1.9488,-1.58978,0.00766513
1.99278,-1.58902,0.0272806
2.03675,-1.58736,0.048398699999999996
2.0813,-1.5847,0.0710382
2.12783,-1.58083,0.09572699999999999
2.1774,-1.57541,0.12284400000000001
2.2321,-1.56786,0.153315
2.30065,-1.5560399999999999,0.191601
2.3549599999999997,-1.54482,0.221451
2.4092599999999997,-1.5319999999999998,0.250397
2.4635599999999998,-1.51765,0.27800199999999997
2.5178599999999998,-1.50184,0.303833
2.5721700000000003,-1.48469,0.327453
2.62647,-1.46633,0.34842199999999995
2.68077,-1.4469100000000001,0.366292
2.73508,-1.42661,0.380603
2.78938,-1.40564,0.390889
2.84368,-1.38424,0.396675
2.89798,-1.36265,0.397485
2.95229,-1.34117,0.392852
3.00659,-1.32009,0.382337
3.06239,-1.29921,0.364994
3.12072,-1.27863,0.339441
3.18234,-1.25876,0.30401100000000003
3.2483,-1.24022,0.256628
3.32041,-1.22389,0.194603
3.4023,-1.21119,0.114048
3.5051300000000003,-1.20499,0.00632723
3.63656,-1.21262,-0.11678399999999999
3.73277,-1.2269700000000001,-0.175734
3.80562,-1.24061,-0.194741
3.87848,-1.25476,-0.189723
3.93851,-1.26559,-0.168475
3.99853,-1.27472,-0.13379000000000002
4.05856,-1.2814299999999998,-0.08811139999999999
4.11859,-1.2851299999999999,-0.033912199999999997
4.17861,-1.2853700000000001,0.0266654
4.239669999999999,-1.28173,0.09316569999999999
4.3045599999999995,-1.27328,0.168072
4.37558,-1.2583,0.254515
4.45582,-1.23376,0.35843600000000003
4.5467699999999995,-1.1954,0.48759399999999997
4.62484,-1.15252,0.614149
4.70291,-1.09886,0.765662
4.76627,-1.04567,0.919633
4.829619999999999,-0.981349,1.12093
4.8929800000000006,-0.901934,1.40392
4.94245,-0.825041,1.72328
4.9787,-0.756991,2.04759
5.00858,-0.69075,2.4024400000000004
5.03408,-0.624674,2.79473
5.05642,-0.557581,3.2307900000000003
5.07875,-0.479516,3.78271
5.09649,-0.40770100000000004,4.32857
5.114240000000001,-0.325169,4.99465
5.1293,-0.24498699999999998,5.6742099999999995
5.14436,-0.153666,6.47693
5.15941,-0.049236199999999994,7.417210000000001
5.1725900000000005,0.05453240000000001,8.35713
5.18576,0.17136600000000002,9.39813
5.198930000000001,0.302431,10.511
5.21324,0.46165200000000006,11.7296
5.22462,0.600245,12.6187
5.23452,0.72851,13.2559
5.24442,0.862131,13.6879
5.2529699999999995,0.979936,13.8388
5.26152,1.0979999999999999,13.7429
5.27007,1.2141,13.3784
5.27861,1.32594,12.7471
5.28716,1.43133,11.8771
5.29634,1.53525,10.7363
5.3047,1.62017,9.58047
5.31305,1.6952099999999999,8.381310000000001
5.3214,1.76027,7.1994
5.32976,1.8156900000000002,6.08295
5.3381099999999995,1.86218,5.06493
5.3472800000000005,1.9040099999999998,4.0819
5.355169999999999,1.93324,3.35465
5.36305,1.9571599999999998,2.73285
5.37093,1.97658,2.20863
5.37881,1.9922099999999998,1.77171
5.38669,2.0047,1.41088
5.39457,2.01462,1.11507
5.40245,2.02242,0.873956
5.41034,2.02851,0.678305
5.41822,2.03321,0.520085
5.4261,2.0367900000000003,0.392453
5.43419,2.03953,0.287245
5.44257,2.04155,0.200419
5.451280000000001,2.04298,0.129129
5.460369999999999,2.04388,0.07096419999999999
5.46988,2.04432,0.023827
5.4798599999999995,2.0443599999999997,-0.014109
5.4903699999999995,2.0440400000000003,-0.04443219999999999
5.50146,2.0434099999999997,-0.0685184
5.51323,2.0424900000000004,-0.08755299999999999
5.52574,2.04129,-0.10255
5.53909,2.0398400000000003,-0.114371
5.5534099999999995,2.0381299999999998,-0.12373699999999999
5.56882,2.0361599999999997,-0.131246
5.58547,2.03392,-0.13738
5.60354,2.03139,-0.142521
5.62321,2.02855,-0.146956
5.64465,2.02535,-0.15087899999999999
5.66795,2.02179,-0.154398
5.69307,2.0178700000000003,-0.15753399999999998
5.71974,2.01364,-0.160242
5.74753,2.00915,-0.16244
5.775980000000001,2.0045,-0.164054
5.80478,1.9997599999999998,-0.16503099999999998
5.83358,1.995,-0.16534200000000002
5.86238,1.99025,-0.164979
5.89152,1.98545,-0.163923
5.92065,1.9807,-0.162172
5.9497800000000005,1.9760099999999998,-0.159729
5.9793400000000005,1.97134,-0.156555
6.00889,1.9667599999999998,-0.152694
6.03894,1.9622400000000002,-0.148087
6.06935,1.9578200000000001,-0.142754
6.10016,1.9535099999999999,-0.136702
6.13145,1.94934,-0.129932
6.16333,1.9453200000000002,-0.122449
6.195930000000001,1.94146,-0.114253
6.229419999999999,1.9377799999999998,-0.10534
6.26408,1.93429,-0.0956923
6.30032,1.93101,-0.0852633
6.3389,1.9279400000000002,-0.0739247
6.38167,1.92505,-0.061274199999999994
6.427219999999999,1.9225599999999998,-0.0479625
6.4669099999999995,1.92088,-0.0367221
6.5066,1.9196400000000002,-0.026008
6.54629,1.91881,-0.0159964
6.58016,1.9184,-0.00813379
6.61402,1.91825,-0.0009953639999999999
6.647880000000001,1.9183299999999999,0.00533542
6.68175,1.9186,0.0107859
6.715610000000001,1.91905,0.015295
6.74948,1.91963,0.018813800000000002
6.783339999999999,1.92031,0.021305900000000003
6.8172,1.9210599999999998,0.0227476
6.85107,1.9218400000000002,0.0231273
6.884930000000001,1.92261,0.0224458
6.9188,1.92335,0.020715
6.952660000000001,1.9240000000000002,0.017958000000000002
6.98652,1.92455,0.0142078
7.020389999999999,1.9249599999999998,0.00950646
7.05425,1.9251900000000002,0.00390454
7.08812,1.9252099999999999,-0.00254005
7.121980000000001,1.925,-0.00976287
7.15585,1.9245400000000001,-0.0176938
7.189710000000001,1.9238,-0.0262579
7.22357,1.9227599999999998,-0.035376099999999994
7.257810000000001,1.9213799999999999,-0.0450725
7.29311,1.9196099999999998,-0.055485400000000004
7.3299199999999995,1.91736,-0.0666801
7.3689,1.9145299999999998,-0.0787857
7.41147,1.9108900000000002,-0.0921452
7.463080000000001,1.9057099999999998,-0.10828199999999999
7.504989999999999,1.9009099999999999,-0.12113099999999999
7.5469100000000005,1.89557,-0.13356600000000002
7.58882,1.88972,-0.145422
7.624560000000001,1.88435,-0.15495
7.660310000000001,1.87865,-0.163839
7.69605,1.87264,-0.171992
7.7318,1.8663599999999998,-0.179319
7.76755,1.8598299999999999,-0.18573199999999998
7.80329,1.8531,-0.19115
7.83904,1.84618,-0.195501
7.87478,1.83913,-0.198715
7.9105300000000005,1.8319900000000002,-0.200736
7.946269999999999,1.8248,-0.201515
7.9820199999999994,1.8176,-0.201014
8.01776,1.81044,-0.199208
8.053510000000001,1.8033700000000001,-0.19608499999999998
8.08925,1.79644,-0.191648
8.125,1.7896900000000002,-0.185915
8.16075,1.7831599999999999,-0.178923
8.196489999999999,1.7769099999999998,-0.17072400000000001
8.23224,1.7709700000000002,-0.16139
8.26798,1.76538,-0.15101099999999998
8.30433,1.7601,-0.139499
8.3417,1.75512,-0.12679400000000002
8.38043,1.75048,-0.112871
8.42103,1.7462,-0.0976683
8.46448,1.74232,-0.0809958
8.51332,1.7388299999999999,-0.0621658
8.5597,1.73635,-0.0446173
8.60838,1.7346099999999998,-0.027017000000000003
8.64888,1.7338,-0.0133405
8.68938,1.7335200000000002,-0.00081154
8.72989,1.7337200000000001,0.010342200000000001
8.770389999999999,1.73433,0.0199222
8.810889999999999,1.73531,0.0277634
8.84639,1.73639,0.0331031
8.88188,1.73764,0.0369453
8.91738,1.73899,0.039249900000000004
8.95288,1.7404099999999998,0.039998900000000004
8.98837,1.7418200000000001,0.0391954
9.02387,1.74317,0.036862099999999995
9.05936,1.74442,0.0330397
9.09486,1.7455,0.0277847
9.130360000000001,1.74637,0.0211679
9.16585,1.74699,0.0132717
9.20135,1.7473,0.00418881
9.23685,1.74727,-0.00598003
9.273019999999999,1.74685,-0.017347900000000003
9.30993,1.7459799999999999,-0.029874599999999998
9.34778,1.7446,-0.0435518
9.38684,1.7426099999999998,-0.0583966
9.4275,1.7399099999999998,-0.0744697
9.47043,1.7363400000000002,-0.0919252
9.51699,1.7316099999999999,-0.11116600000000001
9.57137,1.72495,-0.133696
9.62016,1.7179400000000002,-0.153613
9.66895,1.70997,-0.172924
9.71161,1.70225,-0.189068
9.75427,1.69385,-0.204306
9.79693,1.6848299999999998,-0.218433
9.83959,1.67524,-0.23125300000000001
9.88225,1.6651200000000002,-0.24256999999999998
9.92491,1.6545599999999998,-0.252198
9.96757,1.64363,-0.259956
10.0102,1.6324100000000001,-0.265675
10.0529,1.62099,-0.26919899999999997
10.0956,1.60948,-0.270386
10.1382,1.59796,-0.269119
10.1809,1.58655,-0.265304
10.2235,1.57536,-0.258878
10.2662,1.5645,-0.249817
10.3089,1.55408,-0.23814200000000002
10.3515,1.5442200000000001,-0.223921
10.3942,1.53501,-0.207283
10.4379,1.52637,-0.18794
10.482999999999999,1.5183799999999998,-0.165805
10.53,1.5111700000000001,-0.140828
10.5796,1.5048700000000002,-0.112919
10.6334,1.4996399999999999,-0.0817449
10.696,1.49565,-0.0455521
10.7519,1.4939799999999999,-0.0147475
10.8078,1.49396,0.013354399999999999
10.8555,1.49511,0.0343517
10.9033,1.49718,0.051902
10.950999999999999,1.5,0.0655056
10.9988,1.50337,0.0748087
11.0466,1.50708,0.0796117
11.0943,1.5109,0.07986649999999999
11.1421,1.51463,0.0756623
11.1898,1.51806,0.06720369999999999
11.2376,1.52099,0.054785
11.2854,1.52324,0.0387633
11.3331,1.52464,0.0195337
11.3809,1.52506,-0.00249141
11.4286,1.52436,-0.026898200000000004
11.4764,1.5224600000000001,-0.053283000000000004
11.5241,1.51925,-0.0812591
11.5741,1.51443,-0.11183299999999999
11.6277,1.50753,-0.145688
11.6879,1.49761,-0.18440299999999998
11.7542,1.48396,-0.227287
11.8205,1.46748,-0.269677
11.8761,1.4515200000000001,-0.30433699999999997
11.9317,1.43366,-0.337764
11.9873,1.4139899999999999,-0.36957399999999996
12.0429,1.3926,-0.39939
12.0985,1.36962,-0.426839
12.1541,1.3451899999999999,-0.45153999999999994
12.2097,1.3194700000000001,-0.47311099999999995
12.2668,1.2919,-0.491593
12.3261,1.2622799999999998,-0.506369
12.3884,1.2304,-0.516464
12.4546,1.19604,-0.520401
12.5261,1.1589200000000002,-0.515844
12.6054,1.1186,-0.49876899999999996
12.6979,1.07408,-0.46083
12.8092,1.02662,-0.385994
12.9049,0.993866,-0.293921
13.0007,0.9711639999999999,-0.176373
13.0964,0.9607610000000001,-0.0383476
13.1921,0.964073,0.10717
13.3087,0.9859899999999999,0.260447
13.4057,1.01524,0.331148
13.5027,1.04767,0.32358200000000004
13.5841,1.07152,0.25338099999999997
13.6654,1.08759,0.13474
13.7368,1.0926,0.00211074
13.8082,1.08746,-0.148818
13.8796,1.0709899999999999,-0.31504699999999997
13.9532,1.04094,-0.506371
14.0267,0.995669,-0.732158
14.0879,0.943981,-0.9674459999999999
14.1491,0.875734,-1.2811700000000001
14.1981,0.804806,-1.63154
14.2338,0.740581,-1.9787299999999999
14.2633,0.6768770000000001,-2.35451
14.2885,0.612545,-2.76653
14.3106,0.54664,-3.2217700000000002
14.3327,0.469445,-3.79504
14.3502,0.398045,-4.35998
14.3678,0.315696,-5.0471
14.3827,0.23540999999999998,-5.74669
14.3976,0.14379,-6.570930000000001
14.4125,0.0388659,-7.533739999999999
14.4256,-0.0658687,-8.49685
14.4387,-0.183879,-9.56024
14.4517,-0.316298,-10.6922
14.4662,-0.479842,-11.9424
14.4772,-0.6169100000000001,-12.8119
14.487,-0.744502,-13.4324
14.4967,-0.877165,-13.8435
14.5051,-0.994524,-13.9753
14.5135,-1.1119700000000001,-13.8589
14.522,-1.2273100000000001,-13.4746
14.5304,-1.33829,-12.8263
14.5388,-1.44279,-11.9434
14.548,-1.54729,-10.775
14.5562,-1.63132,-9.614189999999999
14.5645,-1.70557,-8.41417
14.5727,-1.7699900000000002,-7.23422
14.5809,-1.8249400000000002,-6.1212
14.5892,-1.8711099999999998,-5.10698
14.5982,-1.91255,-4.13246
14.606,-1.94185,-3.4051400000000003
14.6138,-1.9658900000000001,-2.7831
14.6216,-1.98548,-2.25848
14.6293,-2.00132,-1.82102
14.6371,-2.0140599999999997,-1.45955
14.6449,-2.0242400000000003,-1.16306
14.6527,-2.03233,-0.9212520000000001
14.6605,-2.03871,-0.724931
14.6683,-2.04372,-0.566078
14.6761,-2.04762,-0.437859
14.6841,-2.05068,-0.332176
14.6924,-2.05305,-0.244908
14.700999999999999,-2.05484,-0.17319600000000002
14.7099,-2.05612,-0.11461600000000001
14.7193,-2.0569599999999997,-0.0670613
14.7292,-2.05742,-0.0286943
14.7395,-2.05755,0.00208463
14.7505,-2.0573900000000003,0.0266637
14.762,-2.0569599999999997,0.0462421
14.7744,-2.05629,0.061849699999999994
14.7875,-2.05539,0.07436469999999999
14.8016,-2.0542700000000003,0.0845298
14.8168,-2.05292,0.09296710000000001
14.8332,-2.05133,0.100191
14.8511,-2.04948,0.10662200000000001
14.8706,-2.04734,0.11259100000000001
14.8921,-2.04486,0.118352
14.9156,-2.04201,0.12407
14.9413,-2.03875,0.129814
14.9689,-2.03508,0.135533
14.998,-2.0310599999999996,0.141073
15.0278,-2.02678,0.146254
15.0576,-2.02235,0.150908
15.0874,-2.01779,0.155006
15.1172,-2.0131200000000002,0.15851400000000002
15.147,-2.00835,0.161402
15.1767,-2.00351,0.16364
15.2065,-1.9986099999999998,0.165203
15.2363,-1.99367,0.16607
15.2661,-1.98872,0.166226
15.2959,-1.98377,0.165658
15.3257,-1.97885,0.16435999999999998
15.3555,-1.9739799999999998,0.162332
15.3853,-1.9691900000000002,0.15958
15.4151,-1.96448,0.156114
15.4449,-1.9598900000000001,0.151952
15.4752,-1.95537,0.147038
15.5058,-1.95095,0.14139000000000002
15.5369,-1.94665,0.13501300000000002
15.5685,-1.94249,0.12791
15.6007,-1.9385,0.120084
15.6337,-1.9346700000000001,0.111535
15.6677,-1.93104,0.102254
15.703,-1.9276,0.0922154
15.7401,-1.92438,0.0813502
15.7801,-1.92137,0.06946419999999999
15.8259,-1.9184900000000003,0.05583919999999999
15.868,-1.9164,0.043579900000000005
15.9101,-1.91482,0.0317898
15.9463,-1.91385,0.022197900000000003
15.9824,-1.9132099999999999,0.0132453
16.0186,-1.91288,0.005053899999999999
16.0548,-1.91283,-0.00226613
16.0909,-1.91303,-0.00861777
16.1227,-1.9133799999999999,-0.013339199999999999
16.1546,-1.9138700000000002,-0.0172012
16.1864,-1.9144700000000001,-0.020167400000000002
16.2182,-1.91514,-0.022211500000000002
16.25,-1.91587,-0.0233169
16.2818,-1.91662,-0.0234766
16.3136,-1.91735,-0.022693400000000002
16.3455,-1.91805,-0.0209785
16.3773,-1.91868,-0.018352
16.4091,-1.9192099999999999,-0.0148417
16.4409,-1.91962,-0.0104825
16.4727,-1.91987,-0.00531609
16.5045,-1.91995,0.000610141
16.5364,-1.91982,0.00724345
16.5682,-1.9194799999999999,0.0145265
16.6006,-1.91888,0.0225552
16.6337,-1.91799,0.0313026
16.6675,-1.91677,0.0407656
16.7024,-1.91517,0.050956
16.7386,-1.91313,0.0619101
16.7767,-1.91055,0.0737159
16.8175,-1.9072799999999999,0.0865919
16.8638,-1.9029200000000002,0.10125
16.9078,-1.8981700000000001,0.11498900000000001
16.9527,-1.8927,0.128663
16.9907,-1.8876,0.139781
17.0286,-1.88209,0.150361
17.0666,-1.8761900000000002,0.16028
17.1046,-1.8699299999999999,0.169423
17.1426,-1.86333,0.177675
17.1805,-1.85645,0.18492999999999998
17.214000000000002,-1.8501599999999998,0.190418
17.2475,-1.84371,0.19499
17.281,-1.83712,0.19858599999999998
17.3145,-1.8304200000000002,0.201154
17.3479,-1.8236599999999998,0.202649
17.3814,-1.81687,0.203035
17.4149,-1.81008,0.202281
17.4484,-1.8033400000000002,0.200371
17.4818,-1.7966799999999998,0.197294
17.5153,-1.79014,0.193055
17.5488,-1.7837599999999998,0.187669
17.5827,-1.77751,0.18108
17.617,-1.7714299999999998,0.173282
17.6519,-1.76554,0.164268
17.6874,-1.7598900000000002,0.15403499999999998
17.7237,-1.7545,0.142583
17.761,-1.74941,0.129908
17.7997,-1.74465,0.115994
17.8401,-1.74027,0.10079
17.8832,-1.7362900000000001,0.0841377
17.930999999999997,-1.7327099999999998,0.0654864
17.9818,-1.7298799999999999,0.0460032
18.0261,-1.7282,0.0297065
18.0704,-1.7272299999999998,0.014431200000000002
18.1147,-1.72691,0.000513283
18.1525,-1.7270900000000002,-0.0100699
18.1903,-1.72765,-0.019275900000000002
18.2281,-1.72853,-0.026965199999999998
18.266,-1.72967,-0.0330265
18.3038,-1.73101,-0.037377600000000004
18.3416,-1.73248,-0.039966
18.3794,-1.7340099999999998,-0.0407681
18.4173,-1.73554,-0.039788
18.4551,-1.7369999999999999,-0.0370554
18.4929,-1.73832,-0.0326233
18.5307,-1.73944,-0.026564799999999996
18.5686,-1.7403099999999998,-0.0189708
18.6064,-1.7408599999999999,-0.00994686
18.6442,-1.74105,0.00038942199999999995
18.6821,-1.74082,0.0119108
18.7199,-1.74013,0.0244826
18.7577,-1.73895,0.0379647
18.7964,-1.7372,0.0525616
18.8366,-1.73478,0.0683711
18.8787,-1.73154,0.08550930000000001
18.9238,-1.7272599999999998,0.104253
18.9743,-1.7214599999999998,0.125443
19.026,-1.71442,0.146938
19.0785,-1.70615,0.168227
19.1219,-1.6984700000000001,0.185152
19.1653,-1.6900700000000002,0.201212
19.2088,-1.681,0.216191
19.2522,-1.6713099999999999,0.229875
19.2957,-1.66105,0.24205700000000002
19.3391,-1.6503,0.252535
19.3825,-1.63914,0.261114
19.426,-1.62765,0.267608
19.4694,-1.61592,0.271847
19.5129,-1.60407,0.273674
19.5563,-1.59218,0.272955
19.5997,-1.58039,0.269581
19.6432,-1.5688,0.263475
19.6866,-1.55754,0.254601
19.7301,-1.54672,0.242968
19.7735,-1.53647,0.228638
19.8169,-1.5269,0.21173499999999998
19.861,-1.518,0.192183
19.9063,-1.50978,0.169753
19.9536,-1.50235,0.144373
20.0035,-1.49585,0.11595699999999999
20.0573,-1.4904600000000001,0.0842058
20.1195,-1.48637,0.0475827
20.1765,-1.48458,0.015451499999999998
20.2335,-1.48455,-0.0138795
20.2818,-1.48576,-0.035613599999999995
20.3302,-1.48794,-0.053747699999999995
20.3785,-1.49089,-0.0677469
20.4269,-1.49442,-0.0772345
20.4752,-1.49829,-0.0820018
20.5236,-1.50227,-0.0820047
20.5662,-1.5057,-0.0781338
20.6088,-1.50888,-0.07078939999999999
20.6515,-1.51169,-0.060183400000000005
20.6941,-1.51397,-0.046571
20.7368,-1.51562,-0.030235500000000002
20.7799,-1.51652,-0.011236200000000002
20.8239,-1.51655,0.010345
20.8689,-1.51555,0.03445530000000001
20.9154,-1.5133299999999998,0.061103899999999996
20.9638,-1.50967,0.09040210000000001
21.0151,-1.50421,0.122652
21.0706,-1.49641,0.1586
21.1343,-1.48496,0.200599
21.1975,-1.47097,0.242288
21.2607,-1.45435,0.283434
21.3239,-1.43517,0.32346199999999997
21.3792,-1.41636,0.357124
21.4345,-1.39572,0.389162
21.4897,-1.3733799999999998,0.419234
21.545,-1.34943,0.44700200000000007
21.6008,-1.32374,0.472383
21.6582,-1.29599,0.495263
21.7176,-1.26595,0.5152
21.7798,-1.2333399999999999,0.531497
21.846,-1.1977799999999998,0.543095
21.9173,-1.15878,0.548312
21.9963,-1.11556,0.5442819999999999
22.0875,-1.06666,0.525356
22.1992,-1.01035,0.478846
22.3026,-0.964139,0.410376
22.4061,-0.92635,0.315948
22.5095,-0.899648,0.19646
22.6129,-0.8863770000000001,0.0578372
22.7164,-0.8878530000000001,-0.08530900000000001
22.8229,-0.903934,-0.209902
22.9293,-0.9304110000000001,-0.274121
23.006999999999998,-0.9516379999999999,-0.263365
23.0888,-0.9706799999999999,-0.191892
23.1571,-0.9804120000000001,-0.0866966
23.2254,-0.9816799999999999,0.0553385
23.2936,-0.972096,0.230965
23.3619,-0.9493360000000001,0.442439
23.4302,-0.910586,0.702833
23.4984,-0.8515370000000001,1.04498
23.549,-0.790337,1.39157
23.5866,-0.731884,1.7352599999999998
23.6175,-0.6727810000000001,2.10311
23.6439,-0.612283,2.50406
23.6669,-0.5497380000000001,2.9454599999999997
23.6899,-0.47577200000000003,3.5017300000000002
23.7081,-0.407237,4.04782
23.7263,-0.327712,4.7138599999999995
23.7417,-0.25028,5.39004
23.7571,-0.161537,6.18999
23.7724,-0.0594525,7.12995
23.7857,0.0411357,8.0609
23.7989,0.15478,9.09704
23.8122,0.282738,10.2138
23.8261,0.43357799999999996,11.4146
23.8381,0.576245,12.3837
23.8483,0.705742,13.0791
23.8584,0.841366,13.5759
23.8671,0.9596690000000001,13.7815
23.8757,1.0787200000000001,13.7429
23.8843,1.19628,13.4334
23.893,1.30997,12.8499
23.9016,1.4175200000000001,12.0165
23.9106,1.52019,10.9444
23.9189,1.6066,9.81793
23.9275,1.68582,8.594330000000001
23.9361,1.75449,7.3780600000000005
23.9447,1.8129400000000002,6.2240400000000005
23.9533,1.8618700000000001,5.17036
23.9634,1.9084299999999998,4.0905
23.9712,1.93757,3.37459
23.979,1.9615200000000002,2.76202
23.9868,1.9810599999999998,2.24513
23.9947,1.99689,1.81387
24.0025,2.00964,1.45733
24.0103,2.01987,1.1647100000000001
24.0182,2.02802,0.925931
24.026,2.03448,0.731961
24.0338,2.03957,0.574926
24.0416,2.04355,0.44810900000000004
24.0497,2.04672,0.34324099999999996
24.058000000000003,2.04921,0.25664000000000003
24.0667,2.05112,0.185494
24.0757,2.05252,0.127392
24.0852,2.05349,0.0802339
24.0951,2.05409,0.042189199999999996
24.1055,2.05436,0.0116633
24.1165,2.05435,-0.0127274
24.1282,2.05408,-0.032178399999999996
24.1406,2.0535799999999997,-0.0477173
24.1539,2.05286,-0.0602211
24.1681,2.05193,-0.0704331
24.1834,2.05078,-0.0789778
24.2,2.04941,-0.08637510000000001
24.2181,2.04779,-0.0930529
24.2378,2.04589,-0.0993573
24.2596,2.04366,-0.10555899999999999
24.2836,2.04105,-0.11185
24.3099,2.03802,-0.118322
24.3385,2.0345400000000002,-0.12493499999999999
24.3686,2.03067,-0.131503
24.3995,2.02651,-0.137786
24.4304,2.02216,-0.143585
24.4613,2.01764,-0.148858
24.4922,2.01297,-0.153563
24.5231,2.0081599999999997,-0.157658
24.554000000000002,2.00323,-0.161103
24.5849,1.9982099999999998,-0.16386199999999998
24.6158,1.99312,-0.165905
24.6467,1.98797,-0.167205
24.6776,1.98279,-0.16774
24.7085,1.9776099999999999,-0.167494
24.7394,1.97245,-0.166457
24.7703,1.96733,-0.164626
24.8012,1.96228,-0.16200499999999998
24.8321,1.95733,-0.158602
24.863000000000003,1.95249,-0.154437
24.8939,1.9477900000000001,-0.149534
24.9248,1.9432599999999998,-0.143926
24.9557,1.93891,-0.137654
24.9873,1.9346700000000001,-0.130599
25.0195,1.93058,-0.122799
25.0525,1.92667,-0.114258
25.0865,1.92294,-0.104972
25.1217,1.9194200000000001,-0.0949194
25.1586,1.91612,-0.0840409
25.1981,1.91304,-0.0721767
25.2426,1.91012,-0.0587819
25.2837,1.9079599999999999,-0.0465611
25.3276,1.90619,-0.0340056
25.3643,1.90513,-0.0240323
25.401,1.90442,-0.014697700000000001
25.4376,1.9040400000000002,-0.00613302
25.4743,1.9039599999999999,0.00154241
25.511,1.9041400000000002,0.00822344
25.5431,1.9044900000000002,0.013174600000000002
25.5751,1.90498,0.0172493
25.6072,1.9055799999999998,0.0204084
25.6392,1.90628,0.022622999999999997
25.6712,1.9070200000000002,0.023874700000000002
25.7033,1.9078,0.0241552
25.7353,1.9085599999999998,0.023466099999999997
25.7674,1.9092900000000002,0.0218184
25.7994,1.90995,0.019231799999999997
25.8315,1.91051,0.0157345
25.8635,1.91095,0.011362100000000002
25.8956,1.91123,0.00615723
25.9276,1.91133,0.00016856
25.9597,1.91123,-0.00654971
25.9917,1.9109099999999999,-0.013938599999999999
26.0243,1.91032,-0.0220734
26.0575,1.9094400000000002,-0.030941399999999997
26.0915,1.9082299999999999,-0.0405406
26.1265,1.9066299999999998,-0.050882300000000005
26.1629,1.90458,-0.062002699999999994
26.201,1.90199,-0.073989
26.241999999999997,1.8986900000000002,-0.0870584
26.2884,1.89431,-0.101909
26.3324,1.8895099999999998,-0.115871
26.3778,1.8839400000000002,-0.129856
26.416,1.87875,-0.141201
26.4542,1.87315,-0.151997
26.4925,1.8671400000000002,-0.162119
26.5307,1.8607599999999997,-0.17144600000000002
26.5689,1.8540400000000001,-0.179862
26.6072,1.84702,-0.187257
26.6408,1.8406200000000001,-0.19284400000000002
26.6745,1.8340400000000001,-0.197491
26.7082,1.82732,-0.20113599999999998
26.7419,1.8204900000000002,-0.203727
26.7756,1.8136,-0.20521599999999998
26.8093,1.8066799999999998,-0.205565
26.843000000000004,1.7997599999999998,-0.204743
26.8767,1.79289,-0.202732
26.9104,1.7861099999999999,-0.199522
26.9441,1.7794599999999998,-0.195118
26.9778,1.77298,-0.18953499999999998
27.011999999999997,1.7666099999999998,-0.182704
27.0466,1.76043,-0.174623
27.0818,1.7544400000000002,-0.165285
27.1176,1.7487,-0.15468800000000002
27.1543,1.7432400000000001,-0.14282899999999998
27.1921,1.7380900000000001,-0.129705
27.2312,1.7333,-0.11529600000000001
27.2722,1.72889,-0.09954260000000001
27.3161,1.7249,-0.08225700000000001
27.3653,1.72133,-0.0627524
27.4134,1.7187700000000001,-0.0440656
27.4629,1.71705,-0.025702299999999997
27.5038,1.71629,-0.011572
27.5448,1.7160799999999998,0.00133162
27.5857,1.71638,0.0127675
27.6266,1.7171,0.0225266
27.6675,1.71819,0.0304368
27.7034,1.7193900000000002,0.035749199999999995
27.7393,1.7207400000000002,0.0394727
27.7752,1.7222,0.041569
27.8111,1.7237099999999999,0.04202380000000001
27.8471,1.7252,0.0408453
27.883000000000003,1.72662,0.03806280000000001
27.9189,1.7279099999999998,0.0337245
27.9548,1.7290299999999998,0.0278954
27.9907,1.7299,0.0206549
28.0266,1.73049,0.0120946
28.0625,1.73075,0.00231598
28.0984,1.73065,-0.00857121
28.1352,1.7301099999999998,-0.0207576
28.1728,1.72908,-0.0341642
28.2115,1.72748,-0.0487833
28.2515,1.72521,-0.0646443
28.2933,1.72215,-0.0818358
28.3378,1.7180900000000001,-0.10057999999999999
28.3869,1.7126400000000002,-0.1215
28.4491,1.7042700000000002,-0.147893
28.496,1.69687,-0.16736199999999998
28.5429,1.68858,-0.186128
28.5898,1.6794200000000001,-0.203915
28.6312,1.67068,-0.21857600000000002
28.6726,1.66134,-0.232073
28.714000000000002,1.6514799999999998,-0.24422399999999997
28.7554,1.64114,-0.25485
28.7968,1.6304,-0.263778
28.8382,1.61933,-0.270842
28.8796,1.608,-0.275885
28.921,1.5965200000000002,-0.27876100000000004
28.9624,1.5849600000000001,-0.27934200000000003
29.0038,1.57342,-0.277516
29.0452,1.5620100000000001,-0.27319499999999997
29.0866,1.55084,-0.26632100000000003
29.128,1.54,-0.256869
29.1698,1.5295,-0.24471700000000002
29.2125,1.51937,-0.229704
29.2561,1.5097200000000002,-0.21171900000000002
29.3011,1.5006700000000002,-0.190678
29.3476,1.49235,-0.166519
29.3962,1.48491,-0.13918699999999998
29.4478,1.47852,-0.10856700000000001
29.5042,1.47337,-0.0742044
29.5723,1.46971,-0.03321180000000001
29.6279,1.46875,-0.00186452
29.6835,1.46945,0.0262262
29.7319,1.4712399999999999,0.0471092
29.7803,1.47394,0.0639854
29.8287,1.47735,0.07636369999999999
29.8771,1.48125,0.0839276
29.9254,1.4854,0.08654010000000001
29.9738,1.48955,0.084233
30.0222,1.49347,0.0771847
30.0706,1.49695,0.06569030000000001
30.119,1.49976,0.0501288
30.1674,1.5017399999999999,0.0309314
30.2158,1.50271,0.0085538
30.2642,1.50252,-0.0165451
30.3125,1.5010700000000001,-0.04391880000000001
30.3609,1.49824,-0.0731433
30.4111,1.4937799999999999,-0.104966
30.4645,1.48724,-0.140121
30.5234,1.47783,-0.179832
30.5954,1.4631100000000001,-0.229021
30.6573,1.44761,-0.271227
30.7193,1.42951,-0.312773
30.7812,1.40888,-0.353179
30.8432,1.3857899999999999,-0.391996
30.9051,1.36035,-0.42881
30.9671,1.33271,-0.46323400000000003
31.029,1.30301,-0.494911
31.090999999999998,1.27145,-0.523516
31.1538,1.23773,-0.549095
31.2202,1.20049,-0.57209
31.2919,1.1587100000000001,-0.592029
31.3716,1.11089,-0.6080760000000001
31.4641,1.05403,-0.618951
31.5831,0.980075,-0.6228239999999999
31.7252,0.891642,-0.623096
31.8259,0.828413,-0.636655
31.8979,0.781554,-0.668081
31.9574,0.740397,-0.720789
32.0083,0.70192,-0.79764
32.0527,0.664381,-0.9013629999999999
32.0918,0.626618,-1.03467
32.131,0.582593,-1.22456
32.1619,0.541797,-1.4302700000000002
32.1927,0.49364600000000003,-1.7050900000000002
32.2177,0.447479,-1.9966
32.2428,0.39303699999999997,-2.37022
32.2636,0.339634,-2.7631799999999997
32.2845,0.277082,-3.25086
32.3024,0.214365,-3.7636300000000005
32.3203,0.141543,-4.38149
32.3382,0.0565683,-5.12259
32.3536,-0.027636,-5.86684
32.3689,-0.124073,-6.716419999999999
32.3843,-0.23431799999999997,-7.6631800000000005
32.3996,-0.35967,-8.6777
32.4168,-0.518266,-9.8125
32.4295,-0.6480670000000001,-10.5706
32.4422,-0.786554,-11.1619
32.4526,-0.903465,-11.4517
32.4629,-1.02225,-11.517999999999999
32.4732,-1.1404100000000001,-11.325999999999999
32.4835,-1.25519,-10.8646
32.4939,-1.36389,-10.1527
32.5042,-1.46414,-9.23836
32.5139,-1.54898,-8.25711
32.5239,-1.6264299999999998,-7.18492
32.5339,-1.69311,-6.11979
32.544000000000004,-1.74938,-5.1142
32.554,-1.7960099999999999,-4.2035599999999995
32.5644,-1.83539,-3.37805
32.5734,-1.86307,-2.76555
32.5825,-1.8856400000000002,-2.24571
32.5915,-1.9039,-1.811
32.6005,-1.9185900000000002,-1.45184
32.6096,-1.9303299999999999,-1.15801
32.6186,-1.9396799999999998,-0.91955
32.6277,-1.9470900000000002,-0.727291
32.6367,-1.9529400000000001,-0.573121
32.6457,-1.95754,-0.450057
32.6549,-1.96118,-0.3513
32.6643,-1.9641,-0.271003
32.6741,-1.96642,-0.20613800000000002
32.6843,-1.96825,-0.154282
32.6949,-1.9696599999999997,-0.113352
32.7061,-1.9707400000000002,-0.0815471
32.7179,-1.97155,-0.0573052
32.7303,-1.97215,-0.0392788
32.7435,-1.9725700000000002,-0.0263098
32.7575,-1.9728700000000001,-0.0174085
32.7725,-1.9730900000000002,-0.011735299999999999
32.7887,-1.97325,-0.00858358
32.8061,-1.9733900000000002,-0.00736368
32.8251,-1.97353,-0.00758801
32.846,-1.9737,-0.00885666
32.8695,-1.97393,-0.010845200000000001
32.8966,-1.97426,-0.0133023
32.9323,-1.97478,-0.0161613
32.9638,-1.97532,-0.018031000000000002
32.9953,-1.9759099999999998,-0.019147900000000002
33.0268,-1.97652,-0.019453900000000003
33.0583,-1.9771299999999998,-0.0189267
33.0898,-1.9777,-0.0175644
33.1213,-1.97822,-0.0153781
33.1528,-1.9786599999999999,-0.0123882
33.1842,-1.979,-0.00862297
33.2157,-1.9792,-0.00411702
33.2472,-1.97925,0.00108923
33.2787,-1.97912,0.0069503
33.3102,-1.9788,0.013416200000000001
33.3417,-1.97827,0.0204331
33.3732,-1.9775099999999999,0.027943700000000002
33.4055,-1.97648,0.03611369999999999
33.4388,-1.9751299999999998,0.044909899999999996
33.4731,-1.97343,0.05434919999999999
33.5089,-1.9713,0.0644825
33.5469,-1.96865,0.075431
33.5884,-1.9652599999999998,0.0875215
33.6394,-1.96043,0.102279
33.6796,-1.9560799999999998,0.11368800000000001
33.7198,-1.9512900000000002,0.124733
33.76,-1.94606,0.135277
33.7945,-1.94124,0.14382799999999998
33.829,-1.9361400000000002,0.151823
33.8635,-1.93077,0.159183
33.8981,-1.9251599999999998,0.165829
33.9326,-1.91933,0.171689
33.9671,-1.9133099999999998,0.176695
34.0016,-1.90714,0.180784
34.0362,-1.90084,0.183901
34.0707,-1.89445,0.185996
34.1052,-1.8880099999999997,0.187029
34.1397,-1.88155,0.186968
34.1743,-1.8751099999999998,0.185792
34.2088,-1.86873,0.183489
34.2433,-1.86245,0.180061
34.2778,-1.85631,0.17552
34.3124,-1.85035,0.16989300000000002
34.3469,-1.8445900000000002,0.16322
34.3814,-1.8390900000000001,0.155554
34.4159,-1.8338599999999998,0.146963
34.4505,-1.82895,0.137531
34.4855,-1.8243099999999999,0.127187
34.5216,-1.81992,0.11586400000000001
34.559,-1.81581,0.103529
34.5984,-1.8119999999999998,0.09011269999999999
34.6406,-1.8085099999999998,0.0754082
34.6887,-1.80528,0.0586442
34.7339,-1.80298,0.0432376
34.7796,-1.80135,0.028338599999999995
34.8182,-1.8004900000000001,0.016534200000000002
34.8568,-1.8000599999999998,0.00564936
34.8953,-1.80004,-0.00414146
34.9339,-1.80037,-0.012683799999999999
34.9725,-1.801,-0.0198463
35.0065,-1.8017599999999998,-0.0249266
35.0405,-1.8026799999999998,-0.0287983
35.0745,-1.80371,-0.0314218
35.1085,-1.8048,-0.0327739
35.1425,-1.80592,-0.0328471
35.1764,-1.80702,-0.0316488
35.2104,-1.8080599999999998,-0.0292004
35.2444,-1.80899,-0.0255362
35.2784,-1.80978,-0.020702099999999998
35.3124,-1.8103900000000002,-0.014754699999999999
35.3464,-1.81077,-0.00775929
35.3804,-1.8109,0.000210751
35.4143,-1.81075,0.00907547
35.449,-1.8102599999999998,0.0189371
35.4843,-1.80941,0.029762599999999997
35.5205,-1.8081200000000002,0.041545099999999995
35.5577,-1.80633,0.0542971
35.5965,-1.80397,0.06806469999999999
35.6372,-1.80089,0.0829627
35.6811,-1.79689,0.0992843
35.7313,-1.7914299999999999,0.118022
35.7786,-1.7854400000000001,0.135437
35.8258,-1.7786400000000002,0.152366
35.8667,-1.77213,0.166405
35.9076,-1.76505,0.179707
35.9484,-1.75745,0.192104
35.9893,-1.74937,0.203432
36.0301,-1.74085,0.21353200000000003
36.071,-1.73194,0.22225100000000003
36.1118,-1.72271,0.229446
36.1527,-1.71321,0.234981
36.1936,-1.70353,0.238734
36.2344,-1.69373,0.24059699999999998
36.2753,-1.68389,0.24047800000000003
36.3161,-1.6741099999999998,0.23830900000000002
36.357,-1.66445,0.23404299999999997
36.3979,-1.6550099999999999,0.22766199999999998
36.4387,-1.6458700000000002,0.219181
36.4796,-1.63713,0.20864899999999997
36.5204,-1.62885,0.196154
36.5613,-1.6211200000000001,0.181828
36.6021,-1.61402,0.16584400000000002
36.6439,-1.60745,0.148011
36.6873,-1.60145,0.128193
36.7331,-1.59609,0.10629300000000001
36.7824,-1.59144,0.0820173
36.8395,-1.58756,0.05401569999999999
36.8914,-1.5854,0.029387599999999996
36.9434,-1.5844799999999999,0.006434100000000001
36.9877,-1.5846,-0.0112754
37.0321,-1.58545,-0.0267851
37.0765,-1.58694,-0.03973309999999999
37.1209,-1.58893,-0.0498315
37.1652,-1.59131,-0.056874
37.2096,-1.5939299999999998,-0.0607383
37.2487,-1.59633,-0.061475800000000004
37.2878,-1.59871,-0.05973680000000001
37.3269,-1.60097,-0.0555841
37.366,-1.6030200000000001,-0.0491156
37.4051,-1.6047799999999999,-0.0404583
37.4442,-1.60616,-0.029762200000000003
37.4833,-1.6070799999999998,-0.017194099999999997
37.523,-1.60748,-0.00270082
37.5634,-1.60727,0.0136435
37.6047,-1.60633,0.0318007
37.6472,-1.60456,0.0517659
37.6913,-1.6018,0.07358680000000001
37.7375,-1.59785,0.09740850000000001
37.7869,-1.5924,0.12359500000000001
37.8419,-1.58479,0.153187
37.9033,-1.57436,0.186202
37.9566,-1.56369,0.21433400000000002
38.0099,-1.55154,0.24155
38.0631,-1.53798,0.267431
38.1164,-1.52308,0.291562
38.1634,-1.5089299999999999,0.31103800000000004
38.2103,-1.49391,0.328544
38.2572,-1.47813,0.34379
38.3042,-1.4616799999999999,0.356482
38.3511,-1.44471,0.366323
38.398,-1.42734,0.37301799999999996
38.4457,-1.40947,0.376293
38.4942,-1.3912,0.375668
38.5439,-1.37265,0.370577
38.595,-1.3539700000000001,0.360348
38.6477,-1.33538,0.344196
38.7024,-1.31715,0.321202
38.7596,-1.29962,0.29031599999999996
38.82,-1.28326,0.25035799999999997
38.8844,-1.26871,0.200042
38.9546,-1.25681,0.138022
39.0336,-1.24886,0.0628591
39.1309,-1.24726,-0.028798400000000005
39.2178,-1.25294,-0.0992235
39.2917,-1.262,-0.14310599999999998
39.3656,-1.2736100000000001,-0.167509
39.4258,-1.28389,-0.171496
39.486,-1.29397,-0.161353
39.5462,-1.30305,-0.138243
39.6064,-1.31039,-0.10397100000000001
39.6666,-1.31539,-0.0606034
39.7268,-1.31755,-0.010131
39.787,-1.3165,0.0457534
39.8472,-1.31196,0.105771
39.9108,-1.30312,0.172739
39.9805,-1.28841,0.249862
40.0602,-1.26482,0.343039
40.1573,-1.22563,0.466054
40.243,-1.18058,0.588298
40.3172,-1.13248,0.711919
40.3914,-1.0742399999999999,0.8637469999999999
40.4538,-1.0154,1.02846
40.5163,-0.944629,1.25114
40.5711,-0.868864,1.5283799999999998
40.6141,-0.796974,1.8348
40.6476,-0.730157,2.1604
40.6758,-0.664462,2.51962
40.7002,-0.5984510000000001,2.91893
40.7217,-0.531104,3.36404
40.7431,-0.453009,3.9241099999999998
40.7605,-0.3804,4.482469999999999
40.7778,-0.297122,5.16063
40.7926,-0.215574,5.85588
40.8074,-0.122829,6.6731300000000005
40.8223,-0.016981700000000002,7.62414
40.8371,0.103978,8.71
40.8519,0.241931,9.90949
40.8668,0.398173,11.162
40.8794,0.5457069999999999,12.1826
40.8898,0.6769609999999999,12.9109
40.9003,0.814901,13.4476
40.9091,0.934243,13.687000000000001
40.9179,1.05465,13.6842
40.9266,1.17385,13.4087
40.9354,1.2894,12.8533
40.9442,1.39891,12.039000000000001
40.9531,1.50134,11.0014
40.9617,1.5911899999999999,9.85551
40.9706,1.67308,8.606160000000001
40.9794,1.74385,7.359789999999999
40.9883,1.80381,6.1763
40.9972,1.85372,5.0972599999999995
41.0073,1.89982,4.0199
41.0152,1.92865,3.3037400000000003
41.0231,1.9522400000000002,2.69116
41.031000000000006,1.97138,2.17443
41.0389,1.98679,1.74344
41.0468,1.9991,1.3872200000000001
41.0547,2.00886,1.09493
41.0626,2.01653,0.8564639999999999
41.0705,2.0225,0.662779
41.0784,2.0270900000000003,0.505997
41.0862,2.03056,0.379405
41.0944,2.03321,0.27446
41.1028,2.03515,0.187829
41.1116,2.03647,0.11673499999999999
41.1208,2.03727,0.0587754
41.1304,2.0375900000000002,0.011855200000000002
41.1404,2.03752,-0.0258495
41.151,2.03708,-0.0559235
41.1622,2.03631,-0.07973889999999999
41.1741,2.03525,-0.0984767
41.1867,2.0339099999999997,-0.11314600000000001
41.2001,2.0323,-0.124601
41.2146,2.03044,-0.13355699999999998
41.2301,2.0283,-0.140603
41.2469,2.0259,-0.14621099999999998
41.2651,2.02319,-0.150751
41.2849,2.0201700000000002,-0.154496
41.3064,2.01681,-0.157626
41.3298,2.01309,-0.16023900000000002
41.3549,2.00904,-0.162353
41.3815,2.00469,-0.163932
41.4092,2.00014,-0.164918
41.4376,1.99545,-0.16526
41.4664,1.9907,-0.164926
41.4952,1.98596,-0.163908
41.5243,1.9812,-0.162181
41.5535,1.9765099999999998,-0.159761
41.5831,1.97183,-0.156612
41.6126,1.9672599999999998,-0.152777
41.6426,1.9627400000000002,-0.148197
41.673,1.9583099999999998,-0.14289200000000002
41.7038,1.9540099999999998,-0.13686800000000002
41.7351,1.94983,-0.130127
41.7669,1.9458,-0.122672
41.7995,1.9419400000000002,-0.114505
41.8329,1.9382599999999999,-0.10562300000000001
41.8675,1.93477,-0.09600800000000001
41.9037,1.9314799999999999,-0.0856144
41.9422,1.92841,-0.0743189
41.9847,1.9255099999999998,-0.0617376
42.0308,1.92298,-0.0482625
42.0706,1.9212799999999999,-0.0370013
42.1103,1.92003,-0.0262628
42.1501,1.9191900000000002,-0.0162243
42.184,1.91877,-0.00834397
42.2178,1.91861,-0.00118574
42.2517,1.91868,0.00516659
42.2856,1.91895,0.01064
42.3195,1.9193900000000002,0.015172999999999999
42.3533,1.9199700000000002,0.0187165
42.3872,1.92065,0.0212337
42.4211,1.9214,0.022700400000000003
42.455,1.92218,0.0231049
42.4889,1.92295,0.0224475
42.5227,1.9236799999999998,0.020740099999999997
42.5566,1.9243400000000002,0.0180055
42.5905,1.9248900000000002,0.0142763
42.6244,1.9253,0.00959474
42.6583,1.92553,0.00401105
42.6921,1.92556,-0.00241691
42.726000000000006,1.92536,-0.00962479
42.7599,1.9249,-0.017542500000000003
42.7938,1.9241599999999999,-0.026095099999999996
42.8277,1.92313,-0.035203500000000006
42.8615,1.92177,-0.0447853
42.8968,1.9200099999999998,-0.0551613
42.9335,1.9177799999999998,-0.06632360000000001
42.9724,1.91497,-0.0783911
43.0148,1.91136,-0.0916949
43.0659,1.9062700000000001,-0.10766500000000001
43.108000000000004,1.90147,-0.120571
43.1501,1.8961299999999999,-0.13306700000000002
43.1921,1.89028,-0.144984
43.2279,1.8849200000000002,-0.15453499999999998
43.2637,1.87923,-0.163449
43.2994,1.8732400000000002,-0.171631
43.3352,1.86696,-0.178988
43.371,1.86045,-0.185435
43.4067,1.8537099999999997,-0.190889
43.4425,1.8468,-0.195276
43.4783,1.8397599999999998,-0.19852999999999998
43.513999999999996,1.8326200000000001,-0.20059100000000002
43.5498,1.82542,-0.20140999999999998
43.5856,1.81823,-0.200949
43.6213,1.8110700000000002,-0.199184
43.6571,1.8039900000000002,-0.196101
43.6928,1.79705,-0.19170299999999998
43.7286,1.7903,-0.18600799999999998
43.7644,1.7837599999999998,-0.179051
43.8001,1.7775,-0.17088599999999998
43.8359,1.77155,-0.161582
43.8717,1.7659599999999998,-0.151231
43.908,1.7606700000000002,-0.13976
43.9453,1.7556900000000002,-0.1271
43.983999999999995,1.7510400000000002,-0.113224
44.0245,1.7467599999999999,-0.0980727
44.0679,1.7428599999999999,-0.0814622
44.1165,1.7393599999999998,-0.0627336
44.1642,1.7368,-0.0446585
44.2133,1.73505,-0.0269291
44.2538,1.7342400000000002,-0.0132854
44.2942,1.73395,-0.000787017
44.3347,1.73415,0.0103398
44.3751,1.7347700000000001,0.0198975
44.4156,1.73574,0.0277219
44.4511,1.73682,0.0330564
44.4865,1.73807,0.036895300000000006
44.522,1.73942,0.0391986
44.5575,1.7408299999999999,0.0399484
44.593,1.7422400000000002,0.0391477
44.6285,1.7435900000000002,0.0368191
44.663999999999994,1.7448299999999999,0.033003199999999996
44.6995,1.7459200000000001,0.0277564
44.735,1.74679,0.021149200000000003
44.7704,1.7474,0.0132641
44.8059,1.7477200000000002,0.00419348
44.8414,1.7476900000000002,-0.00596215
44.8776,1.74727,-0.017314799999999998
44.9145,1.7464,-0.0298248
44.9523,1.74502,-0.0434839
44.9913,1.7430299999999999,-0.058308900000000004
45.032,1.7403400000000002,-0.0743603
45.0749,1.73678,-0.0917913
45.1214,1.73206,-0.11100299999999999
45.1757,1.7254200000000002,-0.133483
45.2245,1.71842,-0.153394
45.2733,1.7104599999999999,-0.1727
45.316,1.70275,-0.188834
45.3586,1.6943599999999999,-0.20406400000000002
45.4013,1.68535,-0.21818600000000002
45.4439,1.67577,-0.231001
45.4866,1.66567,-0.24231799999999998
45.5292,1.6551200000000001,-0.251947
45.5719,1.6442,-0.259709
45.6145,1.633,-0.265434
45.6572,1.6215899999999999,-0.268967
45.6999,1.61008,-0.270167
45.7425,1.59858,-0.268916
45.7852,1.58718,-0.26511999999999997
45.8278,1.5759999999999998,-0.258716
45.8705,1.56515,-0.24968200000000002
45.9131,1.55473,-0.238035
45.9558,1.54488,-0.22384600000000002
45.9984,1.53567,-0.207242
46.0421,1.52704,-0.187949
46.0872,1.51906,-0.165871
46.1341,1.51185,-0.14096
46.1837,1.5055399999999999,-0.113125
46.2374,1.5003,-0.08203819999999999
46.2998,1.49631,-0.0459786
46.3557,1.49461,-0.0151644
46.4117,1.49456,0.012962000000000001
46.4594,1.4957,0.0339747
46.5072,1.49775,0.0515544
46.5549,1.5005600000000001,0.0652005
46.6027,1.50391,0.0745576
46.6504,1.5076100000000001,0.07942439999999999
46.6982,1.5114299999999998,0.07975039999999999
46.7459,1.51515,0.07562260000000001
46.7937,1.5185799999999998,0.0672434
46.8414,1.5215100000000001,0.054904999999999995
46.8892,1.52377,0.038962699999999996
46.9369,1.52518,0.0198103
46.9847,1.5256100000000001,-0.00214066
47.0324,1.52494,-0.0264772
47.0802,1.52305,-0.05279590000000001
47.1279,1.51987,-0.0807102
47.1778,1.51509,-0.11118299999999999
47.2313,1.50824,-0.14491300000000001
47.2913,1.4984,-0.183444
47.3579,1.48475,-0.226467
47.4245,1.46825,-0.268996
47.48,1.45234,-0.303579
47.5356,1.43454,-0.336931
47.5911,1.4149399999999999,-0.368666
47.6467,1.39362,-0.398409
47.7022,1.3707200000000002,-0.42578299999999997
47.7578,1.34637,-0.450409
47.8133,1.32074,-0.4719
47.8703,1.2933,-0.490278
47.9295,1.26383,-0.504942
47.9916,1.23214,-0.5149229999999999
48.0575,1.19802,-0.518754
48.1287,1.16119,-0.514123
48.2075,1.12127,-0.49707399999999996
48.299,1.07735,-0.459505
48.4098,1.03026,-0.385179
48.5055,0.997577,-0.293193
48.6013,0.974942,-0.175669
48.696999999999996,0.9646049999999999,-0.0376538
48.7927,0.96798,0.107779
48.9086,0.989769,0.25999099999999997
49.0054,1.0189,0.330755
49.1022,1.05126,0.323975
49.1844,1.0754,0.253816
49.2667,1.0916700000000001,0.13466
49.3381,1.09671,0.00307841
49.4095,1.09169,-0.146288
49.4817,1.07521,-0.31245500000000004
49.5557,1.0452,-0.5023489999999999
49.6298,1.00001,-0.726023
49.6909,0.948815,-0.957041
49.7521,0.881394,-1.26396
49.8017,0.810653,-1.6097700000000001
49.8381,0.746028,-1.9557400000000003
49.868,0.682213,-2.32898
49.8935,0.617876,-2.73795
49.9157,0.552045,-3.18971
49.938,0.4749,-3.7594
49.9557,0.403704,-4.320069999999999
49.9733,0.32156599999999996,-5.00277
49.9883,0.241617,-5.6973199999999995
50.0033,0.150357,-6.51657
50.0183,0.0458046,-7.47501
50.0313,-0.058136400000000005,-8.43115
50.0444,-0.175272,-9.48893
50.0575,-0.306764,-10.6184
50.0718,-0.466873,-11.8554
50.083,-0.605279,-12.7501
50.0928,-0.733476,-13.3912
50.1026,-0.8670040000000001,-13.8256
50.111000000000004,-0.9847229999999999,-13.9775
50.1195,-1.1027,-13.8818
50.128,-1.21874,-13.5168
50.1364,-1.33055,-12.8846
50.1449,-1.43598,-12.013
50.1539,-1.5399,-10.870999999999999
50.1622,-1.62513,-9.71
50.1705,-1.70052,-8.50437
50.1788,-1.76597,-7.315
50.1871,-1.8218,-6.1904699999999995
50.1953,-1.8687200000000002,-5.16416
50.2045,-1.9113,-4.1655
50.2123,-1.9409,-3.43183
50.2201,-1.9651900000000002,-2.80423
50.2279,-1.9849700000000001,-2.2749
50.2357,-2.00096,-1.8335599999999999
50.2435,-2.01381,-1.46896
50.2514,-2.02408,-1.17
50.2592,-2.0322299999999998,-0.926264
50.266999999999996,-2.03867,-0.7284619999999999
50.2748,-2.04371,-0.568485
50.2826,-2.04763,-0.43942200000000003
50.2906,-2.0507,-0.333354
50.2989,-2.05308,-0.245792
50.3074,-2.05487,-0.173834
50.3164,-2.0561599999999998,-0.115047
50.3258,-2.057,-0.0673189
50.3356,-2.05747,-0.028808799999999996
50.346000000000004,-2.0576,0.00208712
50.3569,-2.05743,0.026760500000000003
50.3685,-2.057,0.0464134
50.3808,-2.05633,0.0620783
50.3939,-2.05543,0.0746358
50.408,-2.0543,0.0848307
50.4232,-2.05295,0.0932867
50.4396,-2.05136,0.10052
50.4574,-2.0495099999999997,0.106951
50.4769,-2.04736,0.11291300000000001
50.4983,-2.04488,0.11865999999999999
50.5217,-2.04203,0.124359
50.5474,-2.03877,0.130078
50.575,-2.0351,0.135769
50.604,-2.0310799999999998,0.141281
50.6338,-2.02679,0.146432
50.6635,-2.02237,0.151058
50.6933,-2.01781,0.155126
50.723,-2.01314,0.158605
50.7528,-2.00838,0.16146300000000002
50.7826,-2.00354,0.163672
50.8123,-1.9986400000000002,0.165208
50.8421,-1.9937099999999999,0.166049
50.8718,-1.9887700000000001,0.166179
50.9016,-1.98383,0.165588
50.9313,-1.97892,0.164269
50.9611,-1.97406,0.162222
50.9909,-1.96927,0.159452
51.0206,-1.96458,0.155971
51.0504,-1.96,0.15179700000000002
51.0806,-1.9554799999999999,0.146867
51.1113,-1.9510599999999998,0.141202
51.1424,-1.9467700000000001,0.13480899999999998
51.174,-1.94262,0.127691
51.2062,-1.9386299999999999,0.11985
51.2392,-1.93481,0.111285
51.2733,-1.93118,0.10199
51.3086,-1.92775,0.09193630000000001
51.3458,-1.9245400000000001,0.0810535
51.3858,-1.92153,0.0691423
51.4319,-1.9186599999999998,0.05545419999999999
51.4739,-1.9165900000000002,0.043241699999999994
51.5158,-1.9150200000000002,0.0315019
51.552,-1.9140599999999999,0.0219428
51.5881,-1.91343,0.0130245
51.6242,-1.9131099999999999,0.00486805
51.6603,-1.91307,-0.0024171
51.6964,-1.91327,-0.00873476
51.7282,-1.91362,-0.013431799999999999
51.76,-1.91412,-0.0172694
51.7918,-1.91471,-0.0202116
51.8236,-1.9153900000000001,-0.022232
51.8554,-1.91612,-0.023314500000000002
51.8872,-1.9168599999999998,-0.0234524
51.9191,-1.9176,-0.022648500000000002
51.9509,-1.91829,-0.0209144
51.9827,-1.9189200000000002,-0.0182702
52.0145,-1.91945,-0.0147438
52.0463,-1.91985,-0.010370299999999999
52.0781,-1.9201,-0.00519138
52.1099,-1.9201700000000002,0.0007455119999999999
52.1417,-1.9200400000000002,0.00738761
52.1735,-1.9196900000000001,0.0146776
52.2059,-1.9190900000000002,0.022715799999999998
52.239,-1.91819,0.0314726
52.2729,-1.91697,0.0409448
52.3078,-1.91536,0.051144300000000004
52.343999999999994,-1.9133099999999998,0.0621082
52.3821,-1.9107299999999998,0.07392560000000001
52.423,-1.9074400000000002,0.0868192
52.4695,-1.9030599999999998,0.10152
52.5134,-1.8982900000000003,0.115254
52.5582,-1.89283,0.128871
52.5961,-1.88773,0.139964
52.6341,-1.88221,0.150518
52.672,-1.87631,0.160411
52.71,-1.87005,0.169526
52.7479,-1.86346,0.177751
52.7858,-1.85658,0.184979
52.8193,-1.8502900000000002,0.190448
52.8528,-1.8438400000000001,0.195
52.8862,-1.83725,0.198576
52.9197,-1.83056,0.201124
52.9532,-1.8238,0.2026
52.9866,-1.8170099999999998,0.202966
53.0201,-1.81023,0.202194
53.0536,-1.80349,0.200265
53.086999999999996,-1.7968400000000002,0.197171
53.1205,-1.7903,0.192916
53.153999999999996,-1.78394,0.18751600000000002
53.1879,-1.7776900000000002,0.180912
53.2222,-1.77161,0.1731
53.257,-1.76573,0.164074
53.2926,-1.7600799999999999,0.15383
53.3289,-1.7547,0.14236600000000002
53.3662,-1.7496200000000002,0.129681
53.4049,-1.7448700000000001,0.11575799999999999
53.4453,-1.7405,0.10054500000000001
53.4885,-1.73652,0.0838811
53.5364,-1.73295,0.0652047
53.5869,-1.7301400000000002,0.0458334
53.6312,-1.72848,0.029566000000000002
53.6754,-1.7275099999999999,0.014320900000000001
53.7197,-1.7271900000000002,0.000432971
53.7575,-1.72738,-0.01013
53.7953,-1.7279400000000003,-0.019316299999999998
53.8331,-1.72882,-0.026987200000000003
53.8709,-1.72996,-0.0330314
53.9087,-1.7313,-0.0373674
53.9465,-1.7327599999999999,-0.0399427
53.9843,-1.73429,-0.0407342
54.0222,-1.7358200000000001,-0.0397459
54.06,-1.73728,-0.0370077
54.0978,-1.7386,-0.032572500000000004
54.1356,-1.7397200000000002,-0.026513299999999997
54.1734,-1.74058,-0.018921
54.2112,-1.7411299999999998,-0.00990093
54.248999999999995,-1.74131,0.000429446
54.2868,-1.74108,0.0119431
54.3246,-1.7404,0.0245056
54.3624,-1.73922,0.037977
54.4012,-1.73747,0.0525653
54.4413,-1.7350400000000001,0.06836560000000001
54.4834,-1.7318099999999998,0.0854937
54.5285,-1.72753,0.104226
54.57899999999999,-1.72173,0.125405
54.6307,-1.7147,0.146879
54.6831,-1.70643,0.16815
54.7266,-1.6987599999999998,0.185064
54.77,-1.6903700000000002,0.20111199999999999
54.8134,-1.6813099999999999,0.21608000000000002
54.8568,-1.67162,0.22975500000000001
54.9003,-1.66137,0.24192800000000003
54.9437,-1.6506299999999998,0.252399
54.9871,-1.6394799999999998,0.260972
55.0306,-1.62799,0.267463
55.074,-1.61628,0.2717
55.1174,-1.60443,0.273528
55.1609,-1.59255,0.272812
55.2043,-1.58077,0.269444
55.2477,-1.5691899999999999,0.263347
55.2911,-1.5579399999999999,0.254485
55.3346,-1.54713,0.242866
55.378,-1.53688,0.228554
55.4214,-1.52731,0.21167199999999997
55.4654,-1.51842,0.19214900000000001
55.5108,-1.5102,0.16975099999999999
55.558,-1.50278,0.14440999999999998
55.6078,-1.4962799999999998,0.116039
55.6617,-1.49089,0.0843393
55.7237,-1.48679,0.047788199999999996
55.7807,-1.48499,0.015665600000000002
55.8378,-1.48495,-0.013666
55.8861,-1.48615,-0.035401499999999995
55.9344,-1.48832,-0.053546
55.9828,-1.49126,-0.0675645
56.0311,-1.49478,-0.0770797
56.0794,-1.49864,-0.08188200000000001
56.1278,-1.50262,-0.0819259
56.1704,-1.50604,-0.0780961
56.213,-1.50922,-0.0707967
56.2557,-1.51203,-0.060238599999999996
56.2983,-1.51432,-0.046675699999999994
56.3409,-1.51597,-0.0303906
56.38399999999999,-1.51688,-0.0114454
56.4279,-1.51692,0.010078799999999999
56.473,-1.51593,0.0341289
56.5194,-1.51373,0.060712999999999996
56.5678,-1.51009,0.0899404
56.619,-1.5046700000000002,0.122109
56.6744,-1.49692,0.157953
56.738,-1.48555,0.199778
56.8011,-1.47161,0.241429
56.8643,-1.45505,0.282545
56.9275,-1.43592,0.322548
56.9828,-1.41717,0.356173
57.038000000000004,-1.3966100000000001,0.388177
57.0932,-1.3743299999999998,0.418217
57.1485,-1.35045,0.445956
57.2037,-1.32511,0.47105699999999995
57.2608,-1.29754,0.493885
57.3201,-1.26766,0.5138
57.3821,-1.23524,0.530088
57.448,-1.19992,0.541693
57.519,-1.16121,0.5469569999999999
57.5974,-1.1184,0.5430619999999999
57.6877,-1.0701,0.524519
57.7987,-1.01419,0.47857200000000005
57.9022,-0.9679549999999999,0.410138
58.0058,-0.9301659999999999,0.31535100000000005
58.1093,-0.903539,0.194976
58.2128,-0.8904799999999999,0.0548785
58.3164,-0.89236,-0.09018419999999999
58.4232,-0.909133,-0.21694699999999997
58.53,-0.93652,-0.282319
58.6083,-0.9585319999999999,-0.271351
58.6903,-0.9782489999999999,-0.19912
58.7588,-0.98849,-0.0933777
58.8273,-0.9902200000000001,0.0484849
58.8958,-0.9811129999999999,0.22262600000000002
58.9643,-0.95895,0.43061499999999997
59.0328,-0.921076,0.684435
59.1013,-0.863447,1.0146899999999999
59.1536,-0.801887,1.35771
59.1926,-0.742649,1.7001400000000002
59.2243,-0.6832199999999999,2.06423
59.2512,-0.622599,2.46034
59.2746,-0.560083,2.89603
59.298,-0.486088,3.44653
59.3164,-0.41783000000000003,3.98546
59.3348,-0.338588,4.64412
59.3503,-0.261671,5.31177
59.3658,-0.173484,6.10325
59.3813,-0.07197100000000001,7.03573
59.3945,0.027377999999999996,7.9551300000000005
59.4078,0.139652,8.981689999999999
59.4211,0.26615300000000003,10.0936
59.4348,0.412958,11.2798
59.4472,0.558876,12.2957
59.4575,0.6894640000000001,13.0218
59.4678,0.826607,13.5534
59.4765,0.9454739999999999,13.7876
59.4852,1.06535,13.7786
59.4938,1.18397,13.4971
59.5025,1.29894,12.937000000000001
59.5112,1.4079,12.12
59.52,1.5102799999999998,11.0772
59.5285,1.59905,9.941460000000001
59.5372,1.68061,8.696819999999999
59.54600000000001,1.75125,7.454910000000001
59.5547,1.81125,6.27473
59.5635,1.86135,5.19739
59.5734,1.9075799999999998,4.12582
59.5813,1.9370599999999998,3.40225
59.5891,1.96127,2.78314
59.597,1.9809999999999999,2.2608200000000003
59.6048,1.99698,1.82519
59.6127,2.00985,1.4652100000000001
59.6205,2.02015,1.16994
59.6283,2.0283599999999997,0.929143
59.6362,2.0348599999999997,0.7336699999999999
59.644,2.0399700000000003,0.5755319999999999
59.6519,2.0439700000000003,0.44792
59.6599,2.04714,0.3428
59.6683,2.04962,0.256025
59.6769,2.05151,0.18473499999999998
59.68600000000001,2.05291,0.12651099999999998
59.6954,2.05387,0.0792512
59.7053,2.0544599999999997,0.0411221
59.7157,2.05472,0.0105273
59.7267,2.0546900000000003,-0.0139183
59.7384,2.05441,-0.0334119
59.7508,2.0539,-0.048982
59.763999999999996,2.0531599999999997,-0.0615068
59.7782,2.0522099999999996,-0.0717303
59.7935,2.05105,-0.0802775
59.8101,2.04966,-0.0876683
59.8281,2.0480099999999997,-0.0943305
59.8478,2.04609,-0.100609
59.8695,2.0438400000000003,-0.10677400000000001
59.8935,2.04121,-0.113014
59.9197,2.03816,-0.11942
59.9482,2.0346599999999997,-0.12595
59.9782,2.03078,-0.132423
60.00899999999999,2.02661,-0.138605
60.0398,2.0222599999999997,-0.144299
60.0705,2.0177400000000003,-0.149464
60.1013,2.01306,-0.15406
60.1321,2.00826,-0.158045
60.1629,2.00334,-0.16138
60.1936,1.99833,-0.16403199999999998
60.2244,1.99325,-0.16597
60.2552,1.98813,-0.167168
60.286,1.9829700000000001,-0.167605
60.3167,1.9778200000000001,-0.167267
60.3475,1.97269,-0.16614500000000001
60.3783,1.9676,-0.164236
60.4091,1.96259,-0.161544
60.4398,1.95767,-0.15808
60.4706,1.9528599999999998,-0.153862
60.5014,1.9482,-0.14891600000000002
60.5322,1.9437099999999998,-0.143275
60.5633,1.93934,-0.13689500000000002
60.595,1.9351099999999999,-0.129775
60.6273,1.93105,-0.12191600000000001
60.6604,1.9271599999999998,-0.113319
60.6944,1.92346,-0.103977
60.7297,1.9199599999999999,-0.0938657
60.7668,1.91668,-0.0829221
60.8066,1.91362,-0.0709687
60.8518,1.91072,-0.057378399999999996
60.8943,1.90855,-0.0448215
60.9375,1.90688,-0.0325245
60.974,1.90588,-0.0227149
61.0104,1.9052200000000001,-0.0135527
61.0468,1.90488,-0.00516465
61.0833,1.90483,0.0023342
61.1197,1.90504,0.00884283
61.1517,1.9054,0.0136732
61.1837,1.9059,0.017626
61.2157,1.90652,0.020663499999999998
61.2476,1.9072099999999998,0.0227584
61.2796,1.9079599999999999,0.023893599999999997
61.3116,1.90873,0.024061900000000004
61.3436,1.9094900000000001,0.023266
61.3756,1.91021,0.0215178
61.4076,1.9108599999999998,0.0188379
61.4396,1.9114099999999998,0.015255200000000002
61.4716,1.91183,0.0108057
61.5036,1.91209,0.00553251
61.5355,1.9121700000000001,-0.000515466
61.5675,1.91205,-0.00728385
61.5995,1.9117,-0.0147136
61.6321,1.9110900000000002,-0.0229034
61.6654,1.91018,-0.0318262
61.6995,1.90893,-0.041479199999999994
61.7346,1.9072900000000002,-0.051875300000000006
61.7711,1.9052,-0.0630539
61.8094,1.90255,-0.0751096
61.8507,1.8991799999999999,-0.0882803
61.8979,1.89465,-0.103369
61.942,1.88979,-0.11729200000000001
61.9866,1.88425,-0.130991
62.0247,1.87905,-0.142215
62.0627,1.87343,-0.152883
62.1008,1.86742,-0.162872
62.1388,1.86105,-0.17206300000000002
62.1769,1.85434,-0.180341
62.2149,1.8473400000000002,-0.1876
62.253,1.84008,-0.193736
62.2864,1.83352,-0.198129
62.3199,1.82683,-0.201524
62.3533,1.82005,-0.203871
62.3868,1.8132099999999998,-0.20512600000000003
62.4202,1.80634,-0.20525100000000002
62.4537,1.7994900000000003,-0.20422
62.4871,1.7926900000000001,-0.202017
62.5205,1.7859900000000002,-0.198633
62.553999999999995,1.77942,-0.194076
62.5878,1.77295,-0.18829400000000002
62.622,1.76662,-0.181277
62.6567,1.7604799999999998,-0.173013
62.692,1.7545400000000002,-0.163496
62.7279,1.74885,-0.152723
62.7647,1.74345,-0.140693
62.8027,1.73836,-0.1274
62.842,1.73364,-0.112821
62.8833,1.7293,-0.0968842
62.9278,1.72538,-0.0793653
62.9783,1.7218799999999999,-0.059387999999999996
63.026,1.7194900000000002,-0.0410003
63.0737,1.71795,-0.023521200000000003
63.1144,1.71728,-0.00966674
63.155,1.71715,0.00294216
63.1957,1.7175,0.014073599999999999
63.2364,1.71827,0.0235276
63.277,1.7193900000000002,0.0311404
63.3129,1.7206,0.0362221
63.3487,1.72197,0.039718
63.3845,1.72343,0.0415932
63.4203,1.7249299999999999,0.0418364
63.4562,1.7264099999999998,0.040458600000000004
63.492,1.7278099999999998,0.0374913
63.5278,1.72907,0.0329844
63.5637,1.73015,0.027004200000000003
63.5995,1.7309900000000003,0.019631
63.6353,1.73154,0.0109569
63.6712,1.7317599999999997,0.00108373
63.7074,1.7316,-0.0100118
63.7443,1.73101,-0.022325900000000003
63.782,1.7299200000000001,-0.0358462
63.8208,1.7282400000000002,-0.0505759
63.861000000000004,1.7258900000000001,-0.0665503
63.903,1.7227299999999999,-0.0838681
63.9479,1.7185400000000002,-0.102777
63.9977,1.7129,-0.12399500000000001
64.0525,1.70547,-0.14719200000000002
64.0999,1.69802,-0.16684200000000002
64.1473,1.68966,-0.185778
64.1947,1.68042,-0.203715
64.236,1.6717,-0.21831
64.2774,1.6624,-0.23174499999999998
64.3187,1.65257,-0.243839
64.36,1.6422700000000001,-0.254413
64.4013,1.6315600000000001,-0.26329600000000003
64.4427,1.62053,-0.27032399999999995
64.484,1.60925,-0.27534000000000003
64.5253,1.59781,-0.27820100000000003
64.5666,1.58629,-0.278778
64.608,1.5748,-0.276961
64.6493,1.5634299999999999,-0.27266399999999996
64.6906,1.5523,-0.265828
64.7319,1.5415,-0.25643
64.7737,1.53103,-0.244346
64.8163,1.52094,-0.229417
64.8599,1.51132,-0.211536
64.9047,1.50229,-0.190619
64.9512,1.4939799999999999,-0.166606
64.9997,1.48655,-0.139442
65.0511,1.4801600000000001,-0.10901300000000001
65.1072,1.475,-0.0748791
65.1749,1.4713100000000001,-0.0342769
65.2306,1.4702899999999999,-0.00291561
65.2862,1.4709299999999998,0.0252297
65.3346,1.4726700000000001,0.046160599999999996
65.3829,1.47533,0.06312330000000001
65.4313,1.4787,0.07562410000000001
65.4797,1.48256,0.0833421
65.528,1.48668,0.0861347
65.5764,1.49082,0.08402710000000001
65.6247,1.49473,0.077191
65.6731,1.49821,0.0659153
65.7215,1.50104,0.050573400000000004
65.7698,1.50304,0.031592
65.8182,1.50405,0.00942354
65.8665,1.50391,-0.0154755
65.9149,1.50251,-0.042660000000000003
65.9633,1.49975,-0.07170639999999999
66.0132,1.49539,-0.10326099999999999
66.0664,1.48898,-0.13809100000000002
66.1249,1.47976,-0.17736300000000002
66.1956,1.4655,-0.225548
66.2578,1.4501700000000002,-0.267748
66.3199,1.43224,-0.309303
66.382,1.4117600000000001,-0.349718
66.4442,1.3888200000000002,-0.38853499999999996
66.5063,1.36352,-0.425325
66.5684,1.33602,-0.459687
66.6306,1.30646,-0.491245
66.6927,1.27504,-0.519655
66.7548,1.24196,-0.5445989999999999
66.8206,1.20539,-0.566918
66.8914,1.1645299999999998,-0.5859770000000001
66.9697,1.11805,-0.600784
67.0598,1.06345,-0.6097
67.1738,0.993827,-0.609637
67.308,0.912643,-0.599364
67.4327,0.8383219999999999,-0.595708
67.5128,0.790137,-0.611872
67.5771,0.749718,-0.6488619999999999
67.6318,0.712769,-0.709299
67.6793,0.677183,-0.795795
67.7211,0.641622,-0.9109379999999999
67.763,0.6001989999999999,-1.0793
67.7958,0.561866,-1.26439
67.8287,0.5164350000000001,-1.5151299999999999
67.8551,0.47289899999999996,-1.7826099999999998
67.8816,0.421284,-2.1287599999999998
67.9036,0.370754,-2.4933
67.9255,0.311267,-2.94943
67.9442,0.251893,-3.42841
67.9628,0.18265,-4.01032
67.9793,0.11180899999999999,-4.62446
67.9957,0.029988599999999997,-5.34811
68.0122,-0.0647035,-6.19135
68.0286,-0.174255,-7.15447
68.045,-0.30051,-8.21753
68.0615,-0.444716,-9.32504
68.0756,-0.583276,-10.2334
68.0875,-0.7086020000000001,-10.8829
68.0993,-0.840626,-11.3495
68.1094,-0.9555440000000001,-11.5421
68.1194,-1.07128,-11.5062
68.1294,-1.18539,-11.2175
68.1394,-1.29534,-10.6761
68.1495,-1.39869,-9.90992
68.1602,-1.4995,-8.90271
68.1697,-1.57946,-7.90857
68.1792,-1.64978,-6.883430000000001
68.1887,-1.71042,-5.88063
68.1982,-1.7618,-4.9414
68.208,-1.80587,-4.06804
68.2178,-1.84179,-3.3083
68.2277,-1.8712,-2.65357
68.2361,-1.89162,-2.18071
68.2446,-1.9083599999999998,-1.78188
68.2531,-1.9220099999999998,-1.44895
68.2616,-1.93308,-1.17341
68.27,-1.94203,-0.9469479999999999
68.2785,-1.94925,-0.761915
68.28699999999999,-1.9550400000000001,-0.61146
68.2957,-1.9598200000000001,-0.48623999999999995
68.3047,-1.9637099999999998,-0.383121
68.314,-1.9668700000000001,-0.29883899999999997
68.3237,-1.9694200000000002,-0.23053200000000001
68.3338,-1.97145,-0.175718
68.3443,-1.9730599999999998,-0.132251
68.3553,-1.97432,-0.09826489999999999
68.3669,-1.9753,-0.0721444
68.3791,-1.97606,-0.0524923
68.3921,-1.9766400000000002,-0.0381057
68.4058,-1.9770900000000002,-0.027954000000000003
68.4206,-1.97744,-0.0211597
68.4363,-1.97774,-0.0169811
68.4534,-1.9780099999999998,-0.0147953
68.4719,-1.97827,-0.014082599999999999
68.4923,-1.9785599999999999,-0.014410599999999999
68.5151,-1.9789,-0.015417400000000001
68.5413,-1.97932,-0.0167948
68.5744,-1.9799099999999998,-0.0182798
68.60600000000001,-1.9805,-0.0191011
68.6377,-1.98111,-0.019181
68.6693,-1.9817,-0.018457400000000002
68.7009,-1.98227,-0.016912
68.7326,-1.9827700000000001,-0.0145498
68.7642,-1.98318,-0.011389299999999998
68.7959,-1.98348,-0.00745897
68.8275,-1.98364,-0.00279429
68.8591,-1.98365,0.00256305
68.8908,-1.98347,0.00856624
68.9224,-1.9831,0.015163900000000001
68.9541,-1.9825099999999998,0.022300900000000002
68.9857,-1.9816799999999999,0.0299187
69.0182,-1.98058,0.0381748
69.0516,-1.9791599999999998,0.047052300000000005
69.0862,-1.97737,0.0565748
69.1223,-1.9751299999999998,0.0668045
69.1609,-1.97235,0.0778912
69.2037,-1.96875,0.0902679
69.2493,-1.96433,0.103377
69.2892,-1.9599799999999998,0.114599
69.3291,-1.9551900000000002,0.125447
69.3691,-1.94997,0.135784
69.4034,-1.94517,0.144155
69.4377,-1.94009,0.15197
69.472,-1.93475,0.15915
69.5063,-1.92918,0.165621
69.5406,-1.9234,0.171312
69.5749,-1.9174400000000003,0.17615699999999998
69.6091,-1.9113200000000001,0.180097
69.6434,-1.9050900000000002,0.183077
69.6777,-1.89878,0.185051
69.712,-1.89241,0.18598
69.7463,-1.8860299999999999,0.185835
69.7806,-1.87968,0.184594
69.8149,-1.8733799999999998,0.182249
69.8492,-1.8671900000000001,0.178801
69.8835,-1.86113,0.174265
69.9178,-1.85525,0.168665
69.9521,-1.8495700000000002,0.162043
69.9864,-1.8441400000000001,0.154451
70.0207,-1.8389900000000001,0.145956
70.055,-1.83414,0.13664
70.09,-1.8295400000000002,0.126399
70.1259,-1.8252,0.11518900000000001
70.1632,-1.82112,0.10298299999999999
70.2025,-1.81735,0.0897099
70.2446,-1.81387,0.07516510000000001
70.2925,-1.81066,0.0585844
70.3376,-1.80837,0.0433453
70.3831,-1.8067400000000002,0.028600099999999996
70.4216,-1.8058599999999998,0.0169114
70.46,-1.80542,0.00612524
70.4985,-1.80538,-0.00358692
70.53699999999999,-1.80568,-0.012073100000000002
70.5754,-1.8062900000000002,-0.019203599999999998
70.6093,-1.80703,-0.0242762
70.6432,-1.80792,-0.0281603
70.6771,-1.80892,-0.030816700000000002
70.7109,-1.81,-0.0322215
70.7448,-1.81109,-0.0323664
70.7787,-1.81217,-0.031257799999999995
70.8126,-1.8132,-0.0289157
70.8464,-1.8141200000000002,-0.025373
70.8803,-1.8149,-0.0206738
70.9142,-1.81551,-0.014872799999999999
70.9481,-1.8159,-0.00803355
70.9819,-1.81604,-0.000227407
71.0158,-1.8159,0.00846756
71.0503,-1.81545,0.0181365
71.0854,-1.81463,0.0287552
71.1214,-1.81339,0.0403168
71.1584,-1.8116599999999998,0.052832000000000004
71.1968,-1.80938,0.06634169999999999
71.2372,-1.8064,0.0809497
71.2806,-1.80255,0.0969176
71.3296,-1.7973400000000002,0.115087
71.3766,-1.7915400000000001,0.132287
71.4249,-1.78472,0.149526
71.4658,-1.77833,0.16351500000000002
71.5066,-1.77138,0.17679
71.5474,-1.7639,0.189185
71.5883,-1.75594,0.200537
71.6291,-1.74754,0.21068499999999998
71.67,-1.73875,0.21948
71.7108,-1.72963,0.226777
71.7516,-1.72025,0.23244099999999998
71.7925,-1.7106700000000001,0.23635
71.8333,-1.70097,0.238396
71.8742,-1.6912200000000002,0.23848699999999998
71.915,-1.6815200000000001,0.236554
71.9558,-1.67193,0.23255
71.9967,-1.66255,0.22645300000000002
72.0375,-1.65346,0.21827800000000003
72.0784,-1.64475,0.208069
72.1192,-1.63649,0.195911
72.16,-1.62877,0.18193099999999998
72.2009,-1.62165,0.166296
72.2423,-1.6151200000000001,0.14896700000000002
72.2853,-1.60913,0.129719
72.3304,-1.60375,0.108458
72.3789,-1.59906,0.08493300000000001
72.4342,-1.59511,0.058076699999999995
72.4865,-1.5927200000000001,0.0333656
72.5389,-1.59159,0.0102113
72.5833,-1.59154,-0.00763077
72.6277,-1.59223,-0.02337
72.6722,-1.59358,-0.036638300000000006
72.7166,-1.59545,-0.0471385
72.76100000000001,-1.59772,-0.054652599999999996
72.8002,-1.59995,-0.0586946
72.8394,-1.60229,-0.06026140000000001
72.8786,-1.60464,-0.0593592
72.9179,-1.6069200000000001,-0.056036800000000005
72.9571,-1.60901,-0.0503797
72.9963,-1.61084,-0.0425045
73.0355,-1.61232,-0.0325527
73.0747,-1.61337,-0.0206848
73.1139,-1.61392,-0.00707514
73.1539,-1.61389,0.00837937
73.1946,-1.61321,0.025617700000000004
73.2365,-1.61174,0.0446212
73.2797,-1.60937,0.06541509999999999
73.3248,-1.6059,0.08809960000000001
73.3727,-1.6011,0.11293199999999999
73.425,-1.59447,0.14059000000000002
73.4874,-1.58466,0.17377599999999999
73.5418,-1.57443,0.202309
73.5961,-1.5626799999999998,0.230023
73.6505,-1.54944,0.256473
73.6977,-1.53682,0.278071
73.7449,-1.52321,0.29809
73.7921,-1.5087,0.316237
73.8393,-1.49339,0.332219
73.8866,-1.47738,0.34573899999999996
73.9338,-1.46079,0.356498
73.98100000000001,-1.44376,0.364197
74.0282,-1.42645,0.36854000000000003
74.0754,-1.4090200000000002,0.369237
74.1238,-1.3912,0.365871
74.1735,-1.37322,0.35785
74.2246,-1.3552600000000001,0.344509
74.2774,-1.33755,0.325083
74.3323,-1.3204,0.298709
74.3897,-1.30418,0.264433
74.4505,-1.28939,0.221241
74.5157,-1.27668,0.16810999999999998
74.587,-1.26694,0.104072
74.6686,-1.26155,0.027926299999999998
74.7619,-1.26284,-0.0538082
74.8381,-1.2691299999999999,-0.108671
74.9144,-1.27898,-0.14649700000000002
74.9757,-1.28851,-0.161899
75.03699999999999,-1.29855,-0.163057
75.0983,-1.30823,-0.15037899999999998
75.1597,-1.31674,-0.125184
75.221,-1.32336,-0.08934689999999999
75.2823,-1.32752,-0.0449175
75.3436,-1.32874,0.00618536
75.405,-1.32666,0.0623678
75.4663,-1.32101,0.122448
75.5305,-1.31102,0.188769
75.6015,-1.29492,0.265623
75.6844,-1.26902,0.360373
75.7935,-1.22243,0.496555
75.8774,-1.17587,0.6159140000000001
75.95100000000001,-1.12615,0.738819
76.0246,-1.06641,0.890934
76.0872,-1.0056100000000001,1.05934
76.1498,-0.932515,1.28969
76.2035,-0.85619,1.57164
76.2444,-0.786031,1.8737599999999999
76.2771,-0.719665,2.19996
76.3047,-0.654188,2.5608
76.3286,-0.588226,2.9626099999999997
76.3526,-0.511363,3.47665
76.3713,-0.441553,3.98262
76.3901,-0.361196,4.60553
76.4058,-0.283904,5.23911
76.4216,-0.195713,5.994190000000001
76.4373,-0.0945678,6.888739999999999
76.4507,0.00347816,7.76938
76.4641,0.114053,8.75813
76.4775,0.238508,9.83708
76.4911,0.38032699999999997,10.981
76.5042,0.5312060000000001,12.0432
76.5148,0.663357,12.7951
76.5255,0.802584,13.3592
76.5343,0.9223100000000001,13.6208
76.5432,1.04332,13.6417
76.5521,1.1633200000000001,13.3892
76.5609,1.2798200000000002,12.8538
76.5698,1.39039,12.0545
76.5786,1.49286,11.0381
76.5875,1.58578,9.86969
76.5966,1.66924,8.6065
76.6045,1.7330900000000002,7.49556
76.6124,1.78827,6.42909
76.6205,1.8363099999999999,5.41668
76.6298,1.8815400000000002,4.3878900000000005
76.6381,1.91448,3.58964
76.6463,1.9412900000000002,2.90666
76.6546,1.9629,2.3319099999999997
76.6629,1.98016,1.85467
76.6712,1.99384,1.46262
76.6795,2.00458,1.14325
76.6877,2.01293,0.8848309999999999
76.696,2.01936,0.67679
76.7043,2.02425,0.509957
76.7126,2.0279,0.37654899999999997
76.7208,2.03056,0.270082
76.7293,2.03246,0.18336
76.7381,2.03375,0.112318
76.7473,2.03451,0.05443150000000001
76.7569,2.0348,0.00759402
76.767,2.03468,-0.030018400000000004
76.7777,2.03419,-0.0599899
76.7889,2.0333799999999997,-0.0836913
76.8008,2.03226,-0.102302
76.8134,2.03087,-0.11682999999999999
76.827,2.02921,-0.128126
76.8414,2.0272900000000003,-0.136904
76.857,2.0251,-0.14374800000000001
76.8739,2.02263,-0.149128
76.8921,2.01987,-0.153409
76.91199999999999,2.0167900000000003,-0.156859
76.9335,2.01337,-0.159654
76.9569,2.00961,-0.161888
76.9821,2.00552,-0.163579
77.0087,2.00115,-0.164696
77.0364,1.99658,-0.165189
77.0648,1.9918900000000002,-0.165018
77.0936,1.9871400000000001,-0.164155
77.1224,1.98243,-0.162606
77.1517,1.9777099999999999,-0.16033599999999998
77.1809,1.9730599999999998,-0.157374
77.2106,1.9684400000000002,-0.153676
77.2403,1.9639400000000002,-0.1493
77.2706,1.9594900000000002,-0.14417
77.3013,1.9551599999999998,-0.13831500000000002
77.3324,1.95095,-0.131743
77.3641,1.9468900000000002,-0.124457
77.3965,1.9429900000000002,-0.116459
77.4297,1.9392599999999998,-0.107748
77.464,1.93573,-0.0983092
77.4998,1.93239,-0.08810760000000001
77.5376,1.92927,-0.0770454
77.5789,1.9263400000000002,-0.0648367
77.6292,1.92345,-0.0501008
77.6693,1.92167,-0.0386788
77.7094,1.9203400000000002,-0.027760200000000002
77.7494,1.91944,-0.0175286
77.7835,1.91898,-0.00951381
77.8175,1.91878,-0.00221298
77.8515,1.91882,0.00428762
77.8855,1.9190599999999998,0.00991243
77.9195,1.9194799999999999,0.0145976
77.9535,1.92005,0.018291599999999998
77.9875,1.92072,0.0209554
78.0216,1.92146,0.022563099999999996
78.0556,1.9222400000000002,0.023101
78.0896,1.9230200000000002,0.0225682
78.1236,1.92376,0.020975099999999997
78.1576,1.9244299999999999,0.0183437
78.1916,1.925,0.0147059
78.2257,1.9254200000000001,0.010103299999999999
78.2597,1.9256799999999998,0.00458607
78.2937,1.92573,-0.00178803
78.3277,1.92555,-0.00895445
78.3617,1.9251099999999999,-0.016842799999999998
78.3957,1.92439,-0.025377599999999997
78.4297,1.9233799999999999,-0.034479199999999995
78.4638,1.9220400000000002,-0.044064400000000004
78.4989,1.92031,-0.0543894
78.5355,1.91812,-0.0654902
78.5742,1.91535,-0.0774823
78.6163,1.9118099999999998,-0.0906721
78.6663,1.9068900000000002,-0.106298
78.7087,1.9021,-0.119351
78.7512,1.8967599999999998,-0.132003
78.7885,1.8916400000000002,-0.142652
78.8258,1.88612,-0.15274000000000001
78.8631,1.88025,-0.162156
78.9004,1.8740299999999999,-0.170789
78.9378,1.8675099999999998,-0.178536
78.9751,1.8607200000000002,-0.185297
79.0124,1.8537,-0.19097999999999998
79.0497,1.8464900000000002,-0.1955
79.087,1.83913,-0.19878099999999999
79.1243,1.8316700000000001,-0.200758
79.1616,1.8241599999999998,-0.201376
79.1989,1.81666,-0.200596
79.2363,1.8092099999999998,-0.198391
79.2736,1.80187,-0.194752
79.3109,1.7947,-0.189687
79.3482,1.7877299999999998,-0.183222
79.3855,1.7810400000000002,-0.175407
79.4228,1.77466,-0.16630999999999999
79.4601,1.7686400000000002,-0.156021
79.4974,1.7630299999999999,-0.144655
79.5347,1.7578599999999998,-0.13234500000000002
79.5729,1.7530700000000001,-0.11895599999999999
79.6126,1.7486400000000002,-0.10433699999999999
79.6546,1.74458,-0.08835950000000001
79.7006,1.7409299999999999,-0.0706476
79.7567,1.73757,-0.0492284
79.8012,1.73574,-0.03286409999999999
79.8458,1.73463,-0.0174537
79.8903,1.73417,-0.00333941
79.9282,1.73425,0.00739387
79.96600000000001,1.7347099999999998,0.0168006
80.0038,1.7355,0.0247376
80.0416,1.7365599999999999,0.031089
80.0795,1.73783,0.035767400000000005
80.1173,1.73925,0.0387144
80.1551,1.7407400000000002,0.03990030000000001
80.1929,1.7422400000000002,0.039323000000000004
80.2308,1.7436900000000002,0.037006
80.2686,1.74502,0.032996199999999996
80.3064,1.74617,0.0273613
80.3442,1.7470700000000001,0.0201871
80.382,1.74768,0.0115746
80.4199,1.74793,0.00163715
80.4577,1.74778,-0.00950137
80.4955,1.7472,-0.021709400000000004
80.5333,1.74613,-0.0348491
80.5717,1.74453,-0.048962
80.6112,1.7422900000000001,-0.0642372
80.6526,1.7392900000000002,-0.0807789
80.6967,1.7353299999999998,-0.0988058
80.7453,1.7300400000000002,-0.118932
80.8074,1.72186,-0.144523
80.8535,1.71478,-0.163037
80.8995,1.7068599999999998,-0.180875
80.9455,1.6981400000000002,-0.197777
80.9916,1.6886700000000001,-0.213488
81.0314,1.6799,-0.22594099999999998
81.0713,1.6706599999999998,-0.23715100000000003
81.1112,1.661,-0.246961
81.1511,1.65098,-0.255222
81.191,1.6406599999999998,-0.26179
81.2309,1.63012,-0.26653000000000004
81.2708,1.61943,-0.269318
81.3106,1.60866,-0.270043
81.3505,1.59791,-0.268611
81.3904,1.5872700000000002,-0.26495
81.4303,1.57681,-0.259009
81.4702,1.56663,-0.250768
81.5108,1.55667,-0.24003200000000002
81.5521,1.54701,-0.226715
81.5944,1.53775,-0.210734
81.6378,1.52901,-0.192023
81.6825,1.5209,-0.170533
81.729,1.51352,-0.146221
81.778,1.5070299999999999,-0.11901700000000001
81.8306,1.50156,-0.0886729
81.8904,1.49729,-0.054025199999999995
81.9477,1.4951299999999998,-0.0220015
82.005,1.49473,0.00749589
82.0532,1.49563,0.0294313
82.1014,1.4975100000000001,0.0480003
82.1497,1.5002,0.0626566
82.1979,1.50349,0.07300119999999999
82.2462,1.5071700000000001,0.0787944
82.2887,1.51055,0.08005889999999999
82.3312,1.5139200000000002,0.0777661
82.3736,1.51711,0.0720323
82.4161,1.52,0.0630368
82.4586,1.52243,0.051007
82.5011,1.52429,0.0362039
82.5436,1.52547,0.0189088
82.5868,1.52587,-0.000911551
82.6309,1.52534,-0.023190099999999998
82.6762,1.5237399999999999,-0.0479041
82.7233,1.52085,-0.0751057
82.7726,1.51642,-0.104977
82.8252,1.5100200000000001,-0.137972
82.8835,1.5009,-0.17530199999999999
82.9569,1.4862799999999998,-0.222716
83.0158,1.47205,-0.260429
83.0748,1.45561,-0.297306
83.1337,1.4370399999999999,-0.332873
83.1926,1.41642,-0.366669
83.2515,1.3938700000000002,-0.39824299999999996
83.3105,1.36954,-0.427145
83.3694,1.34359,-0.452921
83.4283,1.31623,-0.475108
83.4872,1.28768,-0.493226
83.5471,1.25771,-0.506954
83.6099,1.22558,-0.515674
83.6767,1.19099,-0.5178229999999999
83.7492,1.1536600000000001,-0.510837
83.8299,1.11315,-0.490213
83.9254,1.06829,-0.446089
84.0385,1.02221,-0.362604
84.1329,0.992391,-0.26522199999999996
84.2272,0.9729270000000001,-0.143697
84.3216,0.965842,-0.0044843999999999995
84.4181,0.9724940000000001,0.140896
84.521,0.9940190000000001,0.269847
84.624,1.02585,0.335194
84.7143,1.0559399999999999,0.3188
84.8047,1.08133,0.23239
84.8765,1.09429,0.123306
84.9484,1.09846,-0.0106949
85.0203,1.0923399999999999,-0.161947
85.0929,1.0745799999999999,-0.32976300000000003
85.1671,1.04315,-0.521548
85.2325,1.0028,-0.719121
85.2978,0.948111,-0.9649989999999999
85.3632,0.874763,-1.2990899999999999
85.4112,0.80457,-1.6445400000000001
85.4468,0.740062,-1.9925
85.4762,0.6762020000000001,-2.36882
85.5014,0.6117199999999999,-2.78166
85.5234,0.545672,-3.23791
85.5454,0.468344,-3.8123
85.5629,0.3968,-4.37858
85.5804,0.314309,-5.067130000000001
85.5953,0.233859,-5.7683599999999995
85.6101,0.14207,-6.594239999999999
85.625,0.0369786,-7.55853
85.6381,-0.0680473,-8.52393
85.6512,-0.18637,-9.58918
85.6642,-0.319115,-10.722000000000001
85.6787,-0.48384399999999994,-11.9768
85.6897,-0.620533,-12.8385
85.6994,-0.747954,-13.4523
85.7091,-0.8803610000000001,-13.856
85.7175,-0.9976200000000001,-13.9813
85.7259,-1.11491,-13.8581
85.7344,-1.23004,-13.4675
85.7428,-1.34077,-12.8137
85.7512,-1.44498,-11.927
85.7604,-1.54972,-10.7493
85.7686,-1.63335,-9.58825
85.7768,-1.70725,-8.38974
85.7851,-1.7713400000000001,-7.21247
85.7933,-1.82601,-6.10274
85.8016,-1.87247,-5.08
85.8105,-1.91337,-4.11655
85.8183,-1.94251,-3.39225
85.8261,-1.96642,-2.77285
85.8339,-1.9859,-2.25045
85.8416,-2.0016599999999998,-1.8148
85.8494,-2.0143400000000002,-1.45479
85.8572,-2.02447,-1.1594200000000001
85.865,-2.03252,-0.918484
85.8728,-2.03888,-0.722815
85.8805,-2.04386,-0.564446
85.8883,-2.04774,-0.43658
85.8963,-2.05079,-0.331017
85.9046,-2.05315,-0.243835
85.9132,-2.05493,-0.172193
85.9222,-2.0562,-0.11367200000000001
85.9315,-2.05704,-0.06616699999999999
85.9414,-2.05749,-0.027842099999999998
85.9517,-2.05761,0.0029015
85.9627,-2.05744,0.027450799999999997
85.9743,-2.057,0.047004000000000004
85.9866,-2.05632,0.0625899
85.9998,-2.0554099999999997,0.07508580000000001
86.0139,-2.05428,0.0852337
86.029,-2.05292,0.0936546
86.0455,-2.05132,0.10086200000000001
86.0634,-2.04946,0.107275
86.0829,-2.0473,0.113225
86.1043,-2.04481,0.11896300000000001
86.1278,-2.04195,0.124653
86.1535,-2.03867,0.13036199999999998
86.1811,-2.03499,0.13603800000000002
86.2102,-2.03096,0.141529
86.2399,-2.02667,0.146655
86.2697,-2.02224,0.151253
86.2994,-2.01768,0.15529300000000001
86.3292,-2.013,0.158742
86.3589,-2.0082400000000002,0.16156900000000002
86.3887,-2.00339,0.163746
86.4185,-1.9985,0.165248
86.4482,-1.99357,0.166055
86.478,-1.98862,0.166151
86.5077,-1.9836900000000002,0.165525
86.5375,-1.97878,0.164172
86.5672,-1.9739200000000001,0.16209
86.59700000000001,-1.9691400000000001,0.15928699999999998
86.6267,-1.96445,0.155773
86.6565,-1.9598799999999998,0.151568
86.6868,-1.9553599999999998,0.14660499999999999
86.7174,-1.95095,0.140908
86.7485,-1.9466700000000001,0.134482
86.7802,-1.9425299999999999,0.127331
86.8124,-1.9385400000000002,0.119458
86.8455,-1.9347299999999998,0.11086199999999999
86.8796,-1.9311099999999999,0.101534
86.915,-1.9277,0.091446
86.9523,-1.9244900000000003,0.0805238
86.9925,-1.9214900000000001,0.0685577
87.0391,-1.91862,0.05473769999999999
87.0808,-1.9165900000000002,0.0426105
87.1225,-1.9150599999999998,0.0309624
87.1586,-1.9141099999999998,0.0214578
87.1946,-1.9135,0.0125976
87.2306,-1.9132,0.00450143
87.2667,-1.91317,-0.00272273
87.3027,-1.9133799999999999,-0.00897999
87.3345,-1.9137400000000002,-0.0136328
87.3663,-1.9142400000000002,-0.017425299999999998
87.3981,-1.91484,-0.020321900000000004
87.4298,-1.9155200000000001,-0.022297
87.4616,-1.91625,-0.0233348
87.4934,-1.9169999999999998,-0.023429
87.5252,-1.91773,-0.0225829
87.557,-1.91842,-0.0208085
87.5888,-1.91904,-0.0181262
87.6206,-1.91956,-0.0145641
87.6524,-1.9199599999999999,-0.0101577
87.6841,-1.9202,-0.00494875
87.7159,-1.9202700000000001,0.00101508
87.7477,-1.92013,0.00768094
87.7795,-1.91977,0.014991399999999998
87.81200000000001,-1.91915,0.023056200000000002
87.8451,-1.91825,0.0318401
87.87899999999999,-1.9170099999999999,0.0413394
87.9139,-1.9153900000000001,0.05156669999999999
87.9502,-1.9133200000000001,0.0625605
87.9884,-1.9107,0.0744132
88.0294,-1.9073799999999999,0.0873563
88.0763,-1.90294,0.10216599999999999
88.1202,-1.8981599999999998,0.115869
88.1647,-1.8927,0.129374
88.2025,-1.88759,0.140425
88.2404,-1.8820700000000001,0.15093299999999998
88.2783,-1.8761700000000001,0.160777
88.3161,-1.8699,0.16984100000000002
88.354,-1.8633099999999998,0.178015
88.3919,-1.85643,0.185191
88.4297,-1.8493,0.191271
88.463,-1.84287,0.195632
88.4962,-1.8363,0.199022
88.5295,-1.82965,0.20139
88.5627,-1.82293,0.20269500000000001
88.596,-1.81618,0.2029
88.6292,-1.80945,0.201979
88.6625,-1.80277,0.199915
88.6957,-1.79617,0.196703
88.7289,-1.7897,0.19234500000000002
88.7622,-1.7834,0.186861
88.7961,-1.7771700000000001,0.180141
88.8304,-1.77112,0.172208
88.8654,-1.7652599999999998,0.16305899999999998
88.9009,-1.75964,0.152692
88.9374,-1.7542799999999998,0.14110699999999998
88.9748,-1.7492400000000001,0.1283
89.0136,-1.74453,0.11425199999999999
89.0543,-1.7401900000000001,0.09890539999999999
89.0978,-1.73626,0.0820786
89.1465,-1.73272,0.0631203
89.1949,-1.7301099999999998,0.044601499999999995
89.2444,-1.72836,0.026550400000000002
89.285,-1.72757,0.012724700000000002
89.3256,-1.72731,7.24033e-05
89.3662,-1.72754,-0.011174700000000001
89.4069,-1.7282,-0.0208149
89.4475,-1.72921,-0.0286808
89.4831,-1.73033,-0.0340177
89.5188,-1.7316099999999999,-0.037825199999999996
89.5544,-1.73301,-0.040063800000000004
89.5901,-1.73445,-0.0407166
89.6257,-1.7358900000000002,-0.0397884
89.6613,-1.73727,-0.037304000000000004
89.697,-1.73853,-0.033306800000000004
89.7326,-1.73963,-0.027856
89.7683,-1.7405,-0.0210255
89.8039,-1.74111,-0.012900899999999998
89.8396,-1.74141,-0.00357778
89.8752,-1.74135,0.00683988
89.9116,-1.74089,0.0184898
89.9488,-1.73997,0.031319799999999995
89.9869,-1.7385099999999998,0.0453214
90.0263,-1.73643,0.0605158
90.0673,-1.7336099999999999,0.07697230000000001
90.1108,-1.7298799999999999,0.0948659
90.1582,-1.72491,0.11466400000000002
90.2146,-1.71777,0.13827899999999999
90.2629,-1.71061,0.158117
90.3112,-1.7025099999999997,0.177313
90.3595,-1.6935099999999998,0.19556500000000002
90.4006,-1.68515,0.21016500000000002
90.4418,-1.6762099999999998,0.22368000000000002
90.48299999999999,-1.66675,0.23592800000000003
90.5242,-1.6568,0.24673699999999998
90.5654,-1.6464400000000001,0.25593499999999997
90.6066,-1.63574,0.263362
90.6477,-1.62478,0.268862
90.6889,-1.61363,0.272294
90.7301,-1.60238,0.273529
90.7713,-1.59113,0.272457
90.8125,-1.57997,0.268989
90.8537,-1.56901,0.26306399999999996
90.8949,-1.55834,0.254652
90.936,-1.54807,0.243761
90.9778,-1.53817,0.230251
91.0204,-1.5286899999999999,0.213988
91.0641,-1.5197399999999999,0.19489
91.1093,-1.5114299999999998,0.1729
91.1562,-1.5039,0.147971
91.2056,-1.49727,0.120031
91.2587,-1.4917200000000002,0.0888333
91.3191,-1.48743,0.0531985
91.37700000000001,-1.48532,0.020287299999999998
91.4348,-1.4850299999999999,-0.00995347
91.4835,-1.4860799999999998,-0.0323296
91.5322,-1.48812,-0.051160000000000004
91.5809,-1.49099,-0.065877
91.6295,-1.4944600000000001,-0.076072
91.6782,-1.49832,-0.0815085
91.7211,-1.50184,-0.08229860000000001
91.7639,-1.50532,-0.0793995
91.8068,-1.5086,-0.0729462
91.8497,-1.5115299999999998,-0.063139
91.8925,-1.51397,-0.050226599999999996
91.9354,-1.51579,-0.0344901
91.9783,-1.51689,-0.016229300000000002
92.022,-1.51715,0.00466322
92.0667,-1.51642,0.028093299999999998
92.1127,-1.51454,0.0540472
92.1606,-1.5112700000000001,0.0826038
92.211,-1.50632,0.11400199999999999
92.2651,-1.49921,0.148827
92.32600000000001,-1.48894,0.188746
92.3926,-1.47492,0.232631
92.4591,-1.45799,0.27605999999999997
92.5154,-1.4414200000000001,0.31196
92.5718,-1.42287,0.346652
92.6281,-1.4024,0.379759
92.6844,-1.38012,0.41091400000000006
92.7408,-1.35615,0.439758
92.7971,-1.3306200000000001,0.46593199999999996
92.854,-1.30341,0.489313
92.9128,-1.2740200000000002,0.509811
92.9742,-1.24216,0.526825
93.0392,-1.2075,0.539391
93.109,-1.1695799999999998,0.545998
93.1856,-1.12775,0.544125
93.2728,-1.08085,0.529044
93.3815,-1.0253,0.48857
93.48700000000001,-0.9769610000000001,0.42364799999999997
93.5925,-0.936895,0.331423
93.698,-0.908004,0.212092
93.8035,-0.892935,0.070828
93.9089,-0.893349,-0.0781278
94.0166,-0.9092110000000001,-0.21022
94.1242,-0.9364819999999999,-0.28331100000000004
94.2036,-0.959144,-0.278087
94.2771,-0.977801,-0.221419
94.3505,-0.990497,-0.11659000000000001
94.42399999999999,-0.993901,0.030385000000000002
94.4975,-0.985137,0.21411599999999997
94.5709,-0.961521,0.435733
94.6354,-0.926067,0.672342
94.6999,-0.8734620000000001,0.9736799999999999
94.7536,-0.812605,1.3102
94.7942,-0.752754,1.6520700000000001
94.8268,-0.693253,2.01205
94.8543,-0.63272,2.4028
94.8782,-0.570417,2.83209
94.9021,-0.496564,3.37598
94.9208,-0.428738,3.90679
94.9394,-0.349928,4.55697
94.9551,-0.273669,5.21491
94.9707,-0.18617899999999998,5.99662
94.9864,-0.0853747,6.92029
94.9997,0.0125796,7.82667
95.01299999999999,0.123326,8.842210000000001
95.0263,0.248214,9.94795
95.0398,0.39104,11.1195
95.0527,0.540925,12.1889
95.0631,0.672715,12.9473
95.0736,0.811529,13.5152
95.0824,0.93096,13.7786
95.0911,1.05167,13.8001
95.0998,1.1713799999999999,13.5477
95.1086,1.28764,13.0122
95.1173,1.39805,12.2126
95.1261,1.50048,11.1956
95.1348,1.5938299999999999,10.021
95.1438,1.6776799999999998,8.75136
95.1516,1.7417599999999998,7.636989999999999
95.1594,1.7972700000000001,6.5662199999999995
95.1674,1.8456599999999999,5.549930000000001
95.1765,1.8911799999999999,4.52065
95.1847,1.9248599999999998,3.7113199999999997
95.1929,1.95239,3.01848
95.2011,1.97469,2.43523
95.2083,1.99065,2.00464
95.2155,2.0037599999999998,1.6420400000000002
95.2227,2.01448,1.33881
95.2299,2.02319,1.08665
95.2371,2.03025,0.877908
95.2445,2.03607,0.7016180000000001
95.2521,2.04082,0.553963
95.26,2.04465,0.43084399999999995
95.26799999999999,2.04771,0.32865900000000003
95.2764,2.05009,0.24429099999999998
95.2851,2.0519,0.175028
95.2942,2.05323,0.11850999999999999
95.3037,2.05413,0.07267480000000001
95.3137,2.0546599999999997,0.03572619999999999
95.3242,2.05487,0.00609994
95.3353,2.0548,-0.0175607
95.34700000000001,2.05448,-0.0364272
95.3595,2.05392,-0.05150509999999999
95.3729,2.05315,-0.06365219999999999
95.3873,2.0521599999999998,-0.07359410000000001
95.4027,2.05096,-0.08193969999999999
95.4195,2.0495200000000002,-0.0891943
95.4377,2.04783,-0.0957728
95.4577,2.04585,-0.102009
95.4797,2.04354,-0.10815899999999999
95.5039,2.04084,-0.1144
95.5305,2.03772,-0.120804
95.5592,2.03416,-0.127306
95.5894,2.03022,-0.133713
95.6201,2.02601,-0.139795
95.6509,2.02162,-0.14538
95.6817,2.01707,-0.150428
95.7125,2.01237,-0.154897
95.7432,2.00754,-0.158747
95.774,2.00261,-0.16194
95.8048,1.99758,-0.164443
95.8356,1.99249,-0.16622699999999999
95.8663,1.9873599999999998,-0.167266
95.8971,1.9822,-0.167541
95.9279,1.97705,-0.16703900000000002
95.9587,1.97193,-0.165752
95.9894,1.9668599999999998,-0.163679
96.0202,1.96186,-0.160824
96.051,1.95697,-0.157201
96.0818,1.9522,-0.152829
96.1125,1.94757,-0.14773599999999998
96.1433,1.94311,-0.141955
96.1746,1.93877,-0.135427
96.2064,1.93458,-0.128157
96.2388,1.9305599999999998,-0.120149
96.272,1.92671,-0.111404
96.3063,1.92305,-0.10191
96.3419,1.9196,-0.0916406
96.3795,1.9163700000000001,-0.0805154
96.42,1.91335,-0.0683124
96.4673,1.9104599999999998,-0.0541443
96.509,1.90845,-0.0419215
96.5507,1.90695,-0.0301962
96.5868,1.9060400000000002,-0.0206123
96.6229,1.90546,-0.0116928
96.65899999999999,1.9051799999999999,-0.0035589
96.6951,1.9051900000000002,0.0036804000000000003
96.7312,1.9054400000000002,0.00992956
96.7673,1.90589,0.015108100000000001
96.7989,1.9064299999999998,0.0187028
96.8304,1.9070599999999998,0.0213993
96.8619,1.90777,0.0231745
96.8934,1.90851,0.024015099999999998
96.925,1.90927,0.0239169
96.9565,1.9100099999999998,0.022885
96.988,1.9107,0.020933
97.0195,1.9113200000000001,0.0180826
97.0511,1.9118400000000002,0.014363200000000001
97.0826,1.91222,0.00981068
97.1141,1.91245,0.00446748
97.1456,1.9124900000000002,-0.00161854
97.1772,1.9123400000000002,-0.00839454
97.2093,1.91195,-0.015955200000000003
97.242,1.9112900000000002,-0.0242567
97.2754,1.9103299999999999,-0.0332879
97.3096,1.90903,-0.0430495
97.3449,1.9073200000000001,-0.053557600000000004
97.3816,1.90515,-0.06485740000000001
97.4203,1.9024,-0.0770574
97.4622,1.8989,-0.09043680000000001
97.5111,1.8941,-0.10603299999999999
97.5545,1.8892,-0.11967799999999999
97.5979,1.8837099999999998,-0.132923
97.6357,1.87847,-0.14398699999999998
97.6735,1.87283,-0.154481
97.7113,1.8668,-0.164285
97.7492,1.86041,-0.173284
97.787,1.8537,-0.181365
97.8248,1.8467099999999999,-0.188424
97.8626,1.8394700000000002,-0.19436199999999998
97.9004,1.8320299999999998,-0.19908900000000002
97.9338,1.8253400000000002,-0.202184
97.9671,1.81856,-0.204227
98.0004,1.8117299999999998,-0.20517399999999997
98.0337,1.8049,-0.20499299999999998
98.0671,1.79808,-0.20365999999999998
98.1004,1.7913299999999999,-0.201159
98.1337,1.78469,-0.197489
98.1671,1.7781799999999999,-0.192657
98.2009,1.7717599999999998,-0.186578
98.2352,1.76548,-0.179259
98.27,1.75938,-0.170692
98.3054,1.75351,-0.160873
98.3416,1.7478900000000002,-0.149799
98.3786,1.7425700000000002,-0.137468
98.4169,1.73757,-0.123873
98.4566,1.7329400000000001,-0.108983
98.4986,1.7287099999999997,-0.0927028
98.5441,1.7249,-0.0747298
98.5975,1.72147,-0.0537031
98.6439,1.7193900000000002,-0.0360593
98.6902,1.7181099999999998,-0.019392
98.7303,1.7176099999999999,-0.00604218
98.7705,1.7176099999999999,0.00602771
98.8107,1.71807,0.0166022
98.8508,1.71892,0.0254976
98.891,1.7200900000000001,0.032565300000000005
98.9312,1.7215099999999999,0.0376945
98.9666,1.7229,0.0405495
99.00200000000001,1.72436,0.041817
99.0374,1.72584,0.041494300000000005
99.0728,1.72728,0.039598900000000006
99.1082,1.7286299999999999,0.0361674
99.1436,1.7298200000000001,0.031253300000000005
99.179,1.73082,0.024925
99.2144,1.73157,0.0172634
99.2498,1.73203,0.00836013
99.2856,1.73215,-0.00181364
99.322,1.7318799999999999,-0.013226400000000001
99.3591,1.7311599999999998,-0.025854200000000004
99.397,1.7299200000000001,-0.0396858
99.4361,1.72807,-0.0547309
99.4767,1.7255200000000002,-0.07103730000000001
99.5194,1.7221099999999998,-0.0887313
99.5653,1.7176,-0.10813299999999999
99.6173,1.7114,-0.130275
99.6674,1.7043400000000002,-0.15141500000000002
99.7189,1.696,-0.17255
99.7626,1.68809,-0.189762
99.8062,1.67944,-0.206071
99.8499,1.6701099999999998,-0.221256
99.8935,1.6601400000000002,-0.23510100000000003
99.9372,1.6496,-0.24739299999999997
99.9809,1.6385599999999998,-0.257925
100.0,1.6335899999999999,-0.26193299999999997
