,x,xdot
1e-06,-2.00001e-07,-0.200001
6e-06,-1.20002e-06,-0.200007
3.1e-05,-6.20058e-06,-0.200037
0.000156,-3.12146e-05,-0.20018699999999998
0.000781,-0.000156566,-0.20093699999999998
0.003906,-0.000790349,-0.204683
0.019531,-0.00413443,-0.22333699999999998
0.0809699,-0.0200769,-0.29522
0.157813,-0.046102699999999996,-0.381498
0.23615300000000003,-0.07932280000000001,-0.46628000000000003
0.317813,-0.12100699999999999,-0.555309
0.396567,-0.16836500000000001,-0.649655
0.46048199999999995,-0.212705,-0.740747
0.524397,-0.263533,-0.8543299999999999
0.5798800000000001,-0.314268,-0.979231
0.635364,-0.372778,-1.13557
0.690847,-0.440942,-1.32758
0.746999,-0.521764,-1.5561
0.814584,-0.636997,-1.8546900000000002
0.868618,-0.743309,-2.07285
0.9226530000000001,-0.85972,-2.21928
0.9766879999999999,-0.980885,-2.2410099999999997
1.02407,-1.08499,-2.13308
1.07146,-1.1812799999999999,-1.9150200000000002
1.12058,-1.2681200000000001,-1.61191
1.16038,-1.32699,-1.34612
1.20018,-1.37542,-1.0909799999999998
1.2399799999999999,-1.41422,-0.864592
1.2852,-1.44834,-0.6531600000000001
1.32444,-1.47105,-0.510255
1.36368,-1.4888299999999999,-0.401386
1.4029200000000002,-1.50292,-0.320984
1.44216,-1.51432,-0.263047
1.4814,-1.52379,-0.221989
1.52064,-1.5319,-0.19301
1.56081,-1.5392,-0.171772
1.60332,-1.54613,-0.154962
1.6493200000000001,-1.55291,-0.140031
1.7009999999999998,-1.5597299999999998,-0.12413099999999999
1.76758,-1.56726,-0.101353
1.82224,-1.57221,-0.07890599999999999
1.8768900000000002,-1.57581,-0.052371100000000004
1.93155,-1.57786,-0.021678599999999996
1.9862099999999998,-1.5781100000000001,0.0128996
2.04087,-1.57638,0.0508974
2.09552,-1.5725,0.0917567
2.15138,-1.56615,0.13586199999999998
2.21076,-1.55664,0.184672
2.27648,-1.54269,0.2402
2.3593,-1.51986,0.311175
2.4277,-1.4965700000000002,0.369672
2.49611,-1.4693,0.427296
2.56451,-1.43815,0.483439
2.63291,-1.40321,0.5375939999999999
2.70131,-1.36466,0.589359
2.76971,-1.32265,0.638454
2.8397200000000002,-1.2762799999999999,0.6858069999999999
2.91436,-1.2233,0.733172
2.9965900000000003,-1.16097,0.782239
3.0924099999999997,-1.08338,0.837406
3.2234,-0.96851,0.9190139999999999
3.3279699999999997,-0.868108,1.00709
3.40505,-0.786987,1.10394
3.4679300000000004,-0.7141489999999999,1.2203700000000002
3.52115,-0.645655,1.36154
3.56735,-0.5790310000000001,1.53168
3.61354,-0.503154,1.7659599999999998
3.6495599999999997,-0.435341,2.01048
3.68557,-0.35746,2.32842
3.7154,-0.28318000000000004,2.66361
3.7452400000000003,-0.197723,3.08046
3.77127,-0.11192,3.5241300000000004
3.79731,-0.013478799999999999,4.05267
3.82334,0.099889,4.67079
3.8493800000000005,0.23045300000000002,5.37075
3.8754199999999996,0.379997,6.120830000000001
3.9003,0.541135,6.820239999999999
3.9200699999999995,0.680874,7.295560000000001
3.93985,0.828701,7.62605
3.9562800000000005,0.9551729999999999,7.73837
3.9727099999999997,1.0820100000000001,7.66645
3.9891400000000004,1.20603,7.39295
4.00558,1.3239100000000001,6.924510000000001
4.02201,1.43271,6.2933
4.0389,1.5326799999999998,5.52958
4.05579,1.61923,4.71477
4.07064,1.68393,4.005730000000001
4.08549,1.73838,3.33825
4.1011,1.7854700000000001,2.70514
4.11766,1.82532,2.12511
4.13227,1.85313,1.6936900000000001
4.14689,1.87517,1.33384
4.1615,1.8924299999999998,1.0386
4.1761099999999995,1.90579,0.799611
4.19072,1.91603,0.608297
4.20533,1.92376,0.456578
4.21994,1.92953,0.337244
4.23455,1.9337400000000002,0.24409099999999997
4.24941,1.9368,0.17087
4.2647900000000005,1.93897,0.11311199999999999
4.280819999999999,1.9404,0.068235
4.29758,1.94124,0.0341517
4.315180000000001,1.9416099999999998,0.00908897
4.33374,1.9416,-0.00847082
4.35337,1.9413200000000002,-0.0198263
4.37424,1.9408299999999998,-0.026086599999999998
4.39651,1.94022,-0.028195799999999997
4.42044,1.93955,-0.0269546
4.4463099999999995,1.9389,-0.0230381
4.4745800000000004,1.9383299999999999,-0.017009299999999998
4.50598,1.93792,-0.00931903
4.54208,1.9377400000000002,-0.000244719
4.5896300000000005,1.9380000000000002,0.010831100000000001
4.6291,1.93859,0.0185858
4.66858,1.93945,0.0246559
4.70805,1.94051,0.0288356
4.74752,1.9417,0.0310082
4.787,1.9429299999999998,0.031119599999999997
4.82647,1.94413,0.0291642
4.86595,1.9452,0.025175200000000002
4.9054199999999994,1.94609,0.0192185
4.9449,1.9467,0.0113871
4.984369999999999,1.9469599999999998,0.00179737
5.02385,1.94682,-0.00941564
5.06332,1.9462,-0.0221012
5.10279,1.9450599999999998,-0.036096300000000005
5.14227,1.94334,-0.0512284
5.18222,1.94097,-0.0675185
5.22357,1.9378099999999998,-0.0852048
5.26692,1.9337,-0.10441900000000001
5.31329,1.92838,-0.125449
5.3651599999999995,1.92125,-0.14918399999999998
5.4191199999999995,1.9125400000000001,-0.173657
5.47307,1.9025299999999998,-0.197433
5.51791,1.89325,-0.216321
5.56275,1.88314,-0.23412600000000003
5.6076,1.87227,-0.250582
5.65244,1.8606900000000002,-0.265433
5.69728,1.8484900000000002,-0.278429
5.74213,1.83575,-0.289331
5.786969999999999,1.8225799999999999,-0.297915
5.83181,1.8090700000000002,-0.303973
5.87666,1.79535,-0.30732
5.9215,1.78155,-0.307797
5.96634,1.7677900000000002,-0.30527600000000005
6.01119,1.7542200000000001,-0.299672
6.056030000000001,1.7409599999999998,-0.290941
6.10088,1.72817,-0.279099
6.14572,1.7159799999999998,-0.264218
6.19056,1.70452,-0.246444
6.23541,1.6939099999999998,-0.225996
6.28149,1.68403,-0.202511
6.329359999999999,1.67497,-0.175896
6.37973,1.66685,-0.146075
6.43389,1.6598400000000002,-0.11279000000000002
6.49539,1.6540700000000002,-0.0747929
6.55463,1.6507,-0.0394956
6.6138699999999995,1.6493400000000003,-0.00702218
6.663819999999999,1.6496,0.017103200000000002
6.71378,1.65098,0.0374375
6.763730000000001,1.65327,0.0533545
6.813680000000001,1.6562299999999999,0.0643894
6.863639999999999,1.65962,0.0702539
6.913589999999999,1.6631599999999997,0.07083810000000001
6.9576,1.6662099999999997,0.0670182
7.00162,1.669,0.0592745
7.04563,1.67137,0.047813999999999995
7.08965,1.6731599999999998,0.03290119999999999
7.133660000000001,1.67422,0.014842600000000001
7.17823,1.67442,-0.00630916
7.223660000000001,1.6736,-0.030461400000000003
7.27026,1.67156,-0.05755419999999999
7.31845,1.6680700000000002,-0.08759810000000001
7.36883,1.66283,-0.120728
7.42236,1.6553900000000001,-0.15733
7.48106,1.64495,-0.198461
7.551769999999999,1.62915,-0.248417
7.61373,1.6124100000000001,-0.291706
7.6757,1.59302,-0.333752
7.737660000000001,1.5710899999999999,-0.373828
7.7996300000000005,1.54675,-0.411221
7.86159,1.5202,-0.445221
7.92356,1.49166,-0.475108
7.985519999999999,1.4614200000000002,-0.50015
8.04749,1.42979,-0.5195960000000001
8.10945,1.39715,-0.532673
8.17142,1.3639299999999999,-0.538588
8.2341,1.33019,-0.5364680000000001
8.29994,1.2952,-0.524575
8.37035,1.25906,-0.49992299999999995
8.447330000000001,1.22209,-0.45783500000000005
8.53529,1.18466,-0.389608
8.64513,1.1478700000000002,-0.275267
8.75497,1.12515,-0.135106
8.86482,1.11857,0.015197299999999999
8.97676,1.12825,0.152427
9.066130000000001,1.1455799999999998,0.22886700000000001
9.155489999999999,1.16782,0.26055
9.244860000000001,1.1906,0.240742
9.32509,1.20776,0.180876
9.40742,1.21892,0.0851725
9.48975,1.22108,-0.0363087
9.57207,1.21245,-0.175939
9.6544,1.19173,-0.329646
9.73673,1.15777,-0.498032
9.82041,1.10822,-0.69072
9.89373,1.05054,-0.8888209999999999
9.967039999999999,0.976765,-1.13354
10.0404,0.882375,-1.45879
10.0978,0.789063,-1.8094
10.1408,0.70391,-2.1612400000000003
10.1767,0.619979,-2.5399
10.2076,0.535307,-2.95352
10.2385,0.43626099999999995,-3.4746
10.2629,0.345585,-3.9822300000000004
10.2872,0.241298,-4.59462
10.3083,0.13808099999999998,-5.22139
10.3294,0.0206387,-5.9458400000000005
10.3504,-0.113077,-6.7646
10.3715,-0.264852,-7.65425
10.3926,-0.43564899999999995,-8.55752
10.41,-0.591183,-9.243089999999999
10.425,-0.733142,-9.71614
10.4399,-0.880964,-10.0161
10.4528,-1.0102,-10.0875
10.4656,-1.13905,-9.954139999999999
10.4784,-1.2648,-9.60224
10.4913,-1.38466,-9.04022
10.5041,-1.4961200000000001,-8.29984
10.5196,-1.61679,-7.24017
10.5317,-1.69862,-6.35694
10.5437,-1.76977,-5.47304
10.5557,-1.8304799999999999,-4.62815
10.568,-1.8821599999999998,-3.83875
10.5822,-1.93105,-3.02772
10.5943,-1.964,-2.4416599999999997
10.6064,-1.99042,-1.9452599999999998
10.6185,-2.01134,-1.53159
10.6306,-2.02772,-1.1912399999999999
10.6426,-2.04039,-0.914008
10.6547,-2.05003,-0.68989
10.6668,-2.05723,-0.5097229999999999
10.6789,-2.06249,-0.365454
10.690999999999999,-2.06618,-0.250217
10.7031,-2.0686299999999997,-0.158281
10.7156,-2.07012,-0.0824971
10.7287,-2.07078,-0.020292700000000004
10.7423,-2.0706900000000004,0.030545099999999995
10.7566,-2.06995,0.0719255
10.7717,-2.0686,0.105495
10.7876,-2.0667,0.132669
10.8044,-2.06427,0.15466
10.8223,-2.06133,0.172495
10.8414,-2.05789,0.18703399999999998
10.8619,-2.0539400000000003,0.198986
10.8839,-2.04945,0.20891700000000002
10.9075,-2.04442,0.21725999999999998
10.9329,-2.0388,0.22431700000000002
10.9602,-2.0326,0.230267
10.9893,-2.02581,0.235172
11.0202,-2.0184900000000003,0.238998
11.0524,-2.01074,0.24165599999999998
11.0856,-2.00268,0.24304499999999998
11.1196,-1.99443,0.24307800000000002
11.154000000000002,-1.9860900000000001,0.241693
11.1888,-1.97773,0.238844
11.2236,-1.9694900000000002,0.234548
11.259,-1.96128,0.228702
11.2949,-1.9532,0.221306
11.3312,-1.9453099999999999,0.21235
11.3681,-1.93766,0.201824
11.4058,-1.93029,0.189723
11.4443,-1.92324,0.176049
11.4839,-1.91657,0.1608
11.5249,-1.91031,0.14396199999999998
11.5679,-1.90452,0.12548
11.6138,-1.8992200000000001,0.10515999999999999
11.6651,-1.89442,0.0822823
11.7174,-1.89071,0.05943300000000001
11.7703,-1.8881599999999998,0.037501599999999996
11.8134,-1.8869,0.020969099999999997
11.8565,-1.8863299999999998,0.00602082
11.8996,-1.8863599999999998,-0.00703401
11.9427,-1.8869,-0.0179304
11.9859,-1.8878700000000002,-0.0264536
12.0238,-1.8889799999999999,-0.0318648
12.0618,-1.8902599999999998,-0.035239
12.0997,-1.89163,-0.0365373
12.1377,-1.8930099999999999,-0.0357536
12.1757,-1.89432,-0.032912800000000006
12.2136,-1.8954799999999998,-0.028067900000000003
12.2516,-1.8964299999999998,-0.021297299999999998
12.2895,-1.8970799999999999,-0.012701299999999999
12.3275,-1.89737,-0.00239899
12.3655,-1.89724,0.00947498
12.4039,-1.89662,0.0229516
12.4431,-1.89543,0.0380147
12.4832,-1.8935799999999998,0.0546453
12.5245,-1.89095,0.07284760000000001
12.5674,-1.8873900000000001,0.09267339999999999
12.6126,-1.8827200000000002,0.114274
12.6614,-1.87657,0.138054
12.7171,-1.86812,0.165404
12.7704,-1.8586200000000002,0.191228
12.8236,-1.8477599999999998,0.21624200000000002
12.8698,-1.8373,0.23687800000000003
12.9159,-1.8259299999999998,0.256248
12.962,-1.8136900000000002,0.274055
13.0081,-1.8006799999999998,0.290008
13.0542,-1.7869700000000002,0.303823
13.1004,-1.77269,0.315231
13.1465,-1.75794,0.323971
13.1926,-1.74285,0.329805
13.2387,-1.72757,0.332517
13.2848,-1.71223,0.331919
13.331,-1.6969999999999998,0.327863
13.3771,-1.6820400000000002,0.320245
13.4232,-1.6675200000000001,0.309019
13.4693,-1.6535900000000001,0.29420599999999997
13.5154,-1.6404299999999998,0.275903
13.5622,-1.62802,0.25395100000000004
13.6105,-1.61639,0.228098
13.6605,-1.6057,0.198244
13.7131,-1.59616,0.16431500000000002
13.7693,-1.58799,0.126136
13.8319,-1.58146,0.0828855
13.8996,-1.5774,0.0374069
13.9578,-1.57628,0.0014332000000000001
14.015999999999998,-1.57714,-0.0299796
14.0674,-1.5792899999999999,-0.0527687
14.1187,-1.58247,-0.070118
14.1701,-1.58638,-0.0814669
14.2214,-1.5907200000000001,-0.08649789999999999
14.2728,-1.5951600000000001,-0.0851365
14.3241,-1.5993600000000001,-0.0775299
14.3755,-1.6030200000000001,-0.06401169999999999
14.4268,-1.60584,-0.045057
14.4782,-1.60756,-0.021236
14.5295,-1.60795,0.00682878
14.5808,-1.6068,0.0384985
14.6322,-1.60394,0.0731442
14.6842,-1.5991799999999998,0.11061800000000001
14.7388,-1.5920100000000001,0.152039
14.7979,-1.5816700000000001,0.198344
14.865,-1.56654,0.252123
14.9345,-1.5471,0.307985
15.0051,-1.52334,0.364138
15.0674,-1.49918,0.41229099999999996
15.1296,-1.47207,0.458628
15.1918,-1.44215,0.5026149999999999
15.2541,-1.40957,0.543745
15.3163,-1.3745399999999999,0.581541
15.3802,-1.33622,0.6164270000000001
15.447000000000001,-1.29399,0.6480670000000001
15.5177,-1.24711,0.675751
15.5943,-1.19449,0.6983189999999999
15.6795,-1.13426,0.713823
15.7795,-1.06246,0.7185590000000001
15.8998,-0.976621,0.705403
16.0313,-0.885891,0.671655
16.1629,-0.8003100000000001,0.630206
16.2708,-0.733614,0.609116
16.3518,-0.6841470000000001,0.617954
16.4203,-0.640691,0.6566960000000001
16.4804,-0.599338,0.727891
16.5404,-0.552255,0.850841
16.5876,-0.508795,0.999259
16.6348,-0.45690200000000003,1.21143
16.673,-0.406458,1.4456200000000001
16.7111,-0.34571999999999997,1.75483
16.7427,-0.28524499999999997,2.0847599999999997
16.7743,-0.21305100000000002,2.49955
16.8014,-0.139454,2.93866
16.8286,-0.0527377,3.46858
16.8557,0.0497217,4.10037
16.8828,0.170754,4.83667
16.91,0.313025,5.66029
16.9371,0.47826899999999994,6.516430000000001
16.9587,0.6259100000000001,7.1482600000000005
16.977,0.760674,7.581510000000001
16.9952,0.902,7.85601
17.0108,1.02478,7.91936
17.0263,1.14713,7.79754
17.0418,1.2660799999999999,7.48142
17.0574,1.37867,6.984380000000001
17.0733,1.48481,6.324319999999999
17.0885,1.57523,5.60465
17.1041,1.6565599999999998,4.826219999999999
17.1196,1.7258,4.06112
17.1352,1.78348,3.3492300000000004
17.1508,1.83065,2.7156
17.1657,1.86707,2.19437
17.1809,1.89688,1.7473599999999998
17.1942,1.91789,1.4213
17.2075,1.93495,1.15059
17.2208,1.9487299999999999,0.9282600000000001
17.2341,1.9598400000000002,0.747253
17.2474,1.9687700000000001,0.60091
17.2607,1.97596,0.48323999999999995
17.2744,1.9818799999999999,0.386734
17.2885,1.98675,0.308086
17.3031,1.9907700000000002,0.24435900000000002
17.3183,1.99407,0.193044
17.3341,1.99679,0.15199300000000002
17.3507,1.9990299999999999,0.119353
17.3682,2.00088,0.0935218
17.3867,2.00241,0.0731115
17.4063,2.00368,0.0569135
17.4272,2.0047200000000003,0.043873
17.4497,2.00559,0.03306130000000001
17.4741,2.00627,0.0236455
17.5008,2.00679,0.014848400000000001
17.5307,2.0070900000000003,0.00587663
17.5652,2.00712,-0.00427627
17.6104,2.0066200000000003,-0.0181113
17.6561,2.00545,-0.0331663
17.7019,2.00357,-0.0494092
17.7476,2.0009099999999997,-0.0667347
17.7933,1.99745,-0.08493919999999999
17.839000000000002,1.9931400000000001,-0.103775
17.8853,1.9878900000000002,-0.12319200000000001
17.938,1.98081,-0.145399
17.9876,1.9730900000000002,-0.166009
18.0372,1.9643599999999999,-0.185972
18.08,1.9560400000000002,-0.202417
18.1228,1.9470299999999998,-0.21789099999999997
18.1657,1.9373900000000002,-0.232177
18.2085,1.92717,-0.245062
18.2513,1.9164299999999999,-0.256344
18.2941,1.90524,-0.265831
18.3369,1.89369,-0.273343
18.3798,1.8818599999999999,-0.278717
18.4226,1.86985,-0.28181
18.4654,1.8577599999999999,-0.282499
18.5082,1.84569,-0.280692
18.5511,1.83375,-0.276325
18.5939,1.8220599999999998,-0.269372
18.6367,1.81072,-0.25985
18.6795,1.79984,-0.24781999999999998
18.7224,1.7895299999999998,-0.23339400000000002
18.7652,1.77988,-0.21673800000000001
18.808,1.77099,-0.198074
18.8521,1.76272,-0.177061
18.898,1.75512,-0.153619
18.9465,1.7482900000000001,-0.127635
18.9994,1.7423099999999998,-0.0986943
19.0622,1.7371900000000002,-0.06457210000000001
19.1154,1.7345,-0.0369681
19.1687,1.73321,-0.011578100000000001
19.215,1.7331400000000001,0.00801615
19.2613,1.7339099999999998,0.0247799
19.3076,1.7353900000000002,0.03829280000000001
19.3539,1.7374,0.0482311
19.4002,1.7397900000000002,0.054375
19.4465,1.7423799999999998,0.056611400000000006
19.4928,1.74498,0.054929399999999996
19.5391,1.74741,0.049411500000000004
19.5854,1.7494900000000002,0.0402214
19.6317,1.75108,0.027589799999999998
19.678,1.7519999999999998,0.0117988
19.7243,1.7521200000000001,-0.00683147
19.7706,1.7513299999999998,-0.027955900000000002
19.8169,1.7495,-0.05121509999999999
19.8632,1.74656,-0.0762429
19.9102,1.7423400000000002,-0.10313399999999999
19.9598,1.7365,-0.13258399999999998
20.0133,1.72853,-0.16523
20.0748,1.71723,-0.20306
20.1344,1.7040400000000002,-0.239448
20.194000000000003,1.68871,-0.274805
20.246,1.67362,-0.304313
20.2981,1.65704,-0.332049
20.3502,1.63907,-0.357559
20.4023,1.61985,-0.380392
20.4543,1.59951,-0.400095
20.5064,1.5782399999999999,-0.416217
20.5585,1.55623,-0.428309
20.6106,1.5337100000000001,-0.435931
20.6626,1.51091,-0.438655
20.7147,1.48811,-0.436083
20.7677,1.4652,-0.42765699999999995
20.8223,1.44225,-0.41253999999999996
20.8788,1.41955,-0.389739
20.9377,1.3974600000000001,-0.358117
20.9998,1.37648,-0.316397
21.0659,1.35727,-0.263176
21.1376,1.34074,-0.196959
21.2177,1.32817,-0.116106
21.3138,1.32178,-0.0175382
21.4105,1.3245200000000001,0.0712373
21.4925,1.33284,0.128328
21.5745,1.34491,0.161659
21.6404,1.3559,0.16861199999999998
21.7063,1.36675,0.157495
21.7723,1.37629,0.12942599999999999
21.8382,1.3834899999999999,0.0865087
21.9041,1.38743,0.031339799999999994
21.9701,1.38741,-0.03346180000000001
22.035999999999998,1.38286,-0.10560399999999999
22.1019,1.3733600000000001,-0.183322
22.1722,1.35742,-0.27101
22.2509,1.33206,-0.37442
22.3451,1.29065,-0.506137
22.4517,1.2281799999999998,-0.6698810000000001
22.5376,1.1643,-0.821185
22.6235,1.08623,-1.00302
22.6969,1.0056200000000002,-1.20031
22.7704,0.908286,-1.46458
22.8309,0.81097,-1.76752
22.8764,0.723949,-2.07646
22.9142,0.639382,-2.4129
22.9467,0.554955,-2.7839
22.9793,0.456867,-3.25609
23.0049,0.36780300000000005,-3.71869
23.0305,0.265654,-4.28166
23.0525,0.165376,-4.85912
23.0745,0.0513595,-5.532719999999999
23.0964,-0.07853289999999999,-6.30282
23.1184,-0.226279,-7.152480000000001
23.1404,-0.393173,-8.03386
23.1595,-0.553771,-8.75463
23.1754,-0.697129,-9.25188
23.1913,-0.847181,-9.58468
23.2048,-0.9771049999999999,-9.68675
23.2183,-1.1070799999999998,-9.58788
23.2317,-1.2342600000000001,-9.27051
23.2452,-1.35572,-8.73982
23.2586,-1.46875,-8.02558
23.2742,-1.58609,-7.03793
23.2868,-1.66947,-6.17075
23.2994,-1.74183,-5.29826
23.3121,-1.8033700000000001,-4.46213
23.3247,-1.85475,-3.6924099999999997
23.3393,-1.90278,-2.9077599999999997
23.3519,-1.9357099999999998,-2.3282599999999998
23.3645,-1.9618900000000001,-1.83825
23.3771,-1.98243,-1.43086
23.3897,-1.9983,-1.09664
23.4023,-2.01036,-0.8253030000000001
23.415,-2.01934,-0.6067520000000001
23.4276,-2.02585,-0.43176899999999996
23.4402,-2.03038,-0.292277
23.4528,-2.03334,-0.18141300000000002
23.4654,-2.0350599999999996,-0.09347260000000002
23.4785,-2.03579,-0.021409599999999997
23.4922,-2.03566,0.0372759
23.5065,-2.03478,0.0847328
23.5215,-2.03321,0.122807
23.5373,-2.0310200000000003,0.153084
23.554000000000002,-2.02825,0.17691300000000001
23.5717,-2.02495,0.195441
23.5905,-2.0211200000000002,0.20962399999999998
23.6106,-2.0168,0.220252
23.6321,-2.0119700000000003,0.22795300000000002
23.6552,-2.00665,0.233213
23.68,-2.00082,0.236384
23.7065,-1.99452,0.237695
23.735,-1.9877599999999997,0.237275
23.7652,-1.9806099999999998,0.23517600000000002
23.7971,-1.97317,0.231408
23.8304,-1.96554,0.225969
23.865,-1.95786,0.21886599999999998
23.9005,-1.95025,0.210114
23.9369,-1.94278,0.199735
23.9742,-1.93555,0.187752
24.0124,-1.92862,0.174183
24.0519,-1.9220400000000002,0.15904200000000002
24.0928,-1.91587,0.142321
24.1357,-1.9101599999999999,0.123965
24.1817,-1.90493,0.103776
24.2332,-1.9001700000000001,0.0809846
24.284000000000002,-1.89661,0.058962400000000005
24.3361,-1.8941,0.0375454
24.3791,-1.89285,0.0212027
24.421999999999997,-1.8922599999999998,0.00642012
24.465,-1.8922700000000001,-0.00649968
24.508000000000003,-1.8927900000000002,-0.0172967
24.5509,-1.89372,-0.025760200000000004
24.5887,-1.8948,-0.031153399999999998
24.6266,-1.89605,-0.034542800000000005
24.6644,-1.8973900000000001,-0.035889300000000006
24.7022,-1.89874,-0.035185900000000006
24.74,-1.9000299999999999,-0.0324556
24.7779,-1.90117,-0.0277493
24.8157,-1.9021,-0.021142599999999998
24.8535,-1.90275,-0.012732700000000001
24.8913,-1.90305,-0.00263548
24.9292,-1.90293,0.00901787
24.9674,-1.9023400000000001,0.022247
25.0064,-1.9011799999999999,0.0370409
25.0463,-1.8993799999999998,0.053380399999999995
25.0874,-1.89683,0.0712677
25.13,-1.89337,0.0907492
25.1749,-1.88883,0.11196400000000001
25.2231,-1.88287,0.13528099999999998
25.2778,-1.87474,0.161923
25.3308,-1.86548,0.187449
25.385,-1.85464,0.212743
25.430999999999997,-1.84437,0.233258
25.4771,-1.83318,0.252542
25.5231,-1.8211400000000002,0.270301
25.5691,-1.8083200000000001,0.28624499999999997
25.6152,-1.79482,0.300093
25.6612,-1.78073,0.311578
25.7072,-1.76617,0.320442
25.7533,-1.7512599999999998,0.326448
25.7993,-1.73615,0.329382
25.8454,-1.7209900000000002,0.329058
25.8914,-1.7059099999999998,0.325328
25.9374,-1.69108,0.31808800000000004
25.9835,-1.67667,0.30729
26.0295,-1.66284,0.292952
26.0756,-1.64975,0.275167
26.1216,-1.6375600000000001,0.25411300000000003
26.1693,-1.6260299999999999,0.229171
26.2187,-1.6154,0.20033900000000002
26.2705,-1.60585,0.16756300000000002
26.3258,-1.59761,0.130697
26.3868,-1.59091,0.0890831
26.4648,-1.5859999999999999,0.037281
26.5219,-1.5848799999999998,0.00248514
26.579,-1.5856299999999999,-0.027986
26.6361,-1.58797,-0.0528177
26.6851,-1.59097,-0.068833
26.7342,-1.59463,-0.0794505
26.7832,-1.59867,-0.0844023
26.8322,-1.6028200000000001,-0.0836177
26.8813,-1.6067799999999999,-0.0772074
26.9303,-1.6103,-0.0654366
26.9793,-1.61312,-0.0486913
27.0284,-1.615,-0.0274428
27.0774,-1.61574,-0.00221373
27.1264,-1.61516,0.0264512
27.1755,-1.6131,0.05800740000000001
27.226,-1.6092899999999999,0.0930025
27.2789,-1.6033600000000001,0.131741
27.3354,-1.59471,0.17477
27.3977,-1.58231,0.22354200000000002
27.4744,-1.56283,0.284288
27.54,-1.5424799999999999,0.3359
27.6056,-1.5187700000000002,0.386365
27.6713,-1.49181,0.434964
27.7369,-1.46174,0.48101700000000003
27.8025,-1.42874,0.523876
27.8681,-1.39306,0.562916
27.9338,-1.35496,0.597527
27.9994,-1.31474,0.627113
28.0678,-1.2709700000000002,0.6519689999999999
28.1409,-1.22256,0.6710729999999999
28.2209,-1.16835,0.682284
28.3118,-1.10627,0.6816399999999999
28.4236,-1.031,0.659887
28.548000000000002,-0.9518690000000001,0.60774
28.6724,-0.880971,0.5281859999999999
28.7968,-0.821314,0.42887700000000006
28.9211,-0.774447,0.32614299999999996
29.0288,-0.743394,0.255698
29.1182,-0.721996,0.229733
29.2075,-0.700839,0.25394
29.2822,-0.679401,0.330408
29.3569,-0.649725,0.478396
29.4153,-0.616788,0.661808
29.4662,-0.577587,0.888159
29.5108,-0.532307,1.15444
29.5502,-0.48113100000000003,1.46022
29.5895,-0.416256,1.8553
29.6205,-0.352763,2.25007
29.6516,-0.275604,2.73969
29.6775,-0.198374,3.23845
29.7034,-0.106985,3.8355
29.7293,0.00129134,4.54409
29.7516,0.11042,5.24801
29.7739,0.23615500000000003,6.02904
29.7963,0.379924,6.85637
29.8193,0.547575,7.69015
29.8371,0.689588,8.24819
29.8549,0.8402799999999999,8.65248
29.8694,0.967548,8.81431
29.884,1.09582,8.78491
29.8985,1.22212,8.54296
29.9131,1.34336,8.08968
29.9276,1.45661,7.45175
29.9436,1.56875,6.5985
29.956999999999997,1.6523599999999998,5.8089699999999995
29.9705,1.7252,5.00817
29.984,1.78742,4.23726
29.9974,1.83962,3.5262800000000003
30.0125,1.88723,2.82535
30.0259,1.92155,2.28803
30.0394,1.9492,1.83485
30.0529,1.9712900000000002,1.45946
30.0663,1.9888,1.1529
30.0798,2.00259,0.905309
30.0932,2.0133900000000002,0.7070000000000001
30.1067,2.0218,0.549128
30.1202,2.02832,0.42396300000000003
30.1336,2.03333,0.324962
30.1471,2.0371599999999996,0.246714
30.1609,2.04011,0.183409
30.1752,2.04236,0.131696
30.1903,2.0440099999999997,0.08947100000000001
30.2061,2.04513,0.054986099999999996
30.2227,2.0458,0.0267346
30.2403,2.0460599999999998,0.00341192
30.259,2.0459400000000003,-0.0161111
30.279,2.04544,-0.032811900000000005
30.3004,2.04457,-0.047537199999999995
30.3236,2.04331,-0.0610231
30.3487,2.04161,-0.07391560000000001
30.3763,2.0394,-0.08678889999999999
30.4067,2.03655,-0.100162
30.4407,2.0329,-0.114498
30.4787,2.02826,-0.130131
30.5206,2.02244,-0.147
30.5648,2.01557,-0.164266
30.6089,2.00795,-0.180877
30.6531,1.9996099999999999,-0.19663
30.6973,1.9906,-0.21130900000000002
30.7361,1.98216,-0.223152
30.7749,1.9732900000000002,-0.233846
30.8137,1.96402,-0.24325100000000002
30.8525,1.95442,-0.251233
30.8914,1.9445299999999999,-0.25766700000000003
30.9302,1.9344299999999999,-0.262439
30.969,1.92418,-0.26545
31.0078,1.9138400000000002,-0.26661399999999996
31.0467,1.9035,-0.265865
31.0855,1.89323,-0.26315500000000003
31.1243,1.8830900000000002,-0.25845999999999997
31.1631,1.8731799999999998,-0.251779
31.201999999999998,1.8635700000000002,-0.24314299999999997
31.2408,1.85433,-0.23260999999999998
31.2796,1.84553,-0.220271
31.3195,1.83702,-0.20583400000000002
31.3605,1.82893,-0.18936
31.4027,1.82132,-0.170851
31.4465,1.81427,-0.15028699999999998
31.4927,1.80785,-0.127585
31.5426,1.8021099999999999,-0.102441
31.6001,1.7970599999999999,-0.0734787
31.6528,1.79387,-0.0478217
31.7055,1.7919900000000002,-0.023866599999999998
31.7505,1.7913400000000002,-0.00533028
31.7956,1.7914700000000001,0.010957399999999999
31.8406,1.7922900000000002,0.0246173
31.8856,1.79365,0.0353406
31.9307,1.79542,0.0428978
31.9757,1.7974599999999998,0.047141699999999995
32.0208,1.79962,0.0480075
32.0605,1.80149,0.0459783
32.1002,1.8032299999999999,0.0413892
32.1399,1.80475,0.0343334
32.1796,1.80593,0.0249366
32.2193,1.8067,0.013351499999999999
32.259,1.80696,-0.000247496
32.2995,1.8066400000000002,-0.0160121
32.3408,1.80562,-0.033818400000000005
32.3831,1.80377,-0.05362140000000001
32.4268,1.80096,-0.0754194
32.4721,1.797,-0.09927430000000001
32.52,1.7916299999999998,-0.125376
32.5716,1.7844099999999998,-0.15423599999999998
32.6309,1.7742799999999999,-0.187611
32.6878,1.7627099999999998,-0.219296
32.7446,1.74935,-0.250015
32.7941,1.7363400000000002,-0.275492
32.8436,1.7221099999999998,-0.29939099999999996
32.8931,1.7067400000000001,-0.321327
32.9426,1.6903400000000002,-0.340917
32.9921,1.67303,-0.357783
33.0416,1.65497,-0.371555
33.0911,1.63631,-0.381871
33.1406,1.61723,-0.388386
33.1901,1.5979299999999999,-0.390778
33.2396,1.5786200000000001,-0.388755
33.2891,1.55952,-0.38206999999999997
33.3386,1.54087,-0.37053600000000003
33.3889,1.52265,-0.353759
33.4405,1.50494,-0.33118800000000004
33.4939,1.4880000000000002,-0.302319
33.5495,1.4721600000000001,-0.266683
33.6079,1.4578200000000001,-0.22387600000000002
33.6699,1.44547,-0.173574
33.7375,1.4357,-0.115425
33.8152,1.42936,-0.0479159
33.8906,1.4281,0.013305200000000001
33.966,1.43113,0.0652591
34.0275,1.4362,0.0976539
34.0891,1.4429299999999998,0.11901400000000001
34.1507,1.4506,0.128222
34.2122,1.45846,0.124964
34.266,1.4648700000000001,0.112246
34.3197,1.4703700000000002,0.0910085
34.3735,1.47452,0.0621557
34.4273,1.47694,0.026715499999999996
34.481,1.4773,-0.0142583
34.5362,1.4752399999999999,-0.061024
34.5935,1.47025,-0.11364400000000001
34.6541,1.46159,-0.172656
34.7196,1.44811,-0.239479
34.7937,1.4274799999999999,-0.317874
34.8933,1.3904299999999998,-0.426868
34.9772,1.35064,-0.521777
35.0611,1.30274,-0.620355
35.1466,1.24521,-0.726831
35.2461,1.16618,-0.864756
35.333,1.08504,-1.00797
35.4199,0.9899,-1.19119
35.4945,0.893385,-1.4065
35.556,0.7997529999999999,-1.6536
35.6034,0.715495,-1.9135099999999998
35.6433,0.633725,-2.20195
35.6778,0.55228,-2.5246299999999997
35.7124,0.458175,-2.93909
35.7397,0.372629,-3.3505800000000003
35.7669,0.274627,-3.8560199999999996
35.7902,0.17874,-4.3775900000000005
35.8136,0.0696166,-4.99199
35.8369,-0.054972400000000005,-5.70289
35.8602,-0.19719,-6.49932
35.8836,-0.35865,-7.3428
35.905,-0.524195,-8.08992
35.9222,-0.6681600000000001,-8.6005
35.9395,-0.8196959999999999,-8.95624
35.9539,-0.9496100000000001,-9.08113
35.9682,-1.07995,-9.01062
35.9826,-1.20774,-8.72445
35.997,-1.32986,-8.22552
36.0114,-1.44344,-7.542510000000001
36.0277,-1.5588600000000001,-6.61067
36.041,-1.6417400000000002,-5.7806
36.0544,-1.71344,-4.94506
36.0678,-1.77416,-4.14533
36.0812,-1.8246,-3.41099
36.0967,-1.87175,-2.6600099999999998
36.11,-1.9032900000000001,-2.11688
36.1232,-1.92822,-1.6591099999999999
36.1365,-1.9476,-1.2798
36.1497,-1.96243,-0.9696899999999999
36.163000000000004,-1.9735599999999998,-0.7188329999999999
36.1762,-1.9817,-0.51758
36.1895,-1.98745,-0.35716
36.2027,-1.99131,-0.229933
36.216,-1.9936599999999998,-0.129437
36.2294,-1.9948400000000002,-0.0491941
36.2434,-1.9950599999999998,0.015615100000000002
36.258,-1.99443,0.06755950000000001
36.2733,-1.9930700000000001,0.10869000000000001
36.2893,-1.9910599999999998,0.140747
36.3062,-1.98846,0.165211
36.3242,-1.9853299999999998,0.183334
36.3432,-1.9817099999999999,0.196168
36.3634,-1.97764,0.204577
36.3851,-1.9731599999999998,0.20926
36.4083,-1.96828,0.21076599999999998
36.4331,-1.96305,0.209506
36.4599,-1.9574900000000002,0.20577199999999998
36.4886,-1.95166,0.19976300000000002
36.5194,-1.94563,0.191606
36.5523,-1.9394900000000002,0.18139
36.5874,-1.93334,0.169192
36.6245,-1.9273200000000001,0.155093
36.6638,-1.92153,0.13915999999999998
36.7057,-1.9160700000000002,0.12141099999999999
36.7509,-1.91103,0.101708
36.802,-1.9064,0.0793071
36.8507,-1.90305,0.0584181
36.902,-1.9006,0.0375479
36.9448,-1.8993400000000003,0.0214123
36.9876,-1.89874,0.00681103
37.0304,-1.89873,-0.00595929
37.0732,-1.8992200000000001,-0.0166441
37.116,-1.90012,-0.0250365
37.1537,-1.90117,-0.030402600000000002
37.1913,-1.9023900000000002,-0.033800300000000005
37.229,-1.90369,-0.0351906
37.2667,-1.9050200000000002,-0.0345653
37.3044,-1.9062700000000001,-0.031945999999999995
37.342,-1.9074,-0.0273812
37.3797,-1.90831,-0.0209435
37.4174,-1.90895,-0.0127271
37.4551,-1.90925,-0.00284443
37.4928,-1.90915,0.00857701
37.5309,-1.90858,0.0215462
37.5696,-1.90747,0.0360569
37.6093,-1.90572,0.0520899
37.6501,-1.90324,0.0696453
37.6925,-1.89989,0.0887644
37.736999999999995,-1.8954799999999998,0.109574
37.7847,-1.8897099999999998,0.132409
37.8384,-1.8819,0.15834600000000001
37.8915,-1.8728099999999999,0.183728
37.9462,-1.8620599999999998,0.20913600000000002
37.9922,-1.85198,0.229516
38.0381,-1.8409799999999998,0.24870100000000003
38.0841,-1.8291400000000002,0.266397
38.1301,-1.8165200000000001,0.282317
38.176,-1.80322,0.296185
38.222,-1.7893299999999999,0.307732
38.268,-1.7749700000000002,0.316706
38.3139,-1.76026,0.32287
38.3599,-1.7453400000000001,0.326013
38.4058,-1.7303400000000002,0.32595100000000005
38.4518,-1.7154200000000002,0.322536
38.4978,-1.70075,0.315664
38.5437,-1.6864599999999998,0.305287
38.5897,-1.6727400000000001,0.291419
38.6356,-1.65973,0.274147
38.6816,-1.6475799999999998,0.253644
38.7288,-1.6361700000000001,0.22951100000000002
38.7777,-1.62563,0.20163699999999998
38.8288,-1.61612,0.169956
38.8831,-1.60784,0.13434100000000002
38.9428,-1.60102,0.09424450000000001
39.0162,-1.5959,0.045795999999999996
39.0741,-1.59429,0.010305
39.132,-1.59463,-0.0211108
39.1829,-1.5963100000000001,-0.0442518
39.2338,-1.59904,-0.0623977
39.2847,-1.60256,-0.0749696
39.3355,-1.60657,-0.08160869999999999
39.3864,-1.61076,-0.08218049999999999
39.4373,-1.61483,-0.07676060000000001
39.4882,-1.61848,-0.0656064
39.5391,-1.62142,-0.0491194
39.59,-1.6234,-0.027803500000000002
39.6408,-1.62418,-0.00222595
39.6917,-1.6235600000000001,0.0270171
39.7426,-1.62137,0.0593273
39.7935,-1.61748,0.0941229
39.8462,-1.61152,0.132226
39.9025,-1.6029,0.174496
39.9647,-1.59056,0.22243800000000002
40.0421,-1.57101,0.282702
40.1067,-1.55113,0.332542
40.1713,-1.52807,0.38116300000000003
40.2359,-1.50193,0.427854
40.3005,-1.47285,0.47193500000000005
40.3651,-1.44103,0.512748
40.4297,-1.40669,0.549647
40.4943,-1.37011,0.581989
40.5589,-1.33161,0.6091300000000001
40.6254,-1.29031,0.630962
40.696,-1.2452,0.6465270000000001
40.7723,-1.1954799999999999,0.6536
40.8574,-1.13999,0.648225
40.9579,-1.07598,0.622037
41.0749,-1.00641,0.56214
41.1919,-0.945759,0.46943199999999996
41.3088,-0.8977860000000001,0.346238
41.4258,-0.8656229999999999,0.201229
41.5428,-0.8508709999999999,0.052479700000000004
41.6642,-0.852699,-0.074725
41.7857,-0.866247,-0.133461
41.8714,-0.8772049999999999,-0.112371
41.9519,-0.8835540000000001,-0.0357103
42.0324,-0.881366,0.10012599999999999
42.113,-0.8657549999999999,0.298477
42.1935,-0.8313969999999999,0.568128
42.273999999999994,-0.771714,0.9337190000000001
42.3324,-0.707201,1.29059
42.3779,-0.640709,1.65077
42.4159,-0.5709529999999999,2.0335099999999997
42.4487,-0.49760699999999997,2.44728
42.4816,-0.409042,2.96508
42.5074,-0.326344,3.4658599999999997
42.5332,-0.229444,4.07014
42.5552,-0.132937,4.68463
42.5773,-0.021778,5.39801
42.5994,0.106244,6.21044
42.6215,0.25316,7.103610000000001
42.6436,0.420263,8.02633
42.6624,0.5782149999999999,8.76169
42.6781,0.720025,9.27045
42.6938,0.868605,9.612039999999999
42.7071,0.9971180000000001,9.720139999999999
42.7204,1.12576,9.62767
42.7336,1.25175,9.318
42.7469,1.3722,8.79675
42.7602,1.4844700000000002,8.09356
42.7755,1.60122,7.12056
42.788000000000004,1.6845400000000001,6.26431
42.8004,1.75711,5.40151
42.8128,1.81912,4.5732800000000005
42.8253,1.8712,3.8094699999999997
42.8395,1.9197,3.0387299999999997
42.852,1.9539799999999998,2.45689
42.8645,1.98154,1.96442
42.876999999999995,2.00347,1.5547
42.8895,2.02074,1.21841
42.902,2.03421,0.945269
42.9145,2.04461,0.725174
42.9271,2.05254,0.54884
42.9396,2.05849,0.408114
42.9521,2.06287,0.296059
42.9646,2.06599,0.20690300000000003
42.9774,2.0681700000000003,0.134298
42.9908,2.06954,0.0746679
43.0047,2.07023,0.0257586
43.0193,2.0703,-0.0143026
43.0347,2.06982,-0.0471271
43.051,2.06882,-0.07410510000000001
43.0682,2.06735,-0.0964318
43.0866,2.0654,-0.11513
43.1062,2.06298,-0.13106700000000002
43.1272,2.06007,-0.144972
43.1499,2.05665,-0.157442
43.1743,2.05265,-0.168957
43.2008,2.04803,-0.179871
43.2294,2.0427299999999997,-0.190406
43.2602,2.03671,-0.20063599999999998
43.2929,2.02999,-0.210477
43.327,2.02263,-0.219718
43.3621,2.01478,-0.228107
43.3975,2.00657,-0.235431
43.433,1.9981099999999998,-0.241529
43.4684,1.9894599999999998,-0.246331
43.5038,1.9806700000000002,-0.249771
43.5393,1.97177,-0.251787
43.5747,1.9628400000000001,-0.252326
43.6102,1.9539099999999998,-0.25135
43.6456,1.94504,-0.24883000000000002
43.6815,1.9361700000000002,-0.24469000000000002
43.7174,1.9274799999999999,-0.23895999999999998
43.754,1.91887,-0.231515
43.7911,1.91045,-0.222359
43.8287,1.90228,-0.211481
43.8671,1.89441,-0.19887
43.9063,1.88688,-0.184521
43.9467,1.8797599999999999,-0.168434
43.9884,1.8731,-0.150595
44.0321,1.86694,-0.130956
44.0787,1.8613400000000002,-0.109339
44.1304,1.85632,-0.0850819
44.1856,1.85232,-0.0596924
44.2336,1.8499700000000001,-0.0386816
44.2816,1.8485900000000002,-0.0192356
44.3296,1.8480900000000002,-0.00186382
44.3706,1.84828,0.0110038
44.4116,1.84896,0.0217835
44.4527,1.8500400000000001,0.030280599999999998
44.4937,1.85142,0.03634930000000001
44.5347,1.8529900000000001,0.0398942
44.5757,1.8546599999999998,0.0408696
44.6168,1.85631,0.0392782
44.6578,1.8578400000000002,0.0351664
44.6988,1.85916,0.0286209
44.7399,1.8601599999999998,0.019762599999999998
44.7809,1.86075,0.0087416
44.8219,1.86085,-0.00426847
44.863,1.86038,-0.0190753
44.903999999999996,1.85926,-0.0354726
44.945,1.85745,-0.05324400000000001
44.9872,1.8548,-0.0726912
45.0309,1.85116,-0.0939092
45.077,1.8463,-0.117059
45.1266,1.8398700000000001,-0.142557
45.183,1.831,-0.171797
45.2377,1.82082,-0.199856
45.2932,1.80896,-0.22745100000000001
45.3407,1.7976299999999998,-0.249944
45.3882,1.7852599999999998,-0.271067
45.4356,1.7719200000000002,-0.290487
45.4831,1.7577099999999999,-0.30787800000000004
45.5305,1.7427400000000002,-0.322921
45.578,1.72711,-0.335307
45.6255,1.7109599999999998,-0.34473899999999996
45.6729,1.6944299999999999,-0.350939
45.7204,1.6777,-0.353652
45.7678,1.6609200000000002,-0.35265599999999997
45.8153,1.6442900000000003,-0.347767
45.8628,1.62798,-0.338855
45.9102,1.61219,-0.325853
45.9577,1.59711,-0.308775
46.0059,1.58273,-0.28737399999999996
46.0555,1.56911,-0.26132
46.1069,1.55646,-0.230419
46.1606,1.54503,-0.19453900000000002
46.2175,1.53511,-0.153555
46.2793,1.52705,-0.10713199999999999
46.3513,1.52129,-0.0532188
46.4166,1.51934,-0.00724381
46.482,1.5202200000000001,0.0331662
46.5372,1.52286,0.0611952
46.5925,1.52685,0.082338
46.6477,1.5318100000000001,0.09574939999999998
46.7029,1.53728,0.100967
46.7582,1.54281,0.0979162
46.8134,1.54795,0.086868
46.8686,1.55227,0.0683755
46.9239,1.55538,0.0431884
46.9791,1.55693,0.0121689
47.0344,1.55663,-0.023782400000000002
47.0896,1.55423,-0.0637822
47.1448,1.5495299999999999,-0.107004
47.2014,1.54217,-0.15379400000000001
47.2621,1.53125,-0.20611100000000002
47.3304,1.51512,-0.26659
47.4095,1.49119,-0.337767
47.4887,1.4616200000000001,-0.408961
47.5568,1.43172,-0.469496
47.6249,1.39773,-0.528997
47.693000000000005,1.3597299999999999,-0.587228
47.7619,1.31725,-0.644875
47.833999999999996,1.26861,-0.703967
47.9116,1.21151,-0.7670020000000001
47.9992,1.14124,-0.8394950000000001
48.1125,1.04039,-0.94337
48.2163,0.9364450000000001,-1.06511
48.3,0.8418,-1.20423
48.3635,0.760927,-1.3550799999999998
48.416000000000004,0.685425,-1.52899
48.4609,0.612396,-1.7309599999999998
48.5003,0.539875,-1.96543
48.5396,0.456733,-2.27466
48.5709,0.38087600000000005,-2.5914900000000003
48.6021,0.29388600000000004,-2.99024
48.6286,0.20931599999999997,-3.4075800000000003
48.6551,0.112571,-3.9114699999999996
48.6816,0.00120859,-4.51232
48.7081,-0.127392,-5.21195
48.7346,-0.275672,-5.99257
48.7611,-0.445162,-6.8001
48.7822,-0.594969,-7.391889999999999
48.8002,-0.7321489999999999,-7.7960899999999995
48.8183,-0.8752850000000001,-8.041730000000001
48.8338,-1.0009299999999999,-8.08067
48.8494,-1.12573,-7.93013
48.8649,-1.24664,-7.58113
48.8805,-1.36066,-7.048080000000001
48.8966,-1.4688700000000001,-6.34059
48.9118,-1.55918,-5.58655
48.9273,-1.63972,-4.7780000000000005
48.9428,-1.7077799999999999,-3.9870400000000004
48.9584,-1.76395,-3.25352
48.9742,-1.8100900000000002,-2.59069
48.9892,-1.84486,-2.05071
49.0043,-1.8721599999999998,-1.59753
49.0193,-1.8932799999999999,-1.22507
49.0326,-1.9076799999999998,-0.955991
49.0458,-1.91885,-0.735362
49.0591,-1.92737,-0.55604
49.0724,-1.93376,-0.411367
49.0859,-1.93851,-0.29294899999999996
49.0999,-1.9419,-0.19677
49.1143,-1.9441599999999999,-0.119344
49.1293,-1.9454599999999997,-0.0577459
49.1449,-1.94597,-0.00950451
49.1612,-1.9458,0.0274793
49.1784,-1.94508,0.054994900000000006
49.1965,-1.9439,0.074567
49.2156,-1.9423400000000002,0.08749069999999999
49.2359,-1.94048,0.09486069999999999
49.2575,-1.93839,0.0975943
49.2806,-1.9361400000000002,0.0964523
49.3055,-1.9337900000000001,0.0920572
49.3324,-1.9314,0.0849084
49.3618,-1.92905,0.0753919
49.3941,-1.9268,0.06377569999999999
49.4305,-1.92472,0.05014930000000001
49.474,-1.9228900000000002,0.034033999999999995
49.5183,-1.92173,0.018493
49.5627,-1.92123,0.00441964
49.607,-1.9213099999999999,-0.00777536
49.6453,-1.9217799999999998,-0.0165448
49.6835,-1.9225599999999998,-0.0235356
49.7218,-1.92356,-0.028637
49.76,-1.92472,-0.031775
49.7983,-1.92596,-0.032910400000000006
49.8365,-1.9272099999999999,-0.0320367
49.8747,-1.92839,-0.029177699999999997
49.913000000000004,-1.9294200000000001,-0.024385
49.9512,-1.93023,-0.0177348
49.9895,-1.93075,-0.00932484
50.0277,-1.93092,0.000728545
50.066,-1.93068,0.012293700000000001
50.1042,-1.92997,0.0252263
50.1425,-1.9287299999999998,0.039372199999999996
50.1818,-1.92688,0.055020000000000006
50.2224,-1.9243,0.07212089999999999
50.2645,-1.92088,0.0907179
50.3089,-1.9164,0.110953
50.3567,-1.91057,0.133205
50.4114,-1.9025900000000002,0.158782
50.4634,-1.89369,0.182818
50.5155,-1.88356,0.206096
50.5605,-1.87385,0.225284
50.6055,-1.8632900000000001,0.24330500000000002
50.6506,-1.8519599999999998,0.259889
50.6956,-1.83992,0.27477199999999996
50.7406,-1.82725,0.2877
50.7856,-1.81404,0.29843000000000003
50.8307,-1.8004099999999998,0.306732
50.8757,-1.78646,0.312394
50.9207,-1.7723200000000001,0.315228
50.9657,-1.7581200000000001,0.31507199999999996
51.0108,-1.7439900000000002,0.311798
51.0558,-1.7300900000000001,0.305321
51.1008,-1.71655,0.295604
51.1458,-1.7035099999999999,0.282667
51.1909,-1.69114,0.266597
51.2359,-1.67955,0.247554
51.2818,-1.6687,0.22535700000000003
51.3291,-1.65862,0.199823
51.3785,-1.64946,0.170888
51.4308,-1.64137,0.138452
51.4876,-1.6345299999999998,0.10211
51.5547,-1.6291200000000001,0.05951939999999999
51.6128,-1.62668,0.0246335
51.6709,-1.62619,-0.00685311
51.721000000000004,-1.62713,-0.0302204
51.771,-1.62914,-0.0492972
51.8211,-1.63199,-0.0634942
51.8712,-1.63541,-0.0724047
51.9213,-1.63915,-0.0758148
51.9714,-1.6429200000000002,-0.07369819999999999
52.0214,-1.6464400000000001,-0.066198
52.0715,-1.64946,-0.0535998
52.1216,-1.65173,-0.0362984
52.1717,-1.65303,-0.014765200000000001
52.2218,-1.65315,0.0104825
52.2718,-1.65192,0.038907199999999996
52.3219,-1.6492099999999998,0.06997089999999999
52.372,-1.64488,0.103148
52.4244,-1.63852,0.13960899999999998
52.4808,-1.62952,0.18012999999999998
52.5442,-1.6166200000000002,0.22663000000000003
52.6129,-1.59932,0.277065
52.6816,-1.5785799999999999,0.326612
52.74,-1.5583,0.367338
52.7984,-1.5357,0.406146
52.8569,-1.51089,0.44247200000000003
52.9153,-1.48406,0.47575200000000006
52.9737,-1.45537,0.50542
53.0321,-1.42508,0.530899
53.0906,-1.39344,0.551595
53.1511,-1.35955,0.567337
53.2141,-1.32342,0.576825
53.2806,-1.2849899999999999,0.578292
53.3516,-1.24419,0.569109
53.4291,-1.20094,0.545089
53.5169,-1.15495,0.498525
53.6251,-1.10542,0.41108100000000003
53.7368,-1.06616,0.286523
53.8485,-1.0424799999999999,0.13383299999999998
53.9602,-1.03669,-0.0300748
54.0767,-1.0494299999999999,-0.181876
54.17100000000001,-1.0707799999999998,-0.262673
54.2653,-1.09713,-0.285642
54.3596,-1.12255,-0.24256799999999998
54.443000000000005,-1.13935,-0.15296300000000002
54.5264,-1.14699,-0.0245266
54.6098,-1.14265,0.13261199999999998
54.6932,-1.12426,0.311829
54.7766,-1.0900299999999998,0.513023
54.86,-1.0378399999999999,0.745084
54.9307,-0.9770549999999999,0.981951
55.0015,-0.8974700000000001,1.2825
55.0621,-0.809837,1.62601
55.1094,-0.724825,1.98387
55.1475,-0.6424,2.3587599999999997
55.18,-0.559397,2.76514
55.2085,-0.47433100000000006,3.21049
55.2371,-0.375083,3.76318
55.2602,-0.28186,4.30917
55.2834,-0.174824,4.95938
55.3065,-0.051412,5.7256800000000005
55.3265,0.07038710000000001,6.48166
55.3465,0.208065,7.31137
55.3667,0.364824,8.188360000000001
55.3862,0.532866,9.00026
55.4019,0.678737,9.555660000000001
55.4176,0.832149,9.94783
55.4307,0.963217,10.0952
55.4438,1.0949200000000001,10.0402
55.4568,1.22446,9.76095
55.4699,1.34887,9.2576
55.4829,1.46537,8.555860000000001
55.497,1.57972,7.630439999999999
55.5094,1.6687900000000002,6.73424
55.5218,1.74658,5.81723
55.5342,1.81312,4.92707
55.5466,1.8689799999999999,4.09963
55.5598,1.91788,3.3109699999999997
55.5723,1.95513,2.66601
55.5848,1.9849400000000001,2.11895
55.5973,2.00849,1.66362
55.6083,2.02483,1.3326
55.6192,2.03786,1.0568899999999999
55.6302,2.04814,0.8288690000000001
55.6411,2.0561599999999998,0.641307
55.6522,2.06239,0.48550299999999996
55.6636,2.06715,0.355881
55.6753,2.0706700000000002,0.248272
55.6875,2.07312,0.15922999999999998
55.7,2.07464,0.0858291
55.7131,2.07535,0.0255628
55.7268,2.07535,-0.023729300000000002
55.7412,2.07471,-0.0639126
55.7564,2.07348,-0.0965965
55.7723,2.07172,-0.12316600000000001
55.7893,2.06944,-0.144807
55.8073,2.0666599999999997,-0.162525
55.8266,2.06339,-0.17716500000000002
55.8472,2.0596,-0.189424
55.8694,2.0552900000000003,-0.19985899999999998
55.8932,2.05041,-0.208896
55.9189,2.04493,-0.216833
55.9465,2.03884,-0.223842
55.976000000000006,2.03215,-0.229971
56.0072,2.02489,-0.235166
56.0397,2.01717,-0.23931
56.0732,2.0091099999999997,-0.242274
56.1072,2.00083,-0.24395
56.1417,1.99242,-0.24425999999999998
56.1761,1.9840200000000001,-0.243164
56.2111,1.97557,-0.240603
56.246,1.96723,-0.236583
56.2815,1.9589299999999998,-0.23101300000000002
56.3174,1.9507599999999998,-0.223885
56.3537,1.94277,-0.21518600000000002
56.3906,1.93501,-0.204904
56.4282,1.92753,-0.193031
56.4666,1.9203700000000001,-0.179568
56.5061,1.9135799999999998,-0.164512
56.5469,1.9072,-0.147856
56.5896,1.9012799999999999,-0.129554
56.6349,1.8958599999999999,-0.109454
56.685,1.89094,-0.087005
56.74100000000001,1.88677,-0.062266699999999994
56.7883,1.8843,-0.0422903
56.8356,1.88274,-0.0236936
56.8829,1.8820299999999999,-0.00694384
56.9233,1.882,0.00555645
56.9636,1.88245,0.0161875
57.0039,1.8832799999999998,0.0247647
57.0443,1.88442,0.0311449
57.0846,1.8857599999999999,0.035228800000000005
57.1249,1.88723,0.0369608
57.1652,1.8887099999999999,0.0363277
57.2056,1.89012,0.033356199999999996
57.2459,1.89137,0.028109600000000002
57.2862,1.8923599999999998,0.0206835
57.3265,1.8930099999999999,0.0112015
57.3669,1.8932400000000003,-0.00018942900000000002
57.4072,1.89297,-0.0133233
57.4475,1.8921400000000002,-0.028018900000000003
57.4879,1.8906900000000002,-0.0440839
57.5282,1.88857,-0.0613175
57.5701,1.8856099999999998,-0.08025739999999999
57.6139,1.8816400000000002,-0.10089
57.6604,1.87644,-0.123424
57.7112,1.86953,-0.148475
57.7727,1.85945,-0.178792
57.8239,1.8496700000000001,-0.20343699999999998
57.875,1.83866,-0.22714299999999998
57.9262,1.8264599999999998,-0.24949000000000002
57.9703,1.81505,-0.267373
58.0145,1.80288,-0.283679
58.0586,1.79003,-0.298155
58.1028,1.7765900000000001,-0.310556
58.1469,1.7626400000000002,-0.32064699999999996
58.1911,1.7483099999999998,-0.328206
58.2352,1.7337099999999999,-0.333027
58.2793,1.71895,-0.334924
58.3235,1.70418,-0.333739
58.3676,1.68953,-0.329345
58.4118,1.67515,-0.321657
58.4559,1.6611799999999999,-0.310637
58.5008,1.64757,-0.29606
58.5465,1.63442,-0.27773600000000004
58.5935,1.62188,-0.255515
58.641999999999996,1.61011,-0.22928099999999998
58.6924,1.59931,-0.198952
58.7453,1.58969,-0.16445099999999999
58.8019,1.5814700000000002,-0.1256
58.865,1.57494,-0.08154439999999999
58.9327,1.5709799999999998,-0.035724
58.9912,1.56998,0.000632149
59.0497,1.57097,0.032276400000000004
59.1013,1.57324,0.0551269
59.1529,1.57656,0.0723809
59.2044,1.5806,0.0834752
59.256,1.5850600000000001,0.08809969999999999
59.3076,1.58958,0.0861956
59.3592,1.59384,0.0779324
59.4108,1.59752,0.063669
59.4624,1.60032,0.0439068
59.513999999999996,1.6019700000000001,0.0192407
59.5656,1.6022299999999998,-0.00968545
59.6172,1.60091,-0.042214999999999996
59.6688,1.59782,-0.0777061
59.7212,1.59274,-0.116217
59.7766,1.58514,-0.15883599999999998
59.8367,1.57416,-0.206629
59.9059,1.55793,-0.26274899999999995
59.9756,1.53764,-0.31947
60.0453,1.5134100000000001,-0.375447
60.115,1.4853299999999998,-0.429841
60.1847,1.45354,-0.481892
60.2544,1.4182299999999999,-0.5309020000000001
60.3241,1.37962,-0.576227
60.3938,1.33799,-0.61728
60.4635,1.29367,-0.6535310000000001
60.5349,1.24583,-0.685221
60.6119,1.1919600000000001,-0.71277
60.6979,1.1296899999999999,-0.735084
60.7994,1.05418,-0.750145
60.9232,0.9609280000000001,-0.754265
61.0621,0.8564700000000001,-0.750279
61.1727,0.773219,-0.757793
61.2543,0.710476,-0.786195
61.321999999999996,0.655641,-0.839467
61.3804,0.604386,-0.921074
61.4319,0.554254,-1.0341200000000002
61.4834,0.496947,-1.2031100000000001
61.5242,0.44420299999999996,-1.39258
61.565,0.382423,-1.6495
61.5985,0.32261100000000004,-1.9275799999999998
61.6321,0.252211,-2.28381
61.6607,0.181635,-2.66458
61.6893,0.0989727,-3.1314599999999997
61.7179,0.00155797,-3.6982699999999995
61.7426,-0.09694119999999999,-4.27625
61.7674,-0.210734,-4.932840000000001
61.7921,-0.341577,-5.6492
61.8187,-0.502008,-6.43144
61.84,-0.6457390000000001,-7.003239999999999
61.8585,-0.77894,-7.39147
61.876999999999995,-0.917926,-7.61948
61.8929,-1.03977,-7.645389999999999
61.9089,-1.16059,-7.488060000000001
61.9248,-1.27739,-7.14266
61.9407,-1.3873,-6.62672
61.9577,-1.49383,-5.93449
61.9731,-1.58007,-5.2255
61.9886,-1.6551200000000001,-4.49375
62.004,-1.71898,-3.78306
62.0194,-1.77225,-3.12604
62.0359,-1.81837,-2.50858
62.0512,-1.8529099999999998,-2.0162299999999997
62.0665,-1.88053,-1.60398
62.0818,-1.90241,-1.2658
62.0971,-1.91963,-0.992927
62.1124,-1.9331,-0.775613
62.1277,-1.9436099999999998,-0.604364
62.143,-1.9518,-0.47056000000000003
62.1584,-1.95818,-0.366741
62.1737,-1.96315,-0.28665300000000005
62.18899999999999,-1.96705,-0.22517600000000002
62.2047,-1.97019,-0.177122
62.2211,-1.9727700000000001,-0.139449
62.2383,-1.9749,-0.110248
62.2564,-1.97668,-0.0879319
62.2755,-1.9782,-0.0711296
62.2958,-1.9795099999999999,-0.058652199999999995
62.3176,-1.98068,-0.049462
62.3409,-1.98175,-0.042646300000000005
62.3664,-1.9827599999999999,-0.0373866
62.3944,-1.98374,-0.0329163
62.426,-1.98472,-0.028436900000000005
62.4642,-1.9857,-0.022807499999999998
62.5041,-1.9864700000000002,-0.0159635
62.5439,-1.98695,-0.00777384
62.5838,-1.9870700000000001,0.0018735
62.6236,-1.98678,0.012958100000000002
62.6635,-1.9860200000000001,0.025387200000000002
62.7033,-1.9847400000000002,0.0390276
62.7432,-1.9829,0.053722400000000003
62.783,-1.98045,0.0693
62.8239,-1.97728,0.0859905
62.8667,-1.97321,0.104078
62.9127,-1.96797,0.123893
62.9649,-1.96092,0.146474
63.015,-1.9530299999999998,0.167946
63.0664,-1.94385,0.18926500000000002
63.1099,-1.93524,0.20650500000000002
63.1534,-1.9259,0.222741
63.1969,-1.91588,0.237742
63.2404,-1.90524,0.251279
63.2839,-1.8940400000000002,0.26313600000000004
63.3274,-1.88237,0.273104
63.3709,-1.87031,0.280992
63.4144,-1.8579599999999998,0.286621
63.4579,-1.8454099999999998,0.28983400000000004
63.5014,-1.8327799999999999,0.29049899999999995
63.5449,-1.82018,0.28851
63.5884,-1.80772,0.283798
63.6319,-1.7955299999999998,0.276333
63.6754,-1.78372,0.26612800000000003
63.7189,-1.77242,0.25325
63.7624,-1.76173,0.237819
63.8059,-1.7517599999999998,0.220018
63.8494,-1.74262,0.20009000000000002
63.8946,-1.7340799999999998,0.177474
63.9418,-1.72629,0.152193
63.9919,-1.7193599999999998,0.124117
64.047,-1.7133900000000002,0.0926788
64.1159,-1.7083400000000002,0.0540967
64.1684,-1.7062400000000002,0.026470499999999998
64.2209,-1.7055200000000001,0.00139874
64.2733,-1.70603,-0.020275400000000002
64.3183,-1.7073,-0.0355865
64.3632,-1.70918,-0.0475148
64.4082,-1.7115099999999999,-0.0557957
64.4531,-1.7141400000000002,-0.060265599999999996
64.4981,-1.7168700000000001,-0.06086080000000001
64.543,-1.71955,-0.0576121
64.5879,-1.722,-0.0506343
64.6329,-1.72405,-0.0401136
64.6778,-1.72555,-0.0262934
64.7228,-1.7263700000000002,-0.00946017
64.7677,-1.72636,0.010069499999999999
64.8127,-1.72543,0.0319605
64.8576,-1.7234599999999998,0.0558683
64.9039,-1.72027,0.08222710000000001
64.9521,-1.7156099999999999,0.11119100000000001
65.0032,-1.70912,0.14305299999999999
65.0589,-1.7001700000000002,0.178595
65.1244,-1.6870900000000002,0.220759
65.1841,-1.6727599999999998,0.25874400000000003
65.2439,-1.6562,0.295566
65.3036,-1.63749,0.33053699999999997
65.3555,-1.6196,0.35888200000000003
65.4074,-1.60029,0.384873
65.4592,-1.57971,0.408065
65.5111,-1.5580100000000001,0.428011
65.563,-1.53536,0.444259
65.6149,-1.5119799999999999,0.45635600000000004
65.6668,-1.48809,0.463854
65.7199,-1.46335,0.46630200000000005
65.7745,-1.43797,0.46283199999999997
65.8308,-1.4121700000000001,0.452421
65.8893,-1.3862,0.43381000000000003
65.9506,-1.3604399999999999,0.405452
66.0154,-1.3353899999999999,0.36543200000000003
66.085,-1.31178,0.311334
66.1615,-1.29063,0.239977
66.2492,-1.2736100000000001,0.146493
66.3639,-1.26421,0.0174853
66.494,-1.27067,-0.110733
66.6017,-1.28662,-0.177401
66.6807,-1.30146,-0.193915
66.7596,-1.31645,-0.180848
66.8251,-1.32733,-0.148849
66.8905,-1.33556,-0.100218
66.9559,-1.34015,-0.0379937
67.0213,-1.3403,0.034789099999999996
67.0868,-1.33542,0.115551
67.1551,-1.32446,0.20642
67.229,-1.3053700000000001,0.310919
67.3117,-1.27459,0.435308
67.4054,-1.2267,0.588841
67.5013,-1.16191,0.767605
67.5773,-1.09735,0.9361149999999999
67.6533,-1.01855,1.1453799999999998
67.7294,-0.9214370000000001,1.42472
67.7902,-0.825909,1.7343099999999998
67.837,-0.737402,2.05812
67.8753,-0.652325,2.40512
67.9081,-0.5675359999999999,2.7856
67.9369,-0.481292,3.20607
67.9658,-0.38147600000000004,3.7302
67.9893,-0.287927,4.2518
68.0127,-0.180963,4.87493
68.0362,-0.058049800000000006,5.6114
68.0565,0.0631594,6.341
68.0768,0.199965,7.14388
68.0974,0.35540700000000003,7.9941
68.1175,0.524109,8.79341
68.1335,0.670026,9.33874
68.1496,0.823521,9.72349
68.163,0.954673,9.86658
68.1764,1.08643,9.808910000000001
68.1897,1.21594,9.52838
68.2031,1.3402,9.02548
68.2165,1.45638,8.326319999999999
68.23100000000001,1.5708600000000001,7.400410000000001
68.2436,1.6588599999999998,6.51527
68.2563,1.7355200000000002,5.6123199999999995
68.2689,1.80089,4.73825
68.2816,1.85559,3.92786
68.2953,1.9039099999999998,3.14652
68.308,1.9398,2.5215
68.3207,1.9683700000000002,1.9921799999999998
68.3334,1.99079,1.55213
68.3446,2.0063299999999997,1.23007
68.3558,2.01858,0.9624090000000001
68.367,2.02809,0.741505
68.3782,2.03536,0.560181
68.3896,2.04086,0.409485
68.4014,2.0449,0.28434
68.4134,2.0476799999999997,0.180725
68.4259,2.0493900000000003,0.09528350000000001
68.4389,2.05015,0.0251697
68.4524,2.05009,-0.032053700000000004
68.4666,2.04929,-0.0784818
68.4815,2.04783,-0.11591800000000001
68.4972,2.04577,-0.14590999999999998
68.5138,2.04314,-0.169784
68.5314,2.03998,-0.188661
68.5501,2.0363,-0.203485
68.5701,2.0321,-0.215029
68.5915,2.0274,-0.22391799999999998
68.6145,2.02217,-0.230631
68.6392,2.01641,-0.235515
68.6657,2.01012,-0.23879299999999998
68.6941,2.00332,-0.24058000000000002
68.7242,1.99606,-0.24090599999999998
68.7559,1.9884400000000002,-0.23975100000000002
68.7889,1.9805700000000002,-0.237077
68.8229,1.97258,-0.23285300000000003
68.8577,1.9645700000000001,-0.22706199999999999
68.8932,1.9566400000000002,-0.219696
68.9293,1.94887,-0.21075300000000002
68.96600000000001,1.9413099999999999,-0.200236
69.0036,1.93402,-0.188148
69.042,1.92704,-0.174495
69.0816,1.9204400000000001,-0.159278
69.1226,1.91425,-0.142486
69.1656,1.90852,-0.12405899999999999
69.2116,1.90327,-0.10379400000000001
69.2632,1.89851,-0.08091269999999999
69.3139,1.8949599999999998,-0.05889540000000001
69.366,1.8924599999999998,-0.0374424
69.40899999999999,1.8912099999999998,-0.0210557
69.452,1.89063,-0.00623721
69.495,1.89065,0.00670864
69.538,1.8911799999999999,0.0175208
69.581,1.89212,0.025987700000000002
69.6189,1.8932099999999998,0.0313739
69.6567,1.89447,0.034747
69.6946,1.89582,0.0360684
69.7324,1.89717,0.0353314
69.7703,1.89847,0.0325598
69.8082,1.8996099999999998,0.0278051
69.846,1.90055,0.021143799999999997
69.8839,1.9011900000000002,0.0126741
69.9217,1.9014900000000001,0.00251276
69.9596,1.90136,-0.00920805
69.9979,1.9007599999999998,-0.022512900000000002
70.0369,1.8996,-0.0373885
70.0769,1.89778,-0.053815499999999995
70.1181,1.8952,-0.0717971
70.1608,1.8917099999999998,-0.0913811
70.2058,1.8871200000000001,-0.11271099999999999
70.2541,1.8811099999999998,-0.136167
70.3092,1.87287,-0.163025
70.3624,1.86352,-0.188681
70.4163,1.85265,-0.21392399999999998
70.4624,1.8423200000000002,-0.234449
70.5084,1.8310799999999998,-0.253733
70.5544,1.8189799999999998,-0.27148
70.6005,1.8061099999999999,-0.2874
70.6465,1.79255,-0.301214
70.6926,1.7784200000000001,-0.312652
70.7386,1.7638099999999999,-0.32145799999999997
70.7846,1.7488599999999999,-0.327394
70.8307,1.7337099999999999,-0.33024699999999996
70.8767,1.7185099999999998,-0.32983
70.9227,1.7034,-0.325996
70.9688,1.68855,-0.318641
71.0148,1.6741099999999998,-0.307719
71.0608,1.6602700000000001,-0.293248
71.1069,1.64717,-0.27532199999999996
71.1534,1.63485,-0.25389
71.2012,1.62329,-0.22865300000000002
71.2509,1.61265,-0.199509
71.3029,1.60312,-0.16638599999999998
71.3585,1.59491,-0.129129
71.4199,1.58826,-0.0870268
71.4891,1.58386,-0.040837
71.5473,1.58254,-0.00493323
71.6055,1.5832,0.026587299999999998
71.6567,1.58517,0.049571300000000006
71.7079,1.58818,0.0672776
71.7591,1.59196,0.0791352
71.8103,1.59618,0.08480889999999999
71.8615,1.60053,0.0841997
71.9127,1.6047,0.07742719999999999
71.9639,1.60836,0.0647964
72.0151,1.61124,0.04675580000000001
72.0663,1.61307,0.023852
72.1175,1.61361,-0.00331157
72.1687,1.61266,-0.03411
72.2199,1.61006,-0.06792410000000002
72.2711,1.6056700000000002,-0.10415799999999999
72.325,1.5989799999999998,-0.14430199999999999
72.3829,1.58933,-0.189055
72.44800000000001,1.57535,-0.240483
72.5209,1.55569,-0.298508
72.5939,1.5318200000000002,-0.35584899999999997
72.6556,1.50839,-0.403062
72.7173,1.4821,-0.448466
72.7791,1.45307,-0.491511
72.8408,1.4214799999999999,-0.531674
72.9025,1.38751,-0.568448
72.9654,1.35069,-0.6019140000000001
73.0307,1.3103799999999999,-0.631869
73.0995,1.2659799999999999,-0.6575489999999999
73.1733,1.2166700000000001,-0.677687
73.2543,1.1611799999999999,-0.6901729999999999
73.3469,1.09712,-0.691118
73.4604,1.01955,-0.671783
73.5867,0.937469,-0.623737
73.71300000000001,0.863052,-0.551417
73.8393,0.798795,-0.46534
73.9656,0.745238,-0.38655500000000004
74.0583,0.71117,-0.353453
74.1373,0.683296,-0.358766
74.2163,0.653196,-0.41316099999999994
74.2794,0.624434,-0.5076579999999999
74.3425,0.587803,-0.6660699999999999
74.3922,0.550304,-0.852593
74.4419,0.501768,-1.11384
74.48100000000001,0.45311999999999997,-1.3895600000000001
74.52,0.39215,-1.74878
74.5516,0.331422,-2.11824
74.5831,0.25766500000000003,-2.57911
74.6096,0.18315399999999998,-3.05462
74.6361,0.09479030000000001,-3.6262
74.6626,-0.0101574,-4.30706
74.6856,-0.116558,-4.98813
74.7085,-0.23949600000000001,-5.74677
74.7314,-0.380469,-6.5541100000000005
74.7578,-0.5657770000000001,-7.462510000000001
74.77600000000001,-0.706105,-7.99405
74.7941,-0.8547809999999999,-8.37069
74.809,-0.980718,-8.51155
74.8239,-1.10738,-8.463230000000001
74.8388,-1.2317799999999999,-8.207130000000001
74.8537,-1.35083,-7.7473600000000005
74.8686,-1.46169,-7.11273
74.8856,-1.57539,-6.23769
74.8992,-1.6553400000000003,-5.47741
74.9129,-1.72485,-4.71392
74.9265,-1.78413,-3.98441
74.9402,-1.83385,-3.31532
74.9562,-1.8814099999999998,-2.62532
74.9698,-1.9136099999999998,-2.1297599999999997
74.9834,-1.93963,-1.71269
74.997,-1.9604700000000002,-1.3675899999999999
75.0106,-1.97707,-1.08586
75.0242,-1.99022,-0.8582639999999999
75.0377,-2.0005900000000003,-0.67586
75.0513,-2.00875,-0.530536
75.0649,-2.01514,-0.415224
75.0785,-2.02014,-0.323948
75.0921,-2.0240299999999998,-0.251762
75.1063,-2.02717,-0.192384
75.1211,-2.02964,-0.143988
75.1366,-2.03155,-0.104657
75.1529,-2.0329900000000003,-0.07270349999999999
75.17,-2.0340000000000003,-0.04666
75.1882,-2.03465,-0.0252556
75.2076,-2.03496,-0.00738616
75.2283,-2.03495,0.00790879
75.2506,-2.03462,0.021469799999999997
75.2748,-2.0339400000000003,0.0340421
75.3012,-2.03288,0.0463039
75.3304,-2.03134,0.0589056
75.3632,-2.0291799999999998,0.0725334
75.4012,-2.0261400000000003,0.0880404
75.4471,-2.02166,0.106796
75.5079,-2.01441,0.131635
75.5588,-2.00718,0.152204
75.6097,-1.99892,0.17222300000000001
75.6524,-1.99122,0.188327
75.6951,-1.98285,0.203583
75.7378,-1.97385,0.21777800000000003
75.7805,-1.9642700000000002,0.23070700000000002
75.8232,-1.95417,0.24217199999999997
75.8659,-1.9436099999999998,0.25198400000000004
75.9086,-1.93268,0.259968
75.9462,-1.9227900000000002,0.265357
75.9839,-1.91274,0.269104
76.0215,-1.90257,0.271122
76.0591,-1.89237,0.27134
76.0967,-1.8821900000000003,0.269704
76.1343,-1.8721,0.266177
76.1719,-1.8621900000000002,0.260745
76.21,-1.8523900000000002,0.25331
76.2486,-1.8427900000000002,0.24383200000000002
76.2878,-1.8334599999999999,0.232275
76.3277,-1.82445,0.21861
76.3685,-1.81585,0.20282
76.4104,-1.80772,0.184894
76.4538,-1.80013,0.164821
76.4991,-1.7931599999999999,0.142562
76.5472,-1.78689,0.117967
76.6002,-1.7813599999999998,0.09046439999999999
76.6676,-1.77643,0.056174800000000004
76.7173,-1.77424,0.0323214
76.7669,-1.77319,0.010458499999999999
76.8166,-1.7731599999999998,-0.00877908
76.8595,-1.77385,-0.0228728
76.9025,-1.77509,-0.034291699999999994
76.9455,-1.77675,-0.042806699999999996
76.9884,-1.77872,-0.0482598
77.0314,-1.7808599999999999,-0.0505642
77.0743,-1.78302,-0.049702800000000005
77.1173,-1.78508,-0.0457225
77.1603,-1.7869099999999998,-0.0387276
77.2032,-1.78837,-0.0288714
77.2462,-1.78935,-0.0163471
77.2891,-1.78974,-0.00137926
77.3321,-1.7894400000000001,0.0157842
77.3751,-1.78835,0.0348796
77.418,-1.7864200000000001,0.055632799999999996
77.4623,-1.78345,0.0784601
77.5084,-1.7792599999999998,0.10345499999999999
77.5571,-1.7735599999999998,0.130841
77.6099,-1.76585,0.161221
77.6714,-1.75485,0.196787
77.7284,-1.74269,0.229371
77.7854,-1.7287099999999997,0.260911
77.8355,-1.71498,0.28725100000000003
77.8855,-1.6999799999999998,0.311915
77.9356,-1.6837900000000001,0.334502
77.9856,-1.6665400000000001,0.354613
78.0357,-1.6483400000000001,0.37185300000000004
78.0858,-1.62937,0.385834
78.1358,-1.60978,0.39617600000000003
78.1859,-1.5897700000000001,0.402511
78.2359,-1.56956,0.404496
78.286,-1.54936,0.401817
78.336,-1.52942,0.394205
78.3867,-1.50975,0.381262
78.4387,-1.49038,0.362371
78.4924,-1.4715799999999999,0.336893
78.5482,-1.45366,0.304181
78.6066,-1.4370399999999999,0.26361
78.6684,-1.42224,0.21462199999999998
78.7349,-1.40988,0.156748
78.8085,-1.40081,0.0893868
78.8986,-1.3964299999999998,0.00872066
78.9734,-1.39805,-0.0505778
79.0481,-1.4036799999999998,-0.0975353
79.1107,-1.41069,-0.12431700000000001
79.1733,-1.41897,-0.13793699999999998
79.2358,-1.42766,-0.137753
79.2984,-1.43593,-0.124046
79.361,-1.4429299999999998,-0.09786310000000001
79.4236,-1.44795,-0.060760699999999994
79.4862,-1.45035,-0.014532900000000001
79.5488,-1.44961,0.039030199999999994
79.6114,-1.44534,0.0983133
79.6739,-1.4372200000000002,0.161974
79.7397,-1.4242700000000001,0.232434
79.8129,-1.40428,0.314247
79.9027,-1.3713799999999998,0.418779
80.007,-1.3211600000000001,0.546049
80.1112,-1.25722,0.682867
80.2167,-1.17716,0.839101
80.3003,-1.10102,0.9866219999999999
80.3839,-1.01109,1.1727
80.4676,-0.9029659999999999,1.42886
80.5284,-0.8083600000000001,1.6930599999999998
80.5754,-0.7226560000000001,1.97029
80.6147,-0.639582,2.27549
80.6486,-0.556855,2.61492
80.6825,-0.461074,3.04965
80.7092,-0.374176,3.47868
80.7359,-0.27458899999999997,4.00406
80.7587,-0.17713399999999999,4.5446800000000005
80.7816,-0.0662703,5.1795
80.8044,0.060205600000000005,5.9112599999999995
80.8272,0.204403,6.7272300000000005
80.8501,0.367841,7.58604
80.8707,0.531944,8.327580000000001
80.8874,0.675888,8.83659
80.9042,0.827139,9.18765
80.9182,0.9571790000000001,9.307319999999999
80.9323,1.08755,9.22959
80.9463,1.2153100000000001,8.93481
80.9603,1.33742,8.42637
80.9744,1.4510399999999999,7.733060000000001
80.9903,1.5668799999999998,6.78626
81.0034,1.6503299999999999,5.9408900000000004
81.0165,1.7226099999999998,5.08921
81.0296,1.7839200000000002,4.27308
81.0428,1.83493,3.5226300000000004
81.0579,1.88237,2.7599299999999998
81.0709,1.91458,2.20059
81.084,1.9400700000000002,1.7285400000000002
81.097,1.95996,1.3369
81.11,1.97521,1.0163200000000001
81.123,1.9867,0.7566609999999999
81.1361,1.99515,0.548064
81.1491,2.00116,0.381533
81.1621,2.00523,0.249217
81.1751,2.0077700000000003,0.144465
81.1883,2.0091,0.061009900000000006
81.2019,2.00945,-0.0066823
81.2162,2.00895,-0.0612905
81.2311,2.0077,-0.10491600000000001
81.2467,2.00577,-0.13934000000000002
81.2632,2.0032400000000004,-0.166082
81.2807,2.0001599999999997,-0.186432
81.2992,1.99656,-0.201475
81.3189,1.99247,-0.21210700000000002
81.34,1.98793,-0.219059
81.3625,1.9829400000000001,-0.222904
81.3867,1.97753,-0.22407600000000003
81.4126,1.9717200000000001,-0.222883
81.4405,1.9655599999999998,-0.219527
81.4703,1.9590900000000002,-0.214131
81.502,1.9524,-0.206767
81.5356,1.9456099999999998,-0.197492
81.5709,1.9388299999999998,-0.186366
81.6079,1.93218,-0.173458
81.6464,1.9257799999999998,-0.158832
81.6866,1.91972,-0.142532
81.729,1.9140599999999999,-0.124546
81.7744,1.90885,-0.104718
81.8251,1.9041099999999997,-0.0823795
81.8775,1.9003900000000002,-0.0597597
81.9299,1.89783,-0.038269599999999994
81.9728,1.8965400000000001,-0.0219653
82.0157,1.89592,-0.00719747
82.0586,1.89589,0.00573223
82.1016,1.89638,0.0165641
82.1445,1.8972799999999999,0.025086900000000002
82.1822,1.8983400000000001,0.030547500000000002
82.22,1.89956,0.0340252
82.2578,1.90088,0.0354793
82.2955,1.90222,0.03490119999999999
82.3333,1.9034900000000001,0.0323117
82.37100000000001,1.9046299999999998,0.0277596
82.4088,1.90557,0.0213178
82.4465,1.90622,0.013081200000000001
82.4843,1.9065299999999998,0.00316322
82.522,1.9064400000000001,-0.00830745
82.5602,1.90588,-0.021332
82.59899999999999,1.90477,-0.035908300000000004
82.6388,1.90303,-0.0520174
82.6796,1.9005400000000001,-0.06965930000000001
82.7221,1.8971799999999999,-0.0888753
82.7666,1.8927599999999998,-0.109792
82.8144,1.88697,-0.132748
82.8682,1.8791200000000001,-0.15881900000000002
82.9215,1.86998,-0.184395
82.9763,1.85916,-0.209965
83.0224,1.84902,-0.23046399999999997
83.0684,1.83795,-0.249761
83.1145,1.82604,-0.267558
83.1605,1.8133400000000002,-0.283568
83.2066,1.79995,-0.29751
83.2526,1.78597,-0.30911500000000003
83.2987,1.77152,-0.318127
83.3447,1.75672,-0.324308
83.3908,1.7417,-0.327444
83.4368,1.7266099999999998,-0.32734800000000003
83.4829,1.7116,-0.323871
83.5289,1.6968400000000001,-0.31690799999999997
83.575,1.6824700000000001,-0.306409
83.62100000000001,1.66867,-0.29238800000000004
83.6671,1.6556,-0.274935
83.7131,1.6434,-0.254222
83.7605,1.63192,-0.229796
83.8096,1.62132,-0.201569
83.861,1.61178,-0.169478
83.9156,1.6035,-0.13339
83.9757,1.5967,-0.0927277
84.0504,1.59164,-0.0432266
84.1082,1.59018,-0.00781666
84.1659,1.59065,0.023421099999999997
84.2169,1.59245,0.0464236
84.2679,1.5953,0.0643285
84.3188,1.59891,0.0765637
84.3698,1.6030000000000002,0.0827823
84.4208,1.60725,0.082865
84.4717,1.61134,0.0769053
84.5227,1.61499,0.0651784
84.5737,1.6179,0.0481028
84.6246,1.61981,0.026197500000000002
84.6756,1.6205,4.18179e-05
84.7265,1.61975,-0.029758799999999995
84.7775,1.61741,-0.06259980000000001
84.8285,1.61333,-0.0978954
84.8816,1.6071,-0.136729
84.9385,1.5981100000000001,-0.179884
85.0017,1.58518,-0.229052
85.083,1.56398,-0.292769
85.147,1.54365,-0.34242
85.211,1.52017,-0.3908
85.275,1.49366,-0.437233
85.339,1.46425,-0.481075
85.40299999999999,1.43214,-0.521706
85.46700000000001,1.39754,-0.558517
85.5311,1.36073,-0.590908
85.5951,1.3219999999999998,-0.618282
85.6625,1.2795299999999998,-0.6410239999999999
85.7343,1.2328,-0.657648
85.8126,1.18092,-0.665829
85.9008,1.12234,-0.661415
86.0074,1.053,-0.634973
86.1281,0.9796389999999999,-0.575271
86.2488,0.9154180000000001,-0.483853
86.3695,0.8639629999999999,-0.364921
86.4902,0.827996,-0.229863
86.6109,0.808284,-0.100022
86.7193,0.8024899999999999,-0.014103200000000001
86.8278,0.803099,0.0130435
86.9392,0.8020010000000001,-0.0506287
87.0253,0.7925770000000001,-0.181457
87.1114,0.768253,-0.399751
87.1843,0.729742,-0.671927
87.2469,0.678178,-0.993785
87.2953,0.622387,-1.32406
87.336,0.5615180000000001,-1.67996
87.3712,0.49584399999999995,-2.0672900000000003
87.4064,0.414862,-2.5550900000000003
87.4338,0.338517,-3.02672
87.4612,0.24789099999999997,-3.5999800000000004
87.4845,0.15778499999999998,-4.18049
87.5077,0.0530643,-4.86095
87.5309,-0.0686715,-5.64669
87.5541,-0.209792,-6.52775
87.5773,-0.372123,-7.46443
87.5986,-0.540047,-8.29848
87.6153,-0.683928,-8.863489999999999
87.6321,-0.8360549999999999,-9.27031
87.6459,-0.965089,-9.43167
87.6596,-1.09503,-9.39653
87.6734,-1.22299,-9.14279
87.6872,-1.34594,-8.67071
87.70100000000001,-1.4610100000000001,-8.00603
87.7159,-1.57384,-7.126760000000001
87.7288,-1.6605400000000001,-6.28676
87.7417,-1.7362099999999998,-5.4294199999999995
87.7546,-1.80095,-4.59946
87.7675,-1.85532,-3.83016
87.7815,-1.9035799999999998,-3.08946
87.7945,-1.93977,-2.49613
87.8075,-1.96885,-1.9941200000000001
87.8205,-1.99197,-1.57726
87.8319,-2.0082400000000002,-1.27301
87.8434,-2.02133,-1.02035
87.8549,-2.03178,-0.811982
87.8663,-2.04007,-0.641058
87.87799999999999,-2.04668,-0.499209
87.8899,-2.05191,-0.381442
87.9022,-2.05598,-0.283871
87.9149,-2.0590599999999997,-0.203264
87.9281,-2.06129,-0.136871
87.9419,-2.06279,-0.0823326
87.9563,-2.0636400000000004,-0.0376144
87.9715,-2.06392,-0.000957266
87.9874,-2.0636900000000002,0.029160400000000003
88.0043,-2.06297,0.0540521
88.0222,-2.06181,0.07484910000000002
88.0414,-2.0602099999999997,0.09252060000000001
88.0618,-2.05815,0.107892
88.0838,-2.0556200000000002,0.12166199999999999
88.1076,-2.0525700000000002,0.134409
88.1334,-2.04895,0.146603
88.1614,-2.04467,0.15859600000000001
88.1919,-2.03965,0.170605
88.2247,-2.03385,0.182671
88.2596,-2.02726,0.194629
88.2958,-2.02,0.20615
88.3327,-2.01221,0.21688200000000002
88.3695,-2.0040400000000003,0.22655100000000003
88.4063,-1.99553,0.235064
88.4431,-1.9867400000000002,0.242319
88.48,-1.9777,0.248221
88.5168,-1.96848,0.252679
88.5536,-1.95911,0.255614
88.5905,-1.94967,0.25695500000000004
88.6273,-1.9402099999999998,0.25664699999999996
88.6641,-1.9307900000000002,0.254651
88.7009,-1.92147,0.250944
88.7378,-1.9123299999999999,0.24552399999999996
88.7746,-1.9034099999999998,0.23840799999999998
88.8119,-1.89467,0.229503
88.8498,-1.8861700000000001,0.21879200000000001
88.8884,-1.8779599999999999,0.206263
88.9279,-1.8701,0.191908
88.9683,-1.8626599999999998,0.175723
89.0102,-1.85568,0.157699
89.0538,-1.84923,0.137801
89.1001,-1.84335,0.115895
89.1509,-1.8380900000000002,0.091495
89.2136,-1.83329,0.06173769999999999
89.2623,-1.8308200000000001,0.039735
89.3111,-1.82939,0.0193486
89.3598,-1.8289,0.0011337
89.4014,-1.8291400000000002,-0.0123358
89.443,-1.8299,-0.0235983
89.4847,-1.83107,-0.032442900000000004
89.5263,-1.8325599999999997,-0.038712300000000005
89.5679,-1.8342599999999998,-0.042304900000000006
89.6096,-1.83605,-0.043174300000000006
89.6512,-1.83781,-0.0413266
89.6928,-1.83945,-0.0368164
89.7344,-1.8408400000000003,-0.0297415
89.7761,-1.8418900000000002,-0.020236700000000003
89.8177,-1.8425,-0.00846767
89.8593,-1.84257,0.00537529
89.90100000000001,-1.84202,0.0210828
89.9426,-1.8407900000000001,0.03843169999999999
89.9842,-1.8388,0.057189
90.0271,-1.83591,0.0777458
90.0718,-1.8319400000000001,0.100187
90.119,-1.82663,0.124715
90.1703,-1.81955,0.151879
90.2301,-1.80951,0.18374100000000002
90.2846,-1.79872,0.2123
90.3391,-1.7863900000000001,0.239891
90.3868,-1.7743799999999998,0.262881
90.4346,-1.7613,0.284381
90.4824,-1.7472400000000001,0.30404899999999996
90.5302,-1.7322799999999998,0.321548
90.5779,-1.71655,0.33655
90.6257,-1.7001700000000002,0.348736
90.6735,-1.6832799999999999,0.357798
90.7213,-1.6660400000000002,0.36344699999999996
90.76899999999999,-1.64861,0.365419
90.8168,-1.6311799999999999,0.363481
90.8646,-1.61395,0.357444
90.9123,-1.5971,0.347173
90.9601,-1.58084,0.33260300000000004
91.0087,-1.56514,0.313417
91.0586,-1.5501,0.289244
91.1101,-1.5359200000000002,0.2598
91.1638,-1.5228899999999999,0.224863
91.2203,-1.5113299999999998,0.18426900000000002
91.2806,-1.50159,0.137836
91.3475,-1.49414,0.0849271
91.4328,-1.4897200000000002,0.019605599999999997
91.4959,-1.4898799999999999,-0.023772099999999997
91.5591,-1.49258,-0.060132200000000004
91.6148,-1.49664,-0.08468610000000001
91.6704,-1.50185,-0.101118
91.7261,-1.50773,-0.108797
91.7817,-1.51379,-0.10753299999999999
91.8374,-1.51954,-0.09754539999999999
91.89299999999999,-1.5245,-0.0793922
91.9487,-1.52824,-0.0538731
92.0043,-1.5303799999999999,-0.021929
92.06,-1.5305799999999998,0.015449000000000001
92.1156,-1.52857,0.0572913
92.1713,-1.52414,0.102697
92.2286,-1.51684,0.152356
92.2901,-1.50577,0.20797800000000002
92.3587,-1.4893,0.272102
92.4468,-1.46165,0.35614
92.5205,-1.43276,0.42715299999999995
92.5943,-1.3986399999999999,0.498253
92.66799999999999,-1.35927,0.569285
92.7418,-1.31466,0.640464
92.8172,-1.2636100000000001,0.714134
92.899,-1.20184,0.796921
92.9961,-1.11932,0.9042540000000001
93.0972,-1.0214299999999998,1.03862
93.1862,-0.922333,1.1967
93.2601,-0.8275100000000001,1.38195
93.3159,-0.745079,1.57829
93.3625,-0.6666880000000001,1.79995
93.4025,-0.589819,2.0521599999999998
93.4378,-0.512676,2.3397099999999997
93.473,-0.42401099999999997,2.71028
93.5013,-0.34208099999999997,3.08669
93.5296,-0.248283,3.55105
93.5541,-0.155748,4.0360000000000005
93.5785,-0.0502945,4.6096
93.603,0.0703108,5.2758199999999995
93.6274,0.20825,6.0248800000000005
93.6518,0.36518,6.82103
93.6746,0.5284449999999999,7.536910000000001
93.6928,0.670675,8.02585
93.7111,0.8205690000000001,8.36439
93.7263,0.9492450000000001,8.4792
93.7416,1.07825,8.40312
93.7568,1.20451,8.117339999999999
93.7721,1.32482,7.626639999999999
93.7873,1.4362700000000002,6.961530000000001
93.8053,1.55315,6.024430000000001
93.8192,1.6317,5.24455
93.8332,1.69935,4.46787
93.8471,1.75642,3.73104
93.8615,1.8050099999999998,3.03915
93.8793,1.8522599999999998,2.30188
93.8929,1.88027,1.82912
93.9065,1.9023700000000001,1.43225
93.9201,1.91955,1.1042299999999998
93.9337,1.9326900000000002,0.8365090000000001
93.9473,1.9425400000000002,0.62019
93.9609,1.94976,0.446833
93.9745,1.9548599999999998,0.308847
93.9881,1.95829,0.199652
94.0019,1.96042,0.1124
94.0162,1.9615099999999999,0.04227619999999999
94.0312,1.9617099999999998,-0.013508100000000002
94.0467,1.96114,-0.0571998
94.0631,1.9599099999999998,-0.0907015
94.0803,1.95813,-0.115632
94.0984,1.95585,-0.133367
94.1177,1.9531599999999998,-0.145062
94.1382,1.95012,-0.15168399999999999
94.16,1.9467700000000001,-0.154028
94.1834,1.94317,-0.15273499999999998
94.2086,1.9393799999999999,-0.148309
94.2357,1.93545,-0.14113699999999998
94.2651,1.93144,-0.131503
94.29700000000001,1.92743,-0.119601
94.3321,1.9234799999999999,-0.10553900000000001
94.3709,1.9196900000000001,-0.089296
94.4156,1.9161299999999999,-0.07047089999999999
94.4671,1.91305,-0.0492409
94.5119,1.91124,-0.0317999
94.5567,1.91018,-0.015754300000000002
94.6016,1.9098,-0.00148114
94.6407,1.9099599999999999,0.00927926
94.6798,1.9105,0.018260299999999997
94.719,1.91136,0.025317199999999998
94.7581,1.91245,0.030342200000000003
94.7972,1.9137099999999998,0.0332644
94.8364,1.91503,0.0340496
94.8755,1.9163400000000002,0.0326989
94.9146,1.91756,0.029245999999999998
94.9538,1.91861,0.023754400000000002
94.9929,1.9194,0.0163143
95.03200000000001,1.91986,0.00703876
95.0712,1.91992,-0.00393993
95.1103,1.91953,-0.0164734
95.1494,1.91862,-0.0304005
95.1886,1.91713,-0.04555019999999999
95.2286,1.91498,-0.062148800000000004
95.2701,1.91203,-0.08024339999999999
95.3133,1.9081400000000002,-0.09991860000000001
95.3592,1.9030599999999998,-0.121393
95.4095,1.89635,-0.145288
95.4713,1.88647,-0.174529
95.5211,1.8772,-0.19755
95.5709,1.8668099999999999,-0.21966999999999998
95.6207,1.85535,-0.240511
95.6639,1.8445900000000002,-0.25727
95.7071,1.8331400000000002,-0.272549
95.7503,1.82107,-0.286116
95.7935,1.80845,-0.297749
95.8367,1.7953700000000001,-0.307235
95.8799,1.78193,-0.314373
95.9231,1.7682400000000003,-0.318981
95.9663,1.7544099999999998,-0.320894
96.0095,1.74055,-0.319974
96.0527,1.7268,-0.31611300000000003
96.0959,1.71328,-0.309238
96.1392,1.70013,-0.299321
96.1824,1.68746,-0.286383
96.2265,1.67517,-0.270133
96.2717,1.6634,-0.250475
96.3182,1.65228,-0.22732800000000003
96.3663,1.64198,-0.200633
96.4165,1.6326399999999999,-0.17034000000000002
96.4698,1.62447,-0.13633399999999998
96.52799999999999,1.61764,-0.0981438
96.5982,1.61236,-0.0527497
96.6562,1.6103299999999998,-0.0175409
96.7142,1.61025,0.0139356
96.7646,1.61156,0.037212800000000004
96.8151,1.6139299999999999,0.0558578
96.8656,1.61711,0.06928530000000001
96.916,1.62083,0.0771103
96.9665,1.62479,0.07915610000000001
97.0169,1.6287200000000002,0.0754446
97.0674,1.63232,0.0661738
97.1179,1.63531,0.05168480000000001
97.1683,1.63745,0.032425999999999996
97.2188,1.63851,0.00891571
97.2693,1.63829,-0.0182893
97.3197,1.6366100000000001,-0.048620800000000006
97.3702,1.63334,-0.0815182
97.4215,1.62825,-0.117049
97.4757,1.62085,-0.15627
97.5347,1.6103399999999999,-0.200215
97.6035,1.5947799999999999,-0.252198
97.6695,1.5764799999999999,-0.301973
97.7356,1.55491,-0.350715
97.8016,1.5301799999999999,-0.39760500000000004
97.8677,1.50244,-0.441858
97.9338,1.4718799999999999,-0.482705
97.9998,1.43876,-0.5193840000000001
98.0659,1.40337,-0.551125
98.1319,1.36608,-0.57714
98.198,1.3272700000000002,-0.596619
98.264,1.28742,-0.608725
98.3346,1.2442600000000001,-0.612535
98.4113,1.19753,-0.604767
98.4971,1.14654,-0.579699
98.6011,1.08895,-0.523841
98.7196,1.0324200000000001,-0.42361899999999997
98.8215,0.9949690000000001,-0.306773
98.9234,0.9706799999999999,-0.166697
99.0265,0.9613700000000001,-0.0133821
99.1464,0.9699709999999999,0.151401
99.2689,0.9960959999999999,0.260826
99.3716,1.02426,0.274088
99.4613,1.04673,0.216281
99.551,1.06121,0.09708539999999999
99.6275,1.0634,-0.045337699999999995
99.704,1.05349,-0.218356
99.7805,1.0292700000000001,-0.41947299999999993
99.85700000000001,0.988468,-0.653514
99.9335,0.928025,-0.936701
100.0,0.855836,-1.24911
