,x,xdot
1e-06,-2.00001e-07,-0.200001
6e-06,-1.20003e-06,-0.200008
3.1e-05,-6.20067e-06,-0.200043
0.000156,-3.1216999999999996e-05,-0.200218
0.000781,-0.000156627,-0.201094
0.003906,-0.000791901,-0.205485
0.019531,-0.00417591,-0.22776100000000002
0.06602319999999999,-0.0163689,-0.297774
0.12164200000000001,-0.035475,-0.391423
0.17726,-0.0602089,-0.501319
0.22374499999999997,-0.08600089999999999,-0.611801
0.270229,-0.11746400000000001,-0.746661
0.311188,-0.15094100000000002,-0.892925
0.352147,-0.19106800000000002,-1.07275
0.393106,-0.239391,-1.2944799999999999
0.434065,-0.29778899999999997,-1.56588
0.475024,-0.36840700000000004,-1.89142
0.515983,-0.45341899999999996,-2.2669200000000003
0.559543,-0.5614979999999999,-2.69715
0.596306,-0.6671560000000001,-3.04375
0.63307,-0.784392,-3.3160800000000004
0.669834,-0.909228,-3.4458599999999997
0.701835,-1.0191700000000001,-3.3976599999999997
0.733837,-1.12493,-3.18535
0.765839,-1.22151,-2.8305
0.7958569999999999,-1.30035,-2.4130000000000003
0.825874,-1.36608,-1.9661799999999998
0.855892,-1.41856,-1.53599
0.8859100000000001,-1.45878,-1.1536799999999998
0.919342,-1.49125,-0.802032
0.945274,-1.5091299999999999,-0.5847
0.9712069999999999,-1.52196,-0.411815
0.9971389999999999,-1.53082,-0.277547
1.0230700000000001,-1.53663,-0.175553
1.0490000000000002,-1.54015,-0.0998134
1.07494,-1.54199,-0.045029400000000004
1.1016299999999999,-1.54263,-0.00584286
1.12944,-1.5424,0.0206376
1.15862,-1.54154,0.0364641
1.18941,-1.54029,0.043308
1.22209,-1.5388700000000002,0.0425818
1.25699,-1.53749,0.0355115
1.29453,-1.53637,0.023191999999999997
1.33538,-1.53576,0.00662297
1.38075,-1.53591,-0.013305299999999999
1.43381,-1.5372299999999999,-0.0361048
1.48852,-1.53978,-0.056761400000000004
1.54324,-1.54335,-0.07281560000000001
1.59113,-1.54708,-0.082196
1.6390200000000001,-1.55115,-0.08674660000000001
1.68691,-1.55531,-0.08627689999999999
1.7348,-1.5593299999999999,-0.0808025
1.78269,-1.56297,-0.07050529999999999
1.8305799999999999,-1.5660100000000001,-0.0556932
1.87847,-1.5682399999999999,-0.036762199999999995
1.9263599999999999,-1.5694700000000001,-0.014161600000000002
1.97425,-1.56955,0.0116336
2.0221400000000003,-1.5683200000000002,0.0401454
2.0709999999999997,-1.5656,0.07155139999999999
2.12187,-1.56108,0.10623099999999999
2.17568,-1.55434,0.144571
2.23407,-1.54465,0.18748399999999998
2.30147,-1.5303200000000001,0.23789200000000002
2.3683799999999997,-1.51272,0.288047
2.4353,-1.49179,0.337515
2.50222,-1.4675799999999999,0.38557199999999997
2.56914,-1.44023,0.431546
2.63606,-1.4098899999999999,0.474807
2.70297,-1.37676,0.514756
2.76989,-1.3410799999999998,0.550821
2.83681,-1.30314,0.5824560000000001
2.90373,-1.26324,0.60914
2.9736599999999997,-1.21983,0.631208
3.0494,-1.17135,0.6478189999999999
3.13403,-1.11606,0.6567729999999999
3.2340299999999997,-1.0504200000000001,0.653618
3.3538699999999997,-0.973283,0.630196
3.4811300000000003,-0.8957940000000001,0.584627
3.6083800000000004,-0.825034,0.526675
3.7356300000000005,-0.761459,0.476259
3.8203,-0.721816,0.464735
3.89068,-0.688649,0.483281
3.95235,-0.657501,0.533416
4.01401,-0.621891,0.631087
4.06248,-0.588485,0.755784
4.11095,-0.547664,0.940351
4.14955,-0.5075930000000001,1.14626
4.18815,-0.458261,1.4238899999999999
4.21937,-0.409386,1.7186299999999999
4.2506,-0.350067,2.09653
4.27652,-0.290769,2.49163
4.30245,-0.22006199999999998,2.98001
4.3247599999999995,-0.148045,3.49136
4.3470699999999995,-0.0635361,4.10215
4.3693800000000005,0.035826300000000005,4.82447
4.3916900000000005,0.152595,5.66193
4.414,0.289211,6.5986
4.43631,0.44738599999999995,7.5814699999999995
4.45477,0.594611,8.35298
4.47011,0.727055,8.8918
4.48546,0.8665790000000001,9.2638
4.49836,0.987186,9.39522
4.51127,1.1082100000000001,9.32413
4.52417,1.22691,9.03323
4.5370800000000004,1.34045,8.52849
4.549980000000001,1.44625,7.8408
4.56497,1.55669,6.88122
4.57686,1.63364,6.0571
4.58875,1.70072,5.22898
4.60064,1.75813,4.43607
4.6125300000000005,1.80647,3.7065599999999996
4.62633,1.8523599999999998,2.96063
4.63828,1.8843599999999998,2.40938
4.6502300000000005,1.91029,1.94406
4.66218,1.93114,1.55806
4.67413,1.9478,1.24229
4.6860800000000005,1.96107,0.986844
4.69803,1.9715900000000002,0.7820090000000001
4.709980000000001,1.9799200000000001,0.618888
4.72194,1.98652,0.489679
4.73389,1.99174,0.38774400000000003
4.74584,1.99587,0.307564
4.75813,1.9992400000000001,0.24304099999999998
4.77091,2.002,0.191026
4.78426,2.00426,0.149359
4.79827,2.00611,0.116221
4.813,2.00762,0.0900418
4.82857,2.00885,0.06946000000000001
4.84509,2.0098599999999998,0.05329880000000001
4.8627,2.01068,0.0405393
4.8815800000000005,2.01134,0.030298200000000004
4.90193,2.01187,0.0218057
4.92408,2.01227,0.0143797
4.94845,2.01253,0.00739155
4.97578,2.01264,0.00020679599999999998
5.0075400000000005,2.01251,-0.00797706
5.04956,2.01194,-0.0192015
5.09158,2.0108900000000003,-0.031218400000000004
5.13361,2.0093099999999997,-0.0440913
5.17563,2.00717,-0.0577374
5.21765,2.00445,-0.0720112
5.25968,2.0011099999999997,-0.0867389
5.30253,1.9970700000000001,-0.10203200000000001
5.35076,1.99173,-0.119323
5.39655,1.9858900000000002,-0.13555699999999998
5.44416,1.97905,-0.151975
5.48425,1.97269,-0.165235
5.5243400000000005,1.9658099999999998,-0.177803
5.564430000000001,1.9584400000000002,-0.189521
5.60452,1.95062,-0.200235
5.64461,1.9424,-0.209796
5.6847,1.93382,-0.218065
5.7247900000000005,1.92493,-0.224912
5.76008,1.91691,-0.229667
5.79537,1.90874,-0.23315500000000003
5.83065,1.90047,-0.23531300000000002
5.86594,1.89215,-0.23608600000000002
5.9012199999999995,1.88383,-0.235434
5.93651,1.87555,-0.23332600000000003
5.97179,1.8673799999999998,-0.22974899999999998
6.00708,1.85936,-0.224704
6.04277,1.85145,-0.21812399999999998
6.0789,1.84371,-0.20999299999999999
6.11555,1.8361900000000002,-0.200291
6.152830000000001,1.82893,-0.18900899999999998
6.1909,1.82197,-0.17614100000000002
6.22994,1.81538,-0.161683
6.270230000000001,1.80918,-0.14562999999999998
6.31217,1.8034400000000002,-0.12795
6.35646,1.7982,-0.10854100000000001
6.40458,1.7935,-0.0870467
6.4615599999999995,1.7892599999999999,-0.0617576
6.51016,1.78677,-0.0409784
6.55876,1.7852599999999998,-0.021512299999999998
6.60102,1.7846799999999998,-0.006058399999999999
6.6432899999999995,1.78472,0.00769155
6.685560000000001,1.7853,0.019463
6.72783,1.78633,0.029027499999999998
6.77009,1.78772,0.0362076
6.812360000000001,1.7893599999999998,0.040880099999999996
6.85463,1.7911400000000002,0.042975900000000004
6.8969,1.7929599999999999,0.0424785
6.93421,1.7945,0.0399087
6.9715300000000004,1.79591,0.03539369999999999
7.00885,1.79712,0.0290089
7.04617,1.79805,0.02085
7.083489999999999,1.79865,0.0110305
7.121230000000001,1.79886,-0.000456756
7.1595,1.7985900000000001,-0.0135619
7.1984699999999995,1.79778,-0.0282457
7.23832,1.79634,-0.044483
7.27933,1.79415,-0.0622727
7.321860000000001,1.79109,-0.0816558
7.36649,1.78698,-0.10275799999999999
7.41427,1.78152,-0.125907
7.4678,1.7740799999999999,-0.152111
7.52354,1.7648400000000002,-0.1792
7.579269999999999,1.7541200000000001,-0.20556799999999997
7.62586,1.74404,-0.226674
7.67245,1.73301,-0.24660700000000002
7.71904,1.7210900000000002,-0.265067
7.765630000000001,1.7083400000000002,-0.28176100000000004
7.81222,1.69487,-0.296398
7.858810000000001,1.6807599999999998,-0.30869800000000003
7.90539,1.6661400000000002,-0.31839
7.951980000000001,1.65114,-0.325216
7.99857,1.63589,-0.328938
8.045160000000001,1.6205399999999999,-0.329339
8.09175,1.6052600000000001,-0.326239
8.13834,1.5902,-0.319495
8.18493,1.57554,-0.30901999999999996
8.23152,1.56146,-0.29479099999999997
8.27811,1.54813,-0.276861
8.325560000000001,1.5355,-0.254945
8.37448,1.52365,-0.228773
8.4253,1.5127899999999999,-0.1982
8.47862,1.50315,-0.16312100000000002
8.53548,1.49499,-0.12338800000000001
8.59827,1.48866,-0.07838669999999999
8.67792,1.48465,-0.0228928
8.73714,1.48443,0.0146757
8.79637,1.4862799999999998,0.047037
8.85559,1.48986,0.0726039
8.90584,1.49393,0.08805700000000001
8.95609,1.49861,0.0972669
9.00634,1.50359,0.100018
9.0566,1.50855,0.0963422
9.10685,1.5131700000000001,0.0864901
9.1571,1.51715,0.0708836
9.20735,1.52021,0.0500651
9.2576,1.5221,0.0246468
9.30785,1.52262,-0.00473328
9.3581,1.52157,-0.0374458
9.40904,1.51876,-0.0733964
9.46213,1.5138200000000002,-0.113232
9.518419999999999,1.50621,-0.15748099999999998
9.57975,1.4950299999999999,-0.20734
9.65104,1.47814,-0.266588
9.72245,1.45696,-0.326461
9.79385,1.4315200000000001,-0.386139
9.865260000000001,1.40184,-0.44505500000000003
9.93666,1.36799,-0.502808
10.0081,1.33007,-0.559185
10.0795,1.28817,-0.614211
10.1509,1.2423799999999998,-0.668238
10.2275,1.18899,-0.72602
10.3146,1.12278,-0.794057
10.4347,1.0212,-0.902178
10.5309,0.929105,-1.01948
10.607999999999999,0.845563,-1.15654
10.6667,0.773532,-1.30792
10.7151,0.706109,-1.48335
10.7565,0.640763,-1.68755
10.7925,0.575814,-1.92475
10.8286,0.500989,-2.2393
10.8569,0.43318900000000005,-2.55994
10.8853,0.355143,-2.96638
10.9089,0.280236,-3.38859
10.9325,0.194286,-3.90406
10.9533,0.107725,-4.447690000000001
10.9741,0.00890384,-5.08608
10.9948,-0.10419400000000001,-5.82229
11.0156,-0.233517,-6.645110000000001
11.0364,-0.38053400000000004,-7.517339999999999
11.056,-0.536389,-8.31921
11.0718,-0.67261,-8.87455
11.0877,-0.81647,-9.271519999999999
11.1009,-0.940089,-9.425089999999999
11.1141,-1.06443,-9.375639999999999
11.1273,-1.18664,-9.10074
11.1405,-1.3037299999999998,-8.60195
11.1537,-1.4129,-7.90785
11.1683,-1.52187,-6.97383
11.1806,-1.6021,-6.11945
11.1928,-1.67175,-5.2546
11.2051,-1.7309700000000001,-4.4231
11.2173,-1.7803799999999999,-3.6568400000000003
11.2311,-1.82545,-2.89518
11.2433,-1.8571900000000001,-2.31881
11.2555,-1.8824400000000001,-1.8326200000000001
11.2677,-1.90228,-1.42984
11.2799,-1.91765,-1.10096
11.2921,-1.9294200000000001,-0.835527
11.3044,-1.9382700000000002,-0.623291
11.3166,-1.94481,-0.45488
11.3288,-1.9495200000000001,-0.322094
11.341,-1.9528,-0.217975
11.3532,-1.9549400000000001,-0.136754
11.3658,-1.9562400000000002,-0.0719242
11.3789,-1.9568299999999998,-0.020527700000000003
11.3927,-1.95682,0.0195851
11.4071,-1.9563099999999998,0.050223000000000004
11.4223,-1.9553599999999998,0.0729327
11.4383,-1.95405,0.0890339
11.4554,-1.9524400000000002,0.0996454
11.4735,-1.9505700000000001,0.105707
11.4929,-1.94849,0.10799700000000001
11.5137,-1.94625,0.107151
11.5361,-1.9438799999999998,0.103676
11.5604,-1.94143,0.0979613
11.5869,-1.9389299999999998,0.0902952
11.616,-1.9364400000000002,0.08086549999999999
11.6483,-1.9340000000000002,0.0697459
11.6853,-1.93166,0.056792499999999996
11.7317,-1.9294,0.0408404
11.7732,-1.92799,0.0272649
11.8146,-1.92713,0.014690799999999999
11.8561,-1.9267599999999998,0.00338178
11.8924,-1.9267900000000002,-0.00529565
11.9286,-1.9271200000000002,-0.0127136
11.9649,-1.9277,-0.0187709
12.0012,-1.9284700000000001,-0.0233887
12.0374,-1.9293799999999999,-0.0265103
12.0737,-1.9303700000000001,-0.0281013
12.1099,-1.9314,-0.028148700000000002
12.1462,-1.9324,-0.0266601
12.1825,-1.9333099999999999,-0.0236622
12.2187,-1.93409,-0.0191998
12.255,-1.9346900000000002,-0.0133333
12.2913,-1.93505,-0.00613755
12.3275,-1.9351200000000002,0.00230022
12.3638,-1.9348599999999998,0.0118822
12.4,-1.9342400000000002,0.0225017
12.4363,-1.9332200000000002,0.0340447
12.4732,-1.9317400000000002,0.0465973
12.511,-1.92972,0.0602283
12.5503,-1.9270599999999998,0.0749802
12.5915,-1.92365,0.0909507
12.6355,-1.9192599999999997,0.10838800000000001
12.6849,-1.91343,0.12805999999999998
12.7351,-1.9065,0.147886
12.7861,-1.89845,0.167499
12.8282,-1.89106,0.183005
12.8704,-1.88304,0.19768
12.9125,-1.87442,0.211326
12.9546,-1.86526,0.22374899999999998
12.9967,-1.85559,0.234763
13.0388,-1.8455,0.24419200000000002
13.081,-1.83505,0.25187
13.1231,-1.8243099999999999,0.257641
13.1652,-1.8133700000000001,0.26137
13.2073,-1.8023200000000001,0.262937
13.2495,-1.79125,0.262246
13.2916,-1.78026,0.259227
13.3337,-1.76945,0.253842
13.3758,-1.7589099999999998,0.246086
13.4179,-1.74875,0.235994
13.4601,-1.7390599999999998,0.22364499999999998
13.5022,-1.7299400000000003,0.209164
13.5443,-1.7214599999999998,0.192728
13.5864,-1.7137200000000001,0.174562
13.63,-1.70655,0.15423299999999998
13.6757,-1.70002,0.131684
13.7243,-1.69423,0.106744
13.7782,-1.6892200000000002,0.0787294
13.8366,-1.6855,0.0490031
13.8869,-1.68365,0.0248137
13.9372,-1.68297,0.00268823
13.9875,-1.68333,-0.0167011
14.0304,-1.6843599999999999,-0.0306377
14.0732,-1.68592,-0.0418653
14.1161,-1.6879099999999998,-0.0501596
14.159,-1.69018,-0.0553702
14.2019,-1.69261,-0.05742100000000001
14.2448,-1.6950599999999998,-0.0563067
14.2877,-1.6974,-0.0520873
14.3306,-1.6994900000000002,-0.0448791
14.3734,-1.7012099999999999,-0.0348464
14.4163,-1.7024400000000002,-0.022190900000000003
14.4592,-1.70307,-0.007143200000000001
14.5021,-1.70302,0.0100463
14.545,-1.70219,0.029114299999999996
14.5879,-1.7005,0.049790499999999994
14.6321,-1.6978,0.0725351
14.6783,-1.6938799999999998,0.0974292
14.7271,-1.6884599999999998,0.12470999999999999
14.7801,-1.68105,0.155013
14.8419,-1.6703599999999998,0.190652
14.899000000000001,-1.6585599999999998,0.22311199999999998
14.956,-1.64493,0.25461100000000003
15.0063,-1.6314600000000001,0.281125
15.0565,-1.61669,0.306061
15.1068,-1.6007200000000001,0.32903499999999997
15.1571,-1.58366,0.349659
15.2073,-1.56562,0.36754699999999996
15.2576,-1.5467600000000001,0.382315
15.3079,-1.52724,0.39357600000000004
15.3581,-1.50726,0.400953
15.4084,-1.4869999999999999,0.404077
15.4587,-1.46671,0.402598
15.5089,-1.44661,0.396198
15.5608,-1.42636,0.38416100000000003
15.6143,-1.40628,0.365718
15.6698,-1.38666,0.340001
15.7277,-1.3679,0.306048
15.7888,-1.35049,0.262835
15.854000000000001,-1.3350600000000001,0.209319
15.9249,-1.32249,0.144504
16.0047,-1.31402,0.0672808
16.105999999999998,-1.31209,-0.027436500000000003
16.1867,-1.31697,-0.0911648
16.2673,-1.32631,-0.136898
16.332,-1.3359,-0.157084
16.3967,-1.34629,-0.161129
16.4615,-1.3564100000000001,-0.14912
16.5185,-1.36432,-0.12617899999999999
16.5756,-1.3706200000000002,-0.093068
16.6326,-1.37478,-0.051375300000000006
16.6897,-1.37635,-0.00270402
16.7475,-1.37494,0.0522865
16.8077,-1.36995,0.114158
16.8716,-1.36045,0.183908
16.9412,-1.34489,0.263842
17.0205,-1.3202,0.359471
17.1212,-1.27759,0.488839
17.2262,-1.21856,0.63817
17.3096,-1.1598,0.774759
17.393,-1.08856,0.9398860000000001
17.463,-1.01682,1.11666
17.5331,-0.930776,1.354
17.5924,-0.8424940000000001,1.6361
17.637999999999998,-0.761456,1.9354200000000001
17.6749,-0.6843319999999999,2.2587099999999998
17.7063,-0.60802,2.61573
17.7338,-0.530899,3.0127099999999998
17.7613,-0.441492,3.51484
17.7832,-0.35904899999999995,4.01291
17.8052,-0.264536,4.6179
17.8241,-0.17152,5.24
17.843,-0.0657648,5.96703
17.8619,0.0547635,6.802739999999999
17.8808,0.192044,7.735539999999999
17.8997,0.34759,8.72552
17.9177,0.513235,9.645719999999999
17.9319,0.6543939999999999,10.2744
17.945999999999998,0.803375,10.7369
17.9577,0.9301879999999999,10.9337
17.9694,1.05809,10.9177
17.9811,1.1844299999999999,10.6615
17.9928,1.3063200000000001,10.1604
18.0044,1.42103,9.43712
18.0165,1.52969,8.50585
18.0277,1.61915,7.544810000000001
18.0389,1.6984599999999999,6.5353900000000005
18.0502,1.76645,5.54438
18.0615,1.8236,4.6157
18.0727,1.8707799999999999,3.7781
18.0842,1.9096400000000002,3.03553
18.0956,1.9406400000000001,2.40445
18.1055,1.96205,1.9452099999999999
18.1154,1.97928,1.55816
18.1252,1.99302,1.2352299999999998
18.1351,2.00385,0.9679559999999999
18.145,2.01229,0.748159
18.1548,2.01876,0.5683010000000001
18.1648,2.02367,0.419994
18.1751,2.02733,0.29693400000000003
18.1857,2.0299099999999997,0.195115
18.1967,2.03157,0.111278
18.2081,2.0324400000000002,0.0426462
18.22,2.0326,-0.0131718
18.2324,2.03214,-0.0582413
18.2455,2.03113,-0.0943466
18.2593,2.02962,-0.123026
18.2739,2.02765,-0.145599
18.2894,2.02526,-0.163191
18.3058,2.02245,-0.176749
18.3234,2.01924,-0.18706
18.3423,2.0156400000000003,-0.194767
18.3626,2.01163,-0.200375
18.3844,2.0072099999999997,-0.204264
18.408,2.00237,-0.20670300000000003
18.4333,1.99711,-0.207853
18.4605,1.99147,-0.20779299999999998
18.4893,1.9854900000000002,-0.20654099999999997
18.5196,1.97927,-0.20409000000000002
18.551,1.9729,-0.200429
18.5834,1.9665,-0.19555699999999998
18.6164,1.9601400000000002,-0.18948299999999998
18.65,1.9538799999999998,-0.18221700000000002
18.6843,1.9477799999999998,-0.173769
18.7192,1.9418799999999998,-0.164151
18.7549,1.9362099999999998,-0.153369
18.7915,1.93081,-0.141429
18.8293,1.9257099999999998,-0.128324
18.8687,1.92093,-0.11401900000000001
18.9104,1.91651,-0.0984083
18.9558,1.9124299999999999,-0.08114339999999999
19.0105,1.9085599999999998,-0.0605304
19.0553,1.90621,-0.044199300000000004
19.1001,1.90458,-0.0287654
19.1395,1.9037,-0.0162238
19.1788,1.9032900000000001,-0.00484441
19.2182,1.9033,0.00518365
19.2575,1.9036799999999998,0.0136969
19.2969,1.9043599999999998,0.0205602
19.3362,1.90527,0.025669099999999997
19.3756,1.90635,0.0289508
19.4103,1.9073799999999999,0.030293900000000002
19.4449,1.9084400000000001,0.030179400000000006
19.4796,1.90946,0.0286164
19.5142,1.9104,0.025631
19.5489,1.9112200000000001,0.021264099999999998
19.5835,1.91186,0.0155707
19.6182,1.91228,0.00861792
19.6528,1.91245,0.000483592
19.688,1.9123,-0.00888916
19.7237,1.9118,-0.0194505
19.76,1.91088,-0.031173700000000002
19.7971,1.9094900000000001,-0.0440435
19.8353,1.9075400000000002,-0.0580605
19.8748,1.90495,-0.0732534
19.9161,1.9015900000000001,-0.0897079
19.9601,1.89725,-0.107642
20.0088,1.89152,-0.127696
20.0631,1.88398,-0.1499
20.1095,1.87658,-0.16846
20.156,1.8683400000000001,-0.186304
20.2025,1.8592799999999998,-0.203154
20.2427,1.85083,-0.216739
20.283,1.84185,-0.2292
20.3232,1.8323900000000002,-0.24036999999999997
20.3635,1.8225099999999999,-0.250089
20.4038,1.81227,-0.258203
20.444000000000003,1.8017400000000001,-0.264571
20.4843,1.791,-0.26905999999999997
20.5245,1.7801099999999999,-0.271556
20.5648,1.7691599999999998,-0.271959
20.6051,1.7582400000000002,-0.27019099999999996
20.6453,1.7474299999999998,-0.266198
20.6856,1.7368299999999999,-0.25995100000000004
20.7258,1.72653,-0.25145700000000004
20.7661,1.71662,-0.240754
20.8064,1.70718,-0.227921
20.8474,1.69812,-0.21275500000000003
20.8895,1.6895200000000001,-0.195224
20.9329,1.6814799999999999,-0.175308
20.978,1.67408,-0.15298399999999998
21.0253,1.6674099999999998,-0.128184
21.0762,1.6615900000000001,-0.100658
21.1339,1.6566900000000002,-0.0692933
21.1893,1.65367,-0.0401161
21.2447,1.65221,-0.0129406
21.2916,1.6521,0.00774547
21.3385,1.6528900000000002,0.0257073
21.3854,1.6544599999999998,0.0404713
21.4323,1.6566299999999998,0.0516646
21.4792,1.65924,0.059026499999999996
21.5261,1.6621099999999998,0.062412199999999994
21.5673,1.66468,0.0620797
21.6084,1.66717,0.05870419999999999
21.6496,1.66947,0.05238380000000001
21.6907,1.67145,0.0432626
21.7319,1.6729900000000002,0.0315214
21.773000000000003,1.6740099999999998,0.017369
21.8146,1.67439,0.0008397639999999999
21.8569,1.6740400000000002,-0.0180023
21.9002,1.67281,-0.0391053
21.9447,1.67055,-0.062454199999999994
21.9909,1.66708,-0.08809860000000001
22.0394,1.6621299999999999,-0.11621
22.0914,1.6552799999999999,-0.147234
22.1496,1.64569,-0.182502
22.2128,1.63295,-0.22073800000000002
22.276,1.61781,-0.25813600000000003
22.3284,1.60351,-0.287948
22.3808,1.5876700000000001,-0.31622
22.4331,1.57041,-0.342518
22.4855,1.5518299999999998,-0.366411
22.5379,1.5320799999999999,-0.387462
22.5903,1.5113,-0.40523200000000004
22.6427,1.48969,-0.419275
22.695,1.46745,-0.42914399999999997
22.7474,1.44481,-0.43439300000000003
22.7998,1.42203,-0.434586
22.8534,1.39888,-0.42912
22.9086,1.3754600000000001,-0.417048
22.9661,1.3520299999999998,-0.397188
23.0263,1.3289600000000001,-0.36809899999999995
23.0899,1.30675,-0.328017
23.1583,1.28609,-0.274762
23.2333,1.26801,-0.20554899999999998
23.3192,1.25414,-0.116326
23.4298,1.2479,0.00299583
23.5604,1.2565600000000001,0.12306700000000001
23.6513,1.27037,0.175228
23.7258,1.28419,0.1916
23.8003,1.2982799999999999,0.182619
23.8629,1.30898,0.15648399999999998
23.9255,1.3175700000000001,0.115541
23.9882,1.3232,0.0624102
24.0508,1.3251899999999999,-0.00025408
24.1134,1.32302,-0.0701424
24.178,1.3159999999999998,-0.147976
24.2472,1.30272,-0.236504
24.3238,1.2806899999999999,-0.34012800000000004
24.4113,1.24543,-0.46720900000000004
24.5085,1.19256,-0.6241720000000001
24.5865,1.13832,-0.77032
24.6646,1.0715700000000001,-0.947567
24.7316,1.00181,-1.14185
24.7986,0.917,-1.40247
24.8555,0.8290489999999999,-1.7108
24.8986,0.748586,-2.0322400000000003
24.9339,0.6711689999999999,-2.37907
24.9639,0.594128,-2.76067
24.9903,0.515927,-3.18351
25.0167,0.425202,-3.7149
25.0379,0.341045,-4.24181
25.0591,0.244594,-4.87803
25.0775,0.149086,-5.53264
25.0958,0.040588900000000004,-6.2926400000000005
25.1142,-0.0828597,-7.15875
25.1326,-0.223092,-8.1143
25.151,-0.381377,-9.111989999999999
25.1676,-0.5398890000000001,-9.9729
25.1812,-0.679538,-10.5729
25.1947,-0.82625,-11.0001
25.2061,-0.952514,-11.1678
25.2175,-1.07949,-11.1197
25.2289,-1.2045700000000001,-10.8316
25.2402,-1.3249799999999998,-10.3022
25.2516,-1.43811,-9.556569999999999
25.2637,-1.54766,-8.58452
25.2746,-1.63594,-7.60813
25.2855,-1.71335,-6.60015
25.2964,-1.77985,-5.6138699999999995
25.3073,-1.83592,-4.6905
25.3185,-1.88366,-3.83357
25.3295,-1.9218,-3.09795
25.3408,-1.95295,-2.45974
25.3504,-1.9744700000000002,-1.9959
25.3601,-1.99186,-1.6046799999999999
25.3698,-2.00578,-1.27795
25.3795,-2.01681,-1.00726
25.3892,-2.02545,-0.784392
25.3989,-2.03214,-0.601787
25.4087,-2.03728,-0.451036
25.4188,-2.04117,-0.325776
25.4292,-2.04399,-0.221966
25.4399,-2.0459,-0.13631400000000002
25.4511,-2.0470099999999998,-0.0660138
25.4627,-2.04743,-0.0086454
25.475,-2.04724,0.0378838
25.4878,-2.04651,0.07538500000000001
25.5013,-2.04528,0.105422
25.5155,-2.04359,0.129342
25.5307,-2.04149,0.148295
25.5468,-2.03897,0.16325699999999999
25.564,-2.03606,0.175042
25.5824,-2.03274,0.184322
25.6022,-2.02901,0.191634
25.6236,-2.02486,0.197391
25.6466,-2.02025,0.20188699999999998
25.6714,-2.01519,0.20531
25.6981,-2.00968,0.207748
25.7265,-2.0037599999999998,0.209211
25.7563,-1.99751,0.20966100000000001
25.7873,-1.9910299999999999,0.209048
25.819000000000003,-1.98442,0.20732899999999999
25.8513,-1.97777,0.204479
25.884,-1.9711400000000001,0.200482
25.9171,-1.96459,0.195329
25.9506,-1.95815,0.18901600000000002
25.9846,-1.95186,0.181538
26.019000000000002,-1.94575,0.172896
26.0541,-1.93985,0.16309200000000001
26.09,-1.9342,0.15212799999999999
26.1268,-1.92882,0.140006
26.1648,-1.92375,0.12671500000000002
26.2045,-1.919,0.11221500000000001
26.2465,-1.91462,0.0963788
26.2927,-1.91057,0.0787975
26.3502,-1.90667,0.0571605
26.394000000000002,-1.90451,0.041317400000000004
26.4378,-1.90304,0.0263926
26.4816,-1.90218,0.012697499999999999
26.5192,-1.9019099999999998,0.0021245
26.5569,-1.9020099999999998,-0.00716871
26.5945,-1.9024299999999998,-0.015044
26.6322,-1.9031200000000001,-0.0213878
26.6698,-1.90402,-0.0261121
26.7075,-1.90507,-0.029155900000000002
26.7451,-1.9062,-0.0304845
26.7828,-1.90734,-0.0300892
26.8205,-1.9084400000000001,-0.0279856
26.8581,-1.90943,-0.0242123
26.8958,-1.9102400000000002,-0.018828499999999998
26.9334,-1.91083,-0.0119118
26.9711,-1.9111200000000002,-0.00355571
27.0087,-1.91108,0.00613229
27.0464,-1.91065,0.0170334
27.084,-1.90978,0.029019299999999998
27.1217,-1.90845,0.0419543
27.1598,-1.9065900000000002,0.055851300000000006
27.1991,-1.9041,0.07090060000000001
27.2401,-1.9008599999999998,0.08719450000000001
27.2836,-1.89668,0.104924
27.3314,-1.8911900000000001,0.124622
27.3905,-1.8831099999999998,0.14887999999999998
27.436999999999998,-1.87575,0.167528
27.4835,-1.8675400000000002,0.185478
27.53,-1.8585099999999999,0.20245
27.5704,-1.8500599999999998,0.216177
27.6108,-1.84107,0.22878600000000002
27.6511,-1.8316,0.24010599999999999
27.6915,-1.82171,0.24997600000000003
27.7319,-1.8114400000000002,0.258239
27.7723,-1.80088,0.264752
27.8126,-1.7900900000000002,0.269381
27.853,-1.77915,0.27200799999999997
27.8934,-1.76815,0.27253099999999997
27.9338,-1.75718,0.27087100000000003
27.9741,-1.7463099999999998,0.26697
28.0145,-1.73565,0.260799
28.0549,-1.7252900000000002,0.252361
28.0952,-1.7153,0.241694
28.1356,-1.7058,0.22887600000000002
28.1767,-1.6966900000000003,0.213733
28.2189,-1.68805,0.196217
28.2623,-1.67996,0.176302
28.3073,-1.67252,0.15396600000000002
28.3546,-1.6658099999999998,0.129144
28.4055,-1.65995,0.101595
28.4629,-1.6550099999999999,0.0702585
28.5183,-1.6519400000000002,0.0409492
28.5746,-1.65042,0.013196799999999998
28.6216,-1.6503,-0.007626100000000001
28.6686,-1.6511,-0.025714400000000002
28.7156,-1.65267,-0.040588400000000004
28.7625,-1.6548599999999998,-0.0518707
28.8095,-1.6574799999999998,-0.05929680000000001
28.8565,-1.6603700000000001,-0.0627197
28.8977,-1.66295,-0.062397900000000006
28.9389,-1.66547,-0.05901409999999999
28.9801,-1.6677799999999998,-0.05266749999999999
29.0214,-1.66977,-0.0435035
29.0626,-1.67133,-0.0317044
29.1038,-1.67235,-0.017480900000000004
29.1454,-1.6727400000000001,-0.0008690010000000001
29.1878,-1.67238,0.0180676
29.2312,-1.67114,0.0392767
29.2758,-1.66887,0.0627437
29.322,-1.6653799999999999,0.0885193
29.3706,-1.6603900000000003,0.11677799999999999
29.4227,-1.6535,0.147974
29.4811,-1.64383,0.18346400000000002
29.5442,-1.63105,0.221735
29.6072,-1.61588,0.259169
29.6597,-1.6014899999999999,0.28912899999999997
29.7122,-1.5855700000000001,0.31754299999999996
29.7646,-1.5682,0.343975
29.8171,-1.54951,0.367991
29.8696,-1.5296299999999998,0.389154
29.9221,-1.50872,0.407019
29.9745,-1.48698,0.421142
30.026999999999997,-1.4646,0.43107
30.0795,-1.44182,0.436354
30.131999999999998,-1.41889,0.43655299999999997
30.1857,-1.39554,0.431042
30.2413,-1.37191,0.41884
30.299,-1.34826,0.39873000000000003
30.3596,-1.3249600000000001,0.369221
30.4238,-1.30253,0.328471
30.4928,-1.28168,0.27418200000000004
30.5687,-1.26347,0.203348
30.6564,-1.2496200000000002,0.111384
30.7733,-1.24405,-0.015218899999999999
30.9028,-1.25403,-0.131947
30.9935,-1.26847,-0.180768
31.0676,-1.28251,-0.19386199999999998
31.1418,-1.2965799999999998,-0.181623
31.2044,-1.30714,-0.15279600000000002
31.2671,-1.3154299999999999,-0.10936300000000002
31.3298,-1.3206,-0.054025699999999996
31.3925,-1.3220100000000001,0.0105506
31.4552,-1.31914,0.0821012
31.5206,-1.3111700000000002,0.16238699999999998
31.590999999999998,-1.29654,0.25408800000000004
31.6693,-1.2724600000000001,0.362181
31.7589,-1.23412,0.49554899999999996
31.8552,-1.1788,0.656714
31.9311,-1.1234899999999999,0.805573
32.007,-1.0557299999999998,0.9878540000000001
32.0736,-0.983341,1.1944
32.1402,-0.8949299999999999,1.47549
32.1948,-0.805982,1.7996299999999998
32.2352,-0.727123,2.12623
32.2688,-0.649963,2.48287
32.2977,-0.572712,2.8761
32.3232,-0.49394899999999997,3.31218
32.3487,-0.402725,3.8571699999999995
32.3694,-0.317371,4.4002099999999995
32.3901,-0.219665,5.05269
32.4083,-0.122155,5.72653
32.4264,-0.0114983,6.50432
32.4445,0.114186,7.3834800000000005
32.4626,0.256575,8.34223
32.4807,0.416681,9.32634
32.4964,0.5692520000000001,10.122
32.5097,0.706997,10.6797
32.5229,0.8510200000000001,11.0588
32.5341,0.9763649999999999,11.1868
32.5454,1.10195,11.0973
32.5566,1.2252100000000001,10.7704
32.5679,1.34345,10.2092
32.5791,1.4541899999999999,9.44191
32.5916,1.56529,8.41622
32.6023,1.65061,7.44117
32.6131,1.72528,6.44498
32.6238,1.7893400000000002,5.47738
32.6346,1.84333,4.57602
32.646,1.8907,3.7159
32.657,1.9272799999999999,3.00317
32.6679,1.9566700000000001,2.3965
32.6788,1.9799900000000001,1.8897700000000002
32.6883,1.99616,1.52205
32.6978,2.00913,1.21459
32.7073,2.01942,0.959392
32.7168,2.02751,0.748772
32.7265,2.03385,0.573887
32.7363,2.03875,0.428155
32.7464,2.04245,0.306983
32.7568,2.0451099999999998,0.206616
32.7677,2.04688,0.123872
32.7789,2.04787,0.056018200000000004
32.7906,2.04819,0.0006981610000000001
32.8029,2.04791,-0.0441281
32.8159,2.0471,-0.0802257
32.8295,2.0458,-0.10911900000000001
32.8439,2.04406,-0.132117
32.8592,2.04189,-0.15034
32.8754,2.03932,-0.164733
32.8928,2.03635,-0.176087
32.9115,2.03298,-0.185049
32.9315,2.0291900000000003,-0.192134
32.9532,2.02497,-0.197734
32.9765,2.0203,-0.202127
33.0017,2.01517,-0.205481
33.0286,2.0096,-0.20786999999999997
33.0573,2.00362,-0.209292
33.0873,1.99732,-0.209702
33.1184,1.9908099999999997,-0.209048
33.1502,1.9841799999999998,-0.207289
33.1826,1.9775200000000002,-0.2044
33.2153,1.9708900000000003,-0.20036500000000002
33.2485,1.96433,-0.195176
33.282,1.9579,-0.188826
33.316,1.9516099999999998,-0.181312
33.3504,1.9455,-0.17263399999999998
33.3855,1.9396099999999998,-0.162794
33.4214,1.93397,-0.151795
33.4583,1.9286,-0.13963599999999998
33.4963,1.92353,-0.126308
33.5361,1.9188,-0.11176900000000001
33.5782,1.91442,-0.09588719999999999
33.6245,1.9103900000000003,-0.07823719999999999
33.6828,1.90647,-0.056316399999999996
33.7264,1.9043599999999998,-0.0406048
33.7699,1.9029200000000002,-0.0258151
33.8134,1.9021,-0.0122524
33.8511,1.9018400000000002,-0.00173374
33.8887,1.90195,0.00750116
33.9263,1.90238,0.015315299999999999
33.964,1.9030799999999999,0.021596200000000003
34.0016,1.90399,0.026257299999999997
34.0392,1.90504,0.0292384
34.0768,1.9061700000000001,0.030505900000000002
34.1145,1.9073099999999998,0.030052099999999995
34.1521,1.90841,0.0278933
34.1897,1.9093900000000001,0.024068700000000002
34.2273,1.9102,0.018638099999999998
34.265,1.91077,0.011679299999999998
34.3026,1.9110599999999998,0.00328642
34.3402,1.911,-0.00643316
34.3779,1.9105599999999998,-0.017360499999999997
34.4155,1.9096799999999998,-0.029367400000000002
34.4531,1.9083400000000001,-0.04231819999999999
34.4912,1.9064599999999998,-0.056246500000000005
34.5305,1.9039599999999999,-0.0713302
34.5716,1.9006900000000002,-0.087662
34.6152,1.89648,-0.10543800000000002
34.6632,1.89095,-0.12520799999999999
34.723,1.88273,-0.14974200000000001
34.7693,1.87537,-0.168273
34.8155,1.86717,-0.186102
34.8618,1.85817,-0.202953
34.9021,1.8497,-0.21664
34.9425,1.8407,-0.22920300000000002
34.9829,1.83122,-0.24047399999999997
35.0232,1.8213099999999998,-0.25029
35.0636,1.8110400000000002,-0.258497
35.1039,1.80047,-0.26495100000000005
35.1443,1.78968,-0.269518
35.1846,1.7787400000000002,-0.272082
35.225,1.76775,-0.272541
35.2653,1.75678,-0.27081700000000003
35.3057,1.7459200000000001,-0.266852
35.346,1.73527,-0.26061999999999996
35.3864,1.72492,-0.252123
35.4267,1.71495,-0.2414
35.4671,1.70547,-0.22853
35.5082,1.6963700000000002,-0.213325
35.5504,1.6877400000000002,-0.195742
35.5938,1.67967,-0.17576
35.6389,1.6722400000000002,-0.153355
35.6863,1.66555,-0.12846
35.7373,1.6597099999999998,-0.100825
35.795,1.6548,-0.06934080000000001
35.8505,1.6517700000000002,-0.0400325
35.9065,1.65031,-0.0124731
35.9535,1.65022,0.00824606
36.0004,1.65104,0.026220999999999998
36.0473,1.6526299999999998,0.040977
36.0942,1.65483,0.0521409
36.1412,1.65747,0.05945269999999999
36.1881,1.66035,0.0627692
36.2293,1.66294,0.062360000000000006
36.2705,1.66545,0.0588903
36.3117,1.66775,0.0524607
36.3529,1.66973,0.04321780000000001
36.3941,1.6712799999999999,0.0313449
36.4353,1.67228,0.0170535
36.477,1.67265,0.000371787
36.5194,1.6722700000000001,-0.0186338
36.5628,1.6710099999999999,-0.0399115
36.6074,1.66871,-0.063448
36.6538,1.66517,-0.08929669999999999
36.7025,1.6601400000000002,-0.11763699999999999
36.7547,1.6531799999999999,-0.14893599999999999
36.8133,1.6434,-0.184602
36.8758,1.63069,-0.22251100000000001
36.9383,1.61562,-0.25958400000000004
36.9907,1.60121,-0.289535
37.0432,1.5852600000000001,-0.31793499999999997
37.0957,1.56787,-0.34434699999999996
37.1482,1.54916,-0.36833899999999997
37.2007,1.52926,-0.38947
37.2531,1.50834,-0.40729899999999997
37.3056,1.48658,-0.421379
37.3581,1.4641899999999999,-0.431258
37.4106,1.4414,-0.436488
37.4631,1.41846,-0.436625
37.5169,1.3951,-0.43104
37.5724,1.37145,-0.41874799999999995
37.6302,1.34779,-0.398527
37.6909,1.32449,-0.36887800000000004
37.7551,1.30206,-0.327952
37.8242,1.28122,-0.273438
37.9003,1.26305,-0.20230599999999999
37.9882,1.24927,-0.109911
38.1063,1.24389,0.017816099999999998
38.2358,1.25417,0.133798
38.3259,1.26863,0.181524
38.3999,1.2826600000000001,0.193966
38.4738,1.29669,0.181202
38.5364,1.30721,0.15198599999999998
38.5991,1.3154299999999999,0.108232
38.6617,1.3205200000000001,0.052644500000000004
38.7244,1.3218299999999998,-0.0121178
38.787,1.3188600000000001,-0.0838049
38.8525,1.3107600000000001,-0.164354
38.9231,1.29595,-0.256413
39.0016,1.27159,-0.365032
39.0915,1.23285,-0.49915299999999996
39.1877,1.17723,-0.660784
39.2634,1.12176,-0.809979
39.339,1.05385,-0.9928899999999999
39.4056,0.9810979999999999,-1.20102
39.4722,0.892193,-1.48478
39.5265,0.803276,-1.81024
39.5665,0.724557,-2.13757
39.5999,0.647419,-2.49537
39.6287,0.570138,-2.88996
39.6575,0.480013,-3.39299
39.68,0.39837,-3.88438
39.7025,0.304492,-4.48479
39.7216,0.213233,-5.09685
39.7407,0.10928099999999999,-5.81691
39.7597,-0.00950929,-6.65256
39.7788,-0.14532,-7.598089999999999
39.7979,-0.299998,-8.62152
39.817,-0.47438800000000003,-9.64679
39.8315,-0.619587,-10.345999999999998
39.8442,-0.754498,-10.8303
39.8569,-0.894444,-11.1265
39.868,-1.0182,-11.1831
39.8791,-1.1414,-11.0203
39.8902,-1.2615100000000001,-10.6257
39.9013,-1.37599,-10.0095
39.9123,-1.48258,-9.20567
39.9259,-1.59991,-8.04159
39.9364,-1.67881,-7.081760000000001
39.9468,-1.74764,-6.12005
39.9572,-1.8066200000000001,-5.19841
39.9678,-1.8569099999999998,-4.33699
39.9799,-1.9041599999999999,-3.45945
39.9905,-1.93725,-2.8018099999999997
40.0011,-1.9639,-2.24287
40.0117,-1.98511,-1.77564
40.0223,-2.00182,-1.3902299999999999
40.0329,-2.01483,-1.07562
40.0435,-2.02483,-0.8208629999999999
40.0541,-2.0324,-0.615851
40.0647,-2.03803,-0.451622
40.0753,-2.04209,-0.32048899999999997
40.0859,-2.04491,-0.21600100000000003
40.0967,-2.04677,-0.131433
40.1079,-2.0478400000000003,-0.062196400000000006
40.1196,-2.0482299999999998,-0.00572887
40.1318,-2.048,0.0400545
40.1447,-2.04724,0.0769459
40.1582,-2.04599,0.106492
40.1726,-2.04429,0.130023
40.1877,-2.04216,0.148676
40.2039,-2.0396400000000003,0.163413
40.2212,-2.03671,0.17504
40.2397,-2.0333799999999997,0.18421700000000002
40.2596,-2.02963,0.191472
40.2811,-2.02546,0.197209
40.3043,-2.02083,0.201717
40.3292,-2.01575,0.20517399999999997
40.356,-2.01022,0.207664
40.3845,-2.00428,0.20919000000000001
40.4144,-1.9980099999999998,0.20970999999999998
40.4454,-1.99151,0.20917199999999997
40.4772,-1.98489,0.207531
40.5095,-1.97823,0.204763
40.5422,-1.9715900000000002,0.200851
40.5753,-1.96502,0.195785
40.6088,-1.9585700000000001,0.189559
40.6427,-1.9522700000000002,0.182169
40.6771,-1.9461400000000002,0.17361500000000002
40.7122,-1.94022,0.163898
40.7479,-1.93455,0.153022
40.7847,-1.92915,0.140987
40.8226,-1.92405,0.12778499999999998
40.8621,-1.9192799999999999,0.11337799999999999
40.904,-1.91487,0.09765080000000001
40.9497,-1.9108,0.0802321
41.0054,-1.9069200000000002,0.05920980000000001
41.0499,-1.90465,0.0430345
41.0943,-1.9030799999999999,0.027768900000000003
41.1388,-1.9021599999999999,0.013741399999999999
41.1765,-1.90185,0.00303682
41.2143,-1.9019099999999998,-0.00639688
41.251999999999995,-1.90231,-0.0144186
41.2897,-1.90298,-0.020911900000000004
41.3275,-1.9038700000000002,-0.025786
41.3652,-1.9049099999999999,-0.028977099999999995
41.4029,-1.90603,-0.0304483
41.4406,-1.9071799999999999,-0.0301887
41.4784,-1.90829,-0.028212099999999997
41.5161,-1.9092900000000002,-0.024555700000000003
41.5538,-1.91012,-0.0192774
41.5915,-1.91072,-0.012454
41.6293,-1.91104,-0.00417859
41.667,-1.9110200000000002,0.00544168
41.7047,-1.91062,0.016288
41.7424,-1.90978,0.028232
41.7802,-1.90847,0.041137599999999996
41.8179,-1.90667,0.0548625
41.8571,-1.9042299999999999,0.06982150000000001
41.8979,-1.90104,0.0860262
41.9413,-1.89693,0.103648
41.9887,-1.89156,0.123177
42.0462,-1.88379,0.14682699999999999
42.0933,-1.87642,0.165777
42.1404,-1.86818,0.184038
42.1875,-1.8591,0.201319
42.228,-1.8506799999999999,0.215148
42.2684,-1.84172,0.22786900000000002
42.3088,-1.83227,0.239312
42.3493,-1.8223900000000002,0.249311
42.3897,-1.81213,0.257712
42.4301,-1.8015700000000001,0.264367
42.4705,-1.7907799999999998,0.26914299999999997
42.511,-1.77984,0.27192
42.5514,-1.76883,0.272593
42.5918,-1.75783,0.271082
42.6322,-1.7469400000000002,0.267326
42.6727,-1.73625,0.26129600000000003
42.7131,-1.72584,0.25299099999999997
42.7535,-1.7158200000000001,0.24244699999999997
42.7939,-1.7062700000000002,0.22974
42.835,-1.69713,0.21473299999999998
42.8771,-1.6884599999999998,0.197356
42.9204,-1.6803299999999999,0.177581
42.9653,-1.67285,0.155387
43.0125,-1.66609,0.130712
43.0631,-1.66018,0.103335
43.1199,-1.6551799999999999,0.07229669999999999
43.1748,-1.65202,0.043149
43.2317,-1.65038,0.0149393
43.2788,-1.65018,-0.00615289
43.326,-1.6509200000000002,-0.02453
43.3731,-1.65245,-0.0397002
43.4203,-1.65461,-0.05127380000000001
43.4675,-1.6572200000000001,-0.0589758
43.50899999999999,-1.65975,-0.0624254
43.5505,-1.6623599999999998,-0.0627185
43.592,-1.6649200000000002,-0.0598885
43.6336,-1.6672900000000002,-0.0540268
43.6751,-1.66937,-0.0452744
43.7166,-1.6710200000000002,-0.0338118
43.7581,-1.6721400000000002,-0.0198505
43.7997,-1.6726299999999998,-0.0036238
43.8419,-1.6724,0.0149553
43.8851,-1.6713099999999999,0.035816100000000003
43.9295,-1.6692200000000001,0.058934600000000004
43.9755,-1.66593,0.0843485
44.0236,-1.6611900000000002,0.112206
44.0751,-1.65464,0.1429
44.1321,-1.6455,0.177545
44.2058,-1.63076,0.22230300000000003
44.2612,-1.61753,0.255252
44.3166,-1.6025,0.287026
44.372,-1.58576,0.317112
44.4274,-1.5674,0.344998
44.4828,-1.54758,0.370173
44.5382,-1.52645,0.392121
44.5936,-1.5042,0.410321
44.648999999999994,-1.48106,0.424246
44.7044,-1.45728,0.43336499999999994
44.7598,-1.43315,0.437151
44.8152,-1.40896,0.435091
44.8706,-1.38505,0.426702
44.9272,-1.36132,0.41116
44.9862,-1.33775,0.38710300000000003
45.0482,-1.31474,0.352879
45.1143,-1.2928899999999999,0.30645500000000003
45.1861,-1.2730299999999999,0.24525999999999998
45.2664,-1.2564600000000001,0.16577
45.3627,-1.24547,0.061602199999999996
45.5016,-1.24714,-0.0813175
45.6174,-1.26185,-0.165025
45.6964,-1.27611,-0.191416
45.766000000000005,-1.28956,-0.190882
45.8357,-1.3022,-0.168487
45.9054,-1.3125799999999999,-0.12664
45.9668,-1.31887,-0.0764063
46.0282,-1.32176,-0.0163546
46.0896,-1.32073,0.0512035
46.1534,-1.31505,0.12746500000000002
46.2214,-1.3034700000000001,0.21398699999999998
46.29600000000001,-1.2838,0.31441199999999997
46.3806,-1.25214,0.435971
46.4759,-1.2035200000000001,0.586956
46.5561,-1.15077,0.732535
46.6363,-1.0852700000000002,0.9074629999999999
46.7037,-1.01805,1.09312
46.7712,-0.9364530000000001,1.3388200000000001
46.83,-0.849467,1.63554
46.8762,-0.766986,1.95643
46.9129,-0.6892149999999999,2.29696
46.943999999999996,-0.612223,2.67069
46.9711,-0.53438,3.08425
46.9982,-0.44391400000000003,3.60638
47.0198,-0.360636,4.1216
47.0414,-0.265086,4.74616
47.06,-0.171069,5.38669
47.0786,-0.06416770000000001,6.133719999999999
47.0972,0.05764299999999999,6.99043
47.1158,0.19631700000000002,7.944039999999999
47.1343,0.353323,8.95257
47.1518,0.518062,9.874130000000001
47.1657,0.659355,10.507
47.1795,0.808341,10.9711
47.191,0.935311,11.1679
47.2024,1.06334,11.1503
47.2139,1.1898,10.8908
47.2253,1.31187,10.3848
47.2368,1.4268299999999998,9.65499
47.2486,1.5357,8.716339999999999
47.2596,1.6258299999999999,7.74258
47.2707,1.7060400000000002,6.71559
47.2818,1.7749,5.70567
47.2929,1.83287,4.75784
47.303999999999995,1.8808099999999999,3.90182
47.3153,1.9207400000000001,3.13478
47.3267,1.9526,2.4834
47.3364,1.97433,2.0159
47.3461,1.9918900000000002,1.62144
47.3558,2.00596,1.29193
47.3655,2.0171099999999997,1.0188700000000002
47.3752,2.02585,0.794027
47.3848,2.03262,0.609788
47.3946,2.03783,0.45787700000000003
47.4047,2.04177,0.33165300000000003
47.415,2.0446400000000002,0.22702199999999997
47.4258,2.0466,0.14067000000000002
47.4369,2.04775,0.0697715
47.4485,2.04822,0.011893299999999999
47.4607,2.04806,-0.03507
47.4735,2.04736,-0.0729403
47.4869,2.04617,-0.10329200000000001
47.5012,2.04452,-0.12747999999999998
47.5163,2.04244,-0.14666300000000002
47.5323,2.0399599999999998,-0.161824
47.5494,2.03708,-0.173786
47.5678,2.0338,-0.183226
47.5875,2.0301099999999996,-0.19068800000000002
47.6088,2.02598,-0.19659000000000001
47.6318,2.02141,-0.201233
47.6565,2.0163900000000003,-0.20481100000000002
47.6831,2.0109,-0.207416
47.7114,2.00501,-0.20905900000000002
47.7412,1.9987700000000002,-0.20970300000000003
47.7721,1.9923,-0.209294
47.8037,1.9856900000000002,-0.207788
47.836000000000006,1.9790299999999998,-0.205156
47.8687,1.97238,-0.201382
47.9017,1.9658099999999998,-0.196455
47.9351,1.95934,-0.190368
47.968999999999994,1.95301,-0.183118
48.0033,1.94687,-0.174704
48.0383,1.94092,-0.165127
48.074,1.9352200000000002,-0.15439
48.1106,1.9297799999999998,-0.142494
48.1483,1.92465,-0.129434
48.1876,1.9198400000000002,-0.115175
48.2292,1.9153799999999999,-0.0996181
48.2743,1.91127,-0.0824431
48.3278,1.9074,-0.06218049999999999
48.3731,1.9049599999999998,-0.0455842
48.4184,1.90326,-0.029874599999999998
48.4579,1.9023299999999999,-0.0171683
48.4974,1.90189,-0.00561948
48.5369,1.9018700000000002,0.00457827
48.5765,1.9022299999999999,0.0132568
48.61600000000001,1.9029,0.020277
48.6555,1.9038099999999998,0.0255308
48.695,1.9048900000000002,0.0289421
48.7297,1.90592,0.0303825
48.7644,1.90698,0.0303596
48.7991,1.9080099999999998,0.0288814
48.8337,1.90897,0.025973000000000003
48.8684,1.9098,0.021675
48.9031,1.9104599999999998,0.0160417
48.9378,1.9109,0.00913995
48.9725,1.91108,0.00104736
49.0077,1.91095,-0.00828516
49.0433,1.9104700000000001,-0.0188112
49.0797,1.9095799999999998,-0.0305043
49.1168,1.90821,-0.0433485
49.1549,1.90629,-0.057343200000000004
49.1943,1.9037400000000002,-0.0725154
49.2356,1.90041,-0.0889469
49.2794,1.89611,-0.10684600000000001
49.3279,1.8904599999999998,-0.126816
49.3899,1.8818,-0.15224000000000001
49.4355,1.87444,-0.170426
49.4811,1.86627,-0.187898
49.5267,1.85732,-0.204394
49.5723,1.84765,-0.21965500000000002
49.6117,1.83876,-0.23165999999999998
49.6511,1.8294099999999998,-0.24239899999999998
49.6905,1.81968,-0.251724
49.7299,1.8096,-0.25949099999999997
49.7693,1.79925,-0.265569
49.8087,1.7886900000000001,-0.269834
49.8481,1.7780099999999999,-0.27218000000000003
49.8875,1.7672700000000001,-0.272514
49.9269,1.75656,-0.27076300000000003
49.9663,1.74596,-0.266875
50.0057,1.7355599999999998,-0.260824
50.0451,1.72544,-0.252614
50.0845,1.7156799999999999,-0.242279
50.1247,1.70618,-0.229609
50.1658,1.6970599999999998,-0.21459
50.2078,1.68839,-0.197193
50.2512,1.6802700000000002,-0.177398
50.2961,1.67278,-0.155182
50.3433,1.6660400000000002,-0.130485
50.3939,1.6601299999999999,-0.103082
50.4509,1.65514,-0.0720005
50.5045,1.65205,-0.0435337
50.5611,1.6504,-0.015409799999999998
50.6083,1.65018,0.00576049
50.6555,1.6509,0.024219
50.7027,1.65241,0.0394702
50.7499,1.65457,0.051121
50.7972,1.6571799999999999,0.0588933
50.8387,1.6597099999999998,0.0623946
50.8802,1.66232,0.0627388
50.9218,1.66488,0.05995840000000001
50.9633,1.66726,0.054143899999999995
51.0048,1.66934,0.045435500000000004
51.0463,1.6709900000000002,0.0340134
51.0879,1.67213,0.020088599999999998
51.1294,1.6726299999999998,0.00389411
51.1716,1.67241,-0.014649899999999999
51.2148,1.67134,-0.0354758
51.2592,1.6692599999999997,-0.05855930000000001
51.3051,1.66599,-0.0839369
51.3533,1.6612799999999999,-0.111755
51.4046,1.65475,-0.142399
51.4616,1.64567,-0.176965
51.5346,1.63111,-0.22135300000000002
51.5902,1.61789,-0.254416
51.6457,1.60287,-0.28631100000000004
51.7013,1.5861100000000001,-0.31651999999999997
51.7568,1.56774,-0.344528
51.8124,1.54789,-0.369819
51.8679,1.52671,-0.391874
51.9235,1.50442,-0.410167
51.979,1.48122,-0.424167
52.0346,1.45738,-0.433338
52.0901,1.43318,-0.43715
52.1457,1.40893,-0.435084
52.2012,1.38496,-0.42665600000000004
52.2579,1.36121,-0.411076
52.3168,1.33765,-0.38697800000000004
52.3789,1.31464,-0.352705
52.445,1.2928,-0.306224
52.5168,1.27295,-0.244957
52.5972,1.2564,-0.165377
52.6936,1.2454399999999999,-0.061074500000000004
52.8327,1.2472,0.0819836
52.9481,1.26191,0.165202
53.0271,1.27617,0.191462
53.0967,1.2896100000000001,0.19083599999999998
53.1663,1.30224,0.168372
53.236000000000004,1.31261,0.12648399999999999
53.2974,1.31889,0.0762091
53.3588,1.3217700000000001,0.016124
53.4202,1.3207200000000001,-0.0514606
53.483999999999995,1.31502,-0.127754
53.5521,1.30341,-0.21431799999999998
53.6267,1.2837100000000001,-0.314803
53.7113,1.252,-0.43645600000000007
53.8066,1.2033200000000002,-0.587543
53.8868,1.15054,-0.733136
53.9669,1.08503,-0.908107
54.0344,1.01777,-1.09391
54.1018,0.9361280000000001,-1.33985
54.1606,0.8491280000000001,-1.63678
54.2067,0.766686,-1.95767
54.2434,0.688922,-2.29831
54.2744,0.611929,-2.67219
54.3016,0.53408,-3.0859099999999997
54.3287,0.44360900000000003,-3.6082
54.3503,0.360317,-4.12363
54.3719,0.264753,-4.7484
54.3904,0.170711,-5.38917
54.409,0.0637834,-6.136430000000001
54.4276,-0.05805419999999999,-6.993310000000001
54.4462,-0.19675399999999998,-7.946969999999999
54.4648,-0.353781,-8.95536
54.4822,-0.5183979999999999,-9.87582
54.4961,-0.659665,-10.5082
54.5099,-0.808614,-10.9718
54.5214,-0.935573,-11.1681
54.5328,-1.06359,-11.15
54.5443,-1.19003,-10.8901
54.5557,-1.31207,-10.3838
54.5672,-1.4269999999999998,-9.6537
54.57899999999999,-1.53588,-8.71457
54.59,-1.62599,-7.74069
54.6011,-1.70616,-6.71392
54.6122,-1.77499,-5.7043
54.6233,-1.83293,-4.7568
54.6343,-1.88085,-3.9010800000000003
54.6457,-1.9207599999999998,-3.1343799999999997
54.6571,-1.9526,-2.48327
54.6668,-1.9743400000000002,-2.01579
54.6765,-1.9919,-1.62134
54.6862,-2.00596,-1.29185
54.6958,-2.0171099999999997,-1.0188
54.7055,-2.02585,-0.7939689999999999
54.7152,-2.03262,-0.60974
54.725,-2.03783,-0.457837
54.7351,-2.04177,-0.33161999999999997
54.7454,-2.0446400000000002,-0.22699499999999997
54.7562,-2.0466,-0.140647
54.7673,-2.04775,-0.069753
54.7789,-2.04822,-0.011878299999999998
54.7911,-2.04806,0.0350821
54.8039,-2.04736,0.07295
54.8173,-2.04617,0.1033
54.8316,-2.04452,0.127486
54.8466,-2.04244,0.146668
54.8627,-2.0399599999999998,0.161828
54.8798,-2.03708,0.173789
54.8982,-2.0338,0.183229
54.9179,-2.0301,0.19069
54.9392,-2.02598,0.19659100000000002
54.9621,-2.02141,0.201234
54.9869,-2.01638,0.204812
55.0135,-2.0109,0.207416
55.0418,-2.00501,0.20905900000000002
55.0716,-1.9987700000000002,0.20970300000000003
55.1024,-1.9923,0.209294
55.1341,-1.9856900000000002,0.207787
55.1664,-1.9790299999999998,0.20515500000000003
55.199,-1.97238,0.201381
55.2321,-1.9658099999999998,0.196453
55.2655,-1.95934,0.190366
55.2994,-1.95301,0.183116
55.3337,-1.9468599999999998,0.174702
55.3687,-1.94092,0.165124
55.4044,-1.9352200000000002,0.154387
55.441,-1.9297799999999998,0.142491
55.4787,-1.92465,0.12943
55.518,-1.9198400000000002,0.11517100000000001
55.5595,-1.9153799999999999,0.0996137
55.6047,-1.91127,0.08243810000000001
55.6582,-1.9074,0.062174099999999996
55.7035,-1.9049599999999998,0.0455786
55.7488,-1.90326,0.029869999999999997
55.7883,-1.9023299999999999,0.0171642
55.8278,-1.90189,0.00561593
55.8673,-1.9018700000000002,-0.00458122
55.9068,-1.9022299999999999,-0.0132592
55.9464,-1.9029,-0.0202788
55.9859,-1.9038099999999998,-0.025532
56.0254,-1.9048900000000002,-0.028942700000000002
56.0601,-1.90592,-0.030382799999999998
56.0948,-1.90698,-0.030359300000000002
56.1295,-1.9080099999999998,-0.028880700000000002
56.1641,-1.90897,-0.025972000000000002
56.1988,-1.9098,-0.021673599999999998
56.2335,-1.9104599999999998,-0.0160399
56.2682,-1.9109,-0.00913775
56.3029,-1.91108,-0.00104483
56.3381,-1.91095,0.00828803
56.3737,-1.9104700000000001,0.0188145
56.4101,-1.9095799999999998,0.0305079
56.4472,-1.90821,0.0433524
56.4853,-1.90629,0.05734740000000001
56.5247,-1.90373,0.07252
56.566,-1.90041,0.0889518
56.6098,-1.89611,0.106852
56.6583,-1.8904599999999998,0.126822
56.7203,-1.88179,0.15225
56.7659,-1.87444,0.170435
56.8115,-1.86627,0.187905
56.8571,-1.85732,0.2044
56.9027,-1.84765,0.21966
56.9421,-1.83876,0.23166399999999998
56.9815,-1.8294099999999998,0.242403
57.0209,-1.8196700000000001,0.251727
57.0603,-1.8095900000000003,0.259494
57.0997,-1.7992400000000002,0.26557
57.1391,-1.7886900000000001,0.269835
57.1785,-1.7780099999999999,0.272181
57.2179,-1.7672700000000001,0.272514
57.2573,-1.75656,0.270762
57.2967,-1.74596,0.266873
57.3361,-1.7355599999999998,0.260822
57.3755,-1.72543,0.25261100000000003
57.4149,-1.7156799999999999,0.242275
57.4551,-1.70618,0.22960500000000003
57.4962,-1.69705,0.214585
57.5382,-1.68838,0.197187
57.5816,-1.6802599999999999,0.17739100000000002
57.6265,-1.67278,0.155175
57.6737,-1.66603,0.130477
57.7243,-1.6601299999999999,0.103073
57.7813,-1.65514,0.07198969999999999
57.8348,-1.65205,0.0435707
57.8914,-1.6504,0.0154506
57.9386,-1.65018,-0.00572626
57.9858,-1.6509,-0.0241917
58.033,-1.65241,-0.03945
58.0803,-1.6545599999999998,-0.0511075
58.1275,-1.6571799999999999,-0.058885900000000005
58.169,-1.6597099999999998,-0.0623918
58.2105,-1.66232,-0.0627406
58.2521,-1.66487,-0.05996459999999999
58.2936,-1.66725,-0.0541543
58.3351,-1.66933,-0.045449800000000005
58.3767,-1.6709900000000002,-0.03403130000000001
58.4182,-1.67212,-0.0201097
58.4597,-1.6726299999999998,-0.00391805
58.501999999999995,-1.67241,0.014622899999999998
58.5451,-1.67134,0.0354457
58.5895,-1.6692599999999997,0.058526
58.6354,-1.66599,0.08390039999999999
58.6836,-1.6612900000000002,0.11171500000000001
58.735,-1.6547599999999998,0.142354
58.7919,-1.64568,0.17691400000000002
58.8649,-1.63114,0.221269
58.9204,-1.61792,0.254343
58.976000000000006,-1.6029,0.286248
59.0316,-1.5861399999999999,0.31646799999999997
59.0871,-1.56777,0.344487
59.1427,-1.5479100000000001,0.369788
59.1983,-1.52674,0.391853
59.2538,-1.50444,0.410154
59.3094,-1.48124,0.42416000000000004
59.365,-1.45739,0.43333599999999994
59.4205,-1.43318,0.43715
59.4761,-1.4089200000000002,0.435084
59.5316,-1.38495,0.426651
59.5883,-1.3612,0.41106899999999996
59.6472,-1.33764,0.386967
59.7093,-1.31464,0.352689
59.7754,-1.2927899999999999,0.306202
59.8472,-1.27294,0.244929
59.9276,-1.25639,0.16534100000000002
60.023999999999994,-1.2454399999999999,0.061025800000000005
60.1632,-1.24721,-0.0820451
60.2785,-1.26191,-0.165219
60.3575,-1.2761799999999999,-0.191467
60.4271,-1.28962,-0.190832
60.4967,-1.30224,-0.16836199999999998
60.5664,-1.31261,-0.12647
60.6278,-1.31889,-0.0761908
60.6892,-1.3217700000000001,-0.0161027
60.7506,-1.32071,0.05148440000000001
60.8145,-1.31502,0.127781
60.8825,-1.30341,0.21434899999999998
60.9571,-1.2837100000000001,0.31484
61.0417,-1.25199,0.43650100000000003
61.1371,-1.2033,0.587597
61.2172,-1.15052,0.733191
61.2973,-1.08501,0.9081670000000001
61.3648,-1.01775,1.09398
61.4322,-0.936098,1.33995
61.49100000000001,-0.8490969999999999,1.63689
61.5371,-0.766659,1.9577900000000001
61.5738,-0.688894,2.2984400000000003
61.6048,-0.6119020000000001,2.67233
61.6319,-0.534053,3.08607
61.6591,-0.44358100000000006,3.60837
61.6807,-0.360288,4.123819999999999
61.7022,-0.26472199999999996,4.7486
61.7208,-0.170678,5.3894
61.7394,-0.06374780000000001,6.13668
61.758,0.0580923,6.993580000000001
61.7766,0.196794,7.94724
61.7952,0.353823,8.95562
61.8126,0.518429,9.87598
61.8265,0.659693,10.5083
61.8403,0.808639,10.9718
61.8518,0.9355979999999999,11.1682
61.8632,1.06361,11.15
61.8747,1.19005,10.89
61.8861,1.31209,10.3837
61.8976,1.4270200000000002,9.65358
61.9094,1.53589,8.7144
61.9204,1.626,7.74052
61.9315,1.70617,6.713769999999999
61.9425,1.775,5.70418
61.9536,1.83293,4.75671
61.9647,1.88085,3.90101
61.9761,1.9207599999999998,3.1343400000000003
61.9875,1.95261,2.48325
61.9972,1.9743400000000002,2.01578
62.0069,1.9919,1.62134
62.0165,2.00596,1.2918399999999999
62.0262,2.0171099999999997,1.0188
62.0359,2.02585,0.793964
62.0456,2.03262,0.609736
62.0554,2.03783,0.457833
62.0654,2.04177,0.331617
62.0758,2.0446400000000002,0.226992
62.0865,2.0466,0.140645
62.0977,2.04775,0.0697513
62.1093,2.04822,0.0118769
62.1215,2.04806,-0.0350832
62.1343,2.04736,-0.07295089999999999
62.1477,2.04617,-0.1033
62.1619,2.04452,-0.127487
62.177,2.04244,-0.146668
62.1931,2.0399599999999998,-0.161828
62.2102,2.03708,-0.173789
62.2286,2.0338,-0.183229
62.2483,2.0301,-0.19069
62.2696,2.02598,-0.19659100000000002
62.2925,2.02141,-0.201235
62.3173,2.01638,-0.204812
62.3439,2.0109,-0.207416
62.3722,2.00501,-0.20905900000000002
62.4019,1.9987700000000002,-0.20970300000000003
62.4328,1.9923,-0.209294
62.4645,1.9856900000000002,-0.207787
62.4968,1.9790299999999998,-0.20515500000000003
62.5294,1.97238,-0.201381
62.5625,1.9658099999999998,-0.196453
62.5959,1.95934,-0.190366
62.6298,1.95301,-0.183116
62.6641,1.9468599999999998,-0.174701
62.6991,1.94092,-0.165124
62.7348,1.9352200000000002,-0.154386
62.7714,1.9297799999999998,-0.142491
62.8091,1.92465,-0.129429
62.8484,1.9198400000000002,-0.11517100000000001
62.8899,1.9153799999999999,-0.0996132
62.935,1.91127,-0.08243769999999999
62.9886,1.9074,-0.0621735
63.0339,1.9049599999999998,-0.0455781
63.0792,1.90326,-0.0298695
63.1187,1.9023299999999999,-0.0171638
63.1582,1.90189,-0.005615600000000001
63.1977,1.9018700000000002,0.0045815
63.2372,1.9022299999999999,0.0132594
63.2767,1.9029,0.020279
63.3163,1.9038099999999998,0.0255321
63.3558,1.9048900000000002,0.0289428
63.3905,1.90592,0.030382799999999998
63.4251,1.90698,0.030359300000000002
63.4598,1.9080099999999998,0.028880700000000002
63.4945,1.90897,0.0259719
63.5292,1.9098,0.021673400000000002
63.5639,1.9104599999999998,0.0160397
63.5986,1.9109,0.00913754
63.6333,1.91108,0.00104459
63.6684,1.91095,-0.0082883
63.7041,1.9104700000000001,-0.0188148
63.7404,1.9095799999999998,-0.0305082
63.7776,1.90821,-0.0433527
63.8157,1.90629,-0.057347800000000004
63.8551,1.90373,-0.0725204
63.8963,1.90041,-0.0889523
63.9402,1.89611,-0.106852
63.9886,1.8904599999999998,-0.126823
64.0507,1.88179,-0.152251
64.0963,1.87444,-0.170435
64.1419,1.86627,-0.187906
64.1875,1.85732,-0.2044
64.233,1.84765,-0.21966
64.2724,1.83876,-0.23166399999999998
64.3118,1.8294099999999998,-0.242403
64.3512,1.8196700000000001,-0.251727
64.3906,1.8095900000000003,-0.259494
64.43,1.7992400000000002,-0.265571
64.4694,1.7886900000000001,-0.269836
64.5089,1.7780099999999999,-0.272181
64.5483,1.7672700000000001,-0.272514
64.5877,1.75656,-0.270762
64.6271,1.74596,-0.266873
64.6665,1.73555,-0.260821
64.7059,1.72543,-0.25261
64.7453,1.7156799999999999,-0.242274
64.7855,1.70618,-0.22960500000000003
64.8265,1.69705,-0.214585
64.8686,1.68838,-0.197187
64.9119,1.6802599999999999,-0.17739100000000002
64.9569,1.67278,-0.155174
65.0041,1.66603,-0.130476
65.0547,1.6601299999999999,-0.103072
65.1117,1.65514,-0.07198860000000001
65.1652,1.65205,-0.043574400000000006
65.2217,1.6504,-0.0154548
65.26899999999999,1.65018,0.00572281
65.3162,1.6508900000000002,0.024189
65.3634,1.65241,0.0394479
65.4106,1.6545599999999998,0.051106099999999995
65.4579,1.6571799999999999,0.0588851
65.4994,1.6597099999999998,0.06239159999999999
65.5409,1.66232,0.0627408
65.5825,1.66487,0.059965199999999996
65.624,1.66725,0.054155299999999996
65.6655,1.66933,0.0454512
65.707,1.6709900000000002,0.0340331
65.7486,1.67212,0.0201118
65.7901,1.6726299999999998,0.00392046
65.8323,1.67241,-0.0146202
65.8755,1.67134,-0.0354426
65.9199,1.6692599999999997,-0.0585227
65.9658,1.66599,-0.08389680000000001
66.0139,1.6612900000000002,-0.11171099999999999
66.0653,1.65477,-0.14235
66.1222,1.64568,-0.17690899999999998
66.1953,1.63114,-0.221261
66.2508,1.6179299999999999,-0.254335
66.3064,1.6029,-0.286242
66.3619,1.58615,-0.316463
66.4175,1.56777,-0.344483
66.4731,1.54792,-0.369785
66.5286,1.52674,-0.39185
66.5842,1.50444,-0.410152
66.6398,1.48124,-0.424159
66.6953,1.45739,-0.43333599999999994
66.7509,1.43318,-0.43715
66.8065,1.4089200000000002,-0.435084
66.862,1.38495,-0.426651
66.9186,1.3612,-0.41106800000000004
66.9776,1.33764,-0.386966
67.0397,1.31463,-0.352688
67.1058,1.2927899999999999,-0.3062
67.1776,1.27294,-0.24492600000000003
67.258,1.25639,-0.16533699999999998
67.3544,1.2454399999999999,-0.06102080000000001
67.4936,1.24721,0.08205130000000001
67.6089,1.26191,0.16522
67.6879,1.2761799999999999,0.191467
67.7575,1.28962,0.190832
67.8271,1.30224,0.16836099999999998
67.8967,1.31261,0.126468
67.9582,1.31889,0.07618899999999999
68.0196,1.3217700000000001,0.0161005
68.081,1.32071,-0.051486800000000006
68.1448,1.31502,-0.12778399999999998
68.2129,1.30341,-0.214352
68.2875,1.2837,-0.314843
68.3721,1.25199,-0.43650600000000006
68.4675,1.20329,-0.587603
68.5476,1.15052,-0.733197
68.6277,1.08501,-0.908173
68.6952,1.0177399999999999,-1.09399
68.7626,0.9360950000000001,-1.33996
68.8214,0.849094,-1.6369
68.8675,0.766656,-1.9578
68.9041,0.6888920000000001,-2.29845
68.9352,0.611899,-2.67234
68.9623,0.53405,-3.08608
68.9894,0.443578,-3.60839
69.01100000000001,0.36028499999999997,-4.12383
69.0326,0.264719,-4.74862
69.0512,0.170674,-5.389419999999999
69.0698,0.0637442,-6.1367
69.0884,-0.0580962,-6.9936
69.107,-0.196798,-7.94727
69.1255,-0.353827,-8.955639999999999
69.143,-0.518433,-9.876
69.1569,-0.659696,-10.5083
69.1707,-0.8086409999999999,-10.9718
69.1822,-0.9356,-11.1682
69.1936,-1.06361,-11.15
69.2051,-1.19005,-10.89
69.2165,-1.31209,-10.3837
69.22800000000001,-1.4270200000000002,-9.65356
69.2398,-1.5359,-8.71439
69.2507,-1.626,-7.7405
69.2618,-1.70617,-6.71375
69.2729,-1.775,-5.70416
69.28399999999999,-1.83293,-4.7567
69.2951,-1.88085,-3.90101
69.3065,-1.9207599999999998,-3.1343400000000003
69.3179,-1.95261,-2.48325
69.3276,-1.9743400000000002,-2.0157700000000003
69.3372,-1.9919,-1.62133
69.3469,-2.00596,-1.2918399999999999
69.3566,-2.0171099999999997,-1.0188
69.3663,-2.02585,-0.793963
69.376,-2.03262,-0.609735
69.3858,-2.03783,-0.457833
69.3958,-2.04177,-0.33161599999999997
69.4062,-2.0446400000000002,-0.226992
69.4169,-2.0466,-0.140645
69.4281,-2.04775,-0.06975110000000001
69.4397,-2.04822,-0.0118767
69.4519,-2.04806,0.035083300000000005
69.4646,-2.04736,0.072951
69.4781,-2.04617,0.103301
69.4923,-2.04452,0.127487
69.5074,-2.04244,0.146668
69.5234,-2.0399599999999998,0.161828
69.5406,-2.03708,0.17379
69.5589,-2.0338,0.183229
69.5787,-2.0301,0.19069
69.6,-2.02598,0.19659100000000002
69.6229,-2.02141,0.201235
69.6477,-2.01638,0.204812
69.6743,-2.0109,0.207416
69.7026,-2.00501,0.20905900000000002
69.7323,-1.9987700000000002,0.20970300000000003
69.7632,-1.9923,0.209294
69.7949,-1.9856900000000002,0.207787
69.8271,-1.9790299999999998,0.20515500000000003
69.8598,-1.97238,0.201381
69.8929,-1.9658099999999998,0.196453
69.9263,-1.95934,0.190366
69.9601,-1.95301,0.183116
69.9945,-1.9468599999999998,0.174701
70.0294,-1.94092,0.165124
70.0651,-1.9352200000000002,0.154386
70.1017,-1.9297799999999998,0.142491
70.1395,-1.92465,0.129429
70.1788,-1.9198400000000002,0.11517100000000001
70.2203,-1.9153799999999999,0.0996132
70.2654,-1.91127,0.08243760000000001
70.319,-1.9074,0.062173400000000004
70.3643,-1.9049599999999998,0.045578
70.4096,-1.90326,0.0298695
70.4491,-1.9023299999999999,0.0171638
70.4886,-1.90189,0.00561556
70.5281,-1.9018700000000002,-0.00458153
70.5676,-1.9022299999999999,-0.0132594
70.6071,-1.9029,-0.020279
70.6466,-1.9038099999999998,-0.0255321
70.6862,-1.9048900000000002,-0.0289428
70.7208,-1.90592,-0.030382799999999998
70.7555,-1.90698,-0.030359300000000002
70.7902,-1.9080099999999998,-0.028880700000000002
70.8249,-1.90897,-0.0259719
70.8596,-1.9098,-0.021673400000000002
70.8943,-1.9104599999999998,-0.0160397
70.929,-1.9109,-0.00913752
70.9637,-1.91108,-0.00104457
70.9988,-1.91095,0.00828833
71.0345,-1.9104700000000001,0.0188148
71.0708,-1.9095799999999998,0.0305082
71.1079,-1.90821,0.043352800000000004
71.1461,-1.90629,0.05734790000000001
71.1855,-1.90373,0.0725205
71.2267,-1.90041,0.0889523
71.2706,-1.89611,0.106852
71.319,-1.8904599999999998,0.126823
71.3811,-1.88179,0.152251
71.4267,-1.87444,0.170435
71.4723,-1.86627,0.187906
71.5178,-1.85732,0.2044
71.5634,-1.84765,0.21966
71.6028,-1.83876,0.23166399999999998
71.6422,-1.8294099999999998,0.242403
71.6816,-1.8196700000000001,0.251727
71.721,-1.8095900000000003,0.259494
71.7604,-1.7992400000000002,0.265571
71.7998,-1.7886900000000001,0.269836
71.8392,-1.7780099999999999,0.272181
71.8786,-1.7672700000000001,0.272514
71.918,-1.75656,0.270762
71.9574,-1.74596,0.266873
71.9968,-1.73555,0.260821
72.0362,-1.72543,0.25261
72.0756,-1.7156799999999999,0.242274
72.1159,-1.70618,0.22960500000000003
72.1569,-1.69705,0.21458400000000002
72.199,-1.68838,0.197187
72.2423,-1.6802599999999999,0.17739100000000002
72.2873,-1.67278,0.155174
72.3345,-1.66603,0.130476
72.3851,-1.6601299999999999,0.103072
72.442,-1.65514,0.0719885
72.4955,-1.65205,0.043574800000000004
72.5521,-1.6504,0.015455200000000002
72.5993,-1.65018,-0.00572246
72.6466,-1.6508900000000002,-0.0241887
72.6938,-1.65241,-0.039447699999999995
72.741,-1.6545599999999998,-0.051106
72.7882,-1.6571799999999999,-0.0588851
72.8298,-1.6597099999999998,-0.062391499999999996
72.8713,-1.66232,-0.0627408
72.9128,-1.66487,-0.0599653
72.9544,-1.66725,-0.0541554
72.9959,-1.66933,-0.0454514
73.0374,-1.6709900000000002,-0.0340332
73.079,-1.67212,-0.020112
73.1205,-1.6726299999999998,-0.00392071
73.1627,-1.67241,0.014619899999999998
73.2059,-1.67134,0.0354423
73.2502,-1.6692599999999997,0.0585224
73.2962,-1.66599,0.0838964
73.3443,-1.6612900000000002,0.11170999999999999
73.3957,-1.65477,0.14235
73.4526,-1.64568,0.17690799999999998
73.5256,-1.63114,0.22125999999999998
73.5812,-1.6179299999999999,0.254335
73.6368,-1.6029,0.28624099999999997
73.6923,-1.58615,0.31646199999999997
73.7479,-1.56777,0.344482
73.8035,-1.54792,0.369785
73.859,-1.52674,0.39185
73.9146,-1.50444,0.410152
73.9702,-1.48124,0.424159
74.0257,-1.45739,0.43333599999999994
74.0813,-1.43318,0.43715
74.1368,-1.4089200000000002,0.435084
74.1924,-1.38495,0.426651
74.249,-1.3612,0.41106800000000004
74.308,-1.33764,0.386965
74.3701,-1.31463,0.352688
74.4362,-1.2927899999999999,0.3062
74.508,-1.27294,0.24492600000000003
74.5883,-1.25639,0.16533699999999998
74.6848,-1.2454399999999999,0.0610203
74.8239,-1.24721,-0.082052
74.9393,-1.26191,-0.16522
75.0182,-1.2761799999999999,-0.191467
75.0879,-1.28962,-0.190832
75.1575,-1.30224,-0.16835999999999998
75.2271,-1.31261,-0.126468
75.2885,-1.31889,-0.0761888
75.3499,-1.3217700000000001,-0.016100299999999998
75.4114,-1.32071,0.051487
75.4752,-1.31502,0.12778399999999998
75.5432,-1.30341,0.21435300000000002
75.6179,-1.2837,0.314844
75.7025,-1.25199,0.43650600000000006
75.7978,-1.20329,0.587603
75.878,-1.15052,0.7331979999999999
75.9581,-1.08501,0.908173
76.0256,-1.0177399999999999,1.09399
76.093,-0.9360950000000001,1.33996
76.1518,-0.849093,1.6369
76.1979,-0.766655,1.9578
76.2345,-0.688891,2.29845
76.2656,-0.611899,2.67235
76.2927,-0.534049,3.08608
76.3198,-0.443578,3.60839
76.3414,-0.360284,4.12384
76.363,-0.264718,4.74863
76.3816,-0.170674,5.38943
76.4002,-0.0637438,6.13671
76.4188,0.0580966,6.99361
76.4373,0.196799,7.94727
76.4559,0.35382800000000003,8.95565
76.4734,0.518433,9.876
76.4872,0.659696,10.5083
76.5011,0.808642,10.9718
76.5125,0.9356,11.1682
76.524,1.06361,11.15
76.5354,1.19005,10.89
76.5469,1.31209,10.3837
76.5583,1.4270200000000002,9.65356
76.5702,1.5359,8.71439
76.5811,1.626,7.7405
76.5922,1.70617,6.71375
76.6033,1.775,5.70416
76.6144,1.8329400000000002,4.7567
76.6255,1.88085,3.90101
76.6369,1.9207599999999998,3.1343400000000003
76.6482,1.95261,2.48325
76.6579,1.9743400000000002,2.0157700000000003
76.6676,1.9919,1.62133
76.6773,2.00596,1.2918399999999999
76.687,2.0171099999999997,1.0188
76.6967,2.02585,0.793963
76.7064,2.03262,0.609735
76.7162,2.03783,0.457833
76.7262,2.04177,0.33161599999999997
76.7366,2.0446400000000002,0.226992
76.7473,2.0466,0.140645
76.7585,2.04775,0.06975110000000001
76.7701,2.04822,0.0118767
76.7823,2.04806,-0.035083300000000005
76.795,2.04736,-0.072951
76.8085,2.04617,-0.103301
76.8227,2.04452,-0.127487
76.8378,2.04244,-0.146668
76.8538,2.0399599999999998,-0.161828
76.87100000000001,2.03708,-0.17379
76.8893,2.0338,-0.183229
76.9091,2.0301,-0.19069
76.9303,2.02598,-0.19659100000000002
76.9533,2.02141,-0.201235
76.9781,2.01638,-0.204812
77.0046,2.0109,-0.207416
77.0329,2.00501,-0.20905900000000002
77.0627,1.9987700000000002,-0.20970300000000003
77.0936,1.9923,-0.209294
77.1253,1.9856900000000002,-0.207787
77.1575,1.9790299999999998,-0.20515500000000003
77.1902,1.97238,-0.201381
77.2232,1.9658099999999998,-0.196453
77.2567,1.95934,-0.190366
77.2905,1.95301,-0.183116
77.3249,1.9468599999999998,-0.174701
77.3598,1.94092,-0.165124
77.3955,1.9352200000000002,-0.154386
77.4321,1.9297799999999998,-0.142491
77.4699,1.92465,-0.129429
77.5092,1.9198400000000002,-0.11517100000000001
77.5507,1.9153799999999999,-0.0996132
77.5958,1.91127,-0.08243760000000001
77.6494,1.9074,-0.062173400000000004
77.6947,1.9049599999999998,-0.045578
77.7399,1.90326,-0.0298695
77.7795,1.9023299999999999,-0.0171638
77.819,1.90189,-0.00561556
77.8585,1.9018700000000002,0.00458154
77.898,1.9022299999999999,0.0132594
77.9375,1.9029,0.020279
77.977,1.9038099999999998,0.0255321
78.0165,1.9048900000000002,0.0289428
78.0512,1.90592,0.030382799999999998
78.0859,1.90698,0.030359300000000002
78.1206,1.9080099999999998,0.028880700000000002
78.1553,1.90897,0.0259719
78.19,1.9098,0.021673400000000002
78.2247,1.9104599999999998,0.0160397
78.2593,1.9109,0.00913752
78.294,1.91108,0.00104456
78.3292,1.91095,-0.00828833
78.3649,1.9104700000000001,-0.0188148
78.4012,1.9095799999999998,-0.0305082
78.4383,1.90821,-0.043352800000000004
78.4764,1.90629,-0.05734790000000001
78.5159,1.90373,-0.0725205
78.5571,1.90041,-0.0889523
78.601,1.89611,-0.106852
78.6494,1.8904599999999998,-0.126823
78.7115,1.88179,-0.152251
78.7571,1.87444,-0.170435
78.8026,1.86627,-0.187906
78.8482,1.85732,-0.2044
78.8938,1.84765,-0.21966
78.9332,1.83876,-0.23166399999999998
78.9726,1.8294099999999998,-0.242403
79.012,1.8196700000000001,-0.251727
79.0514,1.8095900000000003,-0.259494
79.0908,1.7992400000000002,-0.265571
79.1302,1.7886900000000001,-0.269836
79.1696,1.7780099999999999,-0.272181
79.209,1.7672700000000001,-0.272514
79.2484,1.75656,-0.270762
79.2878,1.74596,-0.266873
79.3272,1.73555,-0.260821
79.3666,1.72543,-0.25261
79.406,1.7156799999999999,-0.242274
79.4463,1.70618,-0.22960500000000003
79.4873,1.69705,-0.21458400000000002
79.5294,1.68838,-0.197187
79.5727,1.6802599999999999,-0.17739100000000002
79.6177,1.67278,-0.155174
79.6649,1.66603,-0.130476
79.7155,1.6601299999999999,-0.103072
79.7724,1.65514,-0.0719885
79.8259,1.65205,-0.0435749
79.8825,1.6504,-0.015455200000000002
79.9297,1.65018,0.00572242
79.9769,1.6508900000000002,0.0241887
80.0242,1.65241,0.039447699999999995
80.0714,1.6545599999999998,0.051106
80.1186,1.6571799999999999,0.0588851
80.1602,1.6597099999999998,0.062391499999999996
80.2017,1.66232,0.0627408
80.2432,1.66487,0.0599653
80.2848,1.66725,0.0541554
80.3263,1.66933,0.0454514
80.3678,1.6709900000000002,0.0340333
80.4093,1.67212,0.020112
80.4509,1.6726299999999998,0.00392073
80.4931,1.67241,-0.014619899999999998
80.5363,1.67134,-0.0354423
80.5806,1.6692599999999997,-0.058522300000000006
80.6266,1.66599,-0.0838964
80.6747,1.6612900000000002,-0.11170999999999999
80.7261,1.65477,-0.142349
80.783,1.64568,-0.17690799999999998
80.85600000000001,1.63114,-0.22125999999999998
80.9116,1.6179299999999999,-0.254334
80.9671,1.6029,-0.28624099999999997
81.0227,1.58615,-0.31646199999999997
81.0783,1.56777,-0.344482
81.1338,1.54792,-0.369785
81.1894,1.52674,-0.39185
81.245,1.50444,-0.410152
81.3005,1.48124,-0.424159
81.3561,1.45739,-0.43333599999999994
81.4117,1.43318,-0.43715
81.4672,1.4089200000000002,-0.435084
81.5228,1.38495,-0.426651
81.5794,1.3612,-0.41106800000000004
81.6384,1.33764,-0.386965
81.7004,1.31463,-0.352688
81.7666,1.2927899999999999,-0.3062
81.8384,1.27294,-0.24492600000000003
81.9187,1.25639,-0.16533699999999998
82.0152,1.2454399999999999,-0.0610203
82.1543,1.24721,0.0820521
82.2697,1.26191,0.16522
82.3486,1.2761799999999999,0.191467
82.4182,1.28962,0.190832
82.4879,1.30224,0.16835999999999998
82.5575,1.31261,0.126468
82.6189,1.31889,0.0761887
82.6803,1.3217700000000001,0.016100299999999998
82.7417,1.32071,-0.0514871
82.8056,1.31502,-0.12778399999999998
82.8736,1.30341,-0.21435300000000002
82.9482,1.2837,-0.314844
83.0328,1.25199,-0.43650600000000006
83.1282,1.20329,-0.587603
83.2084,1.15052,-0.7331979999999999
83.2885,1.08501,-0.908173
83.3559,1.0177399999999999,-1.09399
83.4234,0.9360950000000001,-1.33996
83.4822,0.849093,-1.6369
83.5282,0.766655,-1.9578
83.5649,0.688891,-2.29845
83.596,0.6118979999999999,-2.67235
83.6231,0.534049,-3.08608
83.6502,0.443578,-3.60839
83.6718,0.360284,-4.12384
83.6934,0.264718,-4.74863
83.712,0.170674,-5.38943
83.7306,0.0637438,-6.13671
83.7491,-0.0580966,-6.99361
83.7677,-0.196799,-7.94727
83.7863,-0.35382800000000003,-8.95565
83.8038,-0.518433,-9.876
83.8176,-0.659696,-10.5083
83.8315,-0.808642,-10.9718
83.8429,-0.935601,-11.1682
83.8544,-1.06361,-11.15
83.8658,-1.19005,-10.89
83.8773,-1.31209,-10.3837
83.8887,-1.4270200000000002,-9.65356
83.9006,-1.5359,-8.71438
83.9115,-1.626,-7.7405
83.9226,-1.70617,-6.71375
83.9337,-1.775,-5.70416
83.9448,-1.8329400000000002,-4.7567
83.9559,-1.88085,-3.90101
83.9673,-1.9207599999999998,-3.1343400000000003
83.9786,-1.95261,-2.48325
83.9883,-1.9743400000000002,-2.0157700000000003
83.99799999999999,-1.9919,-1.62133
84.0077,-2.00596,-1.2918399999999999
84.0174,-2.0171099999999997,-1.0188
84.0271,-2.02585,-0.793963
84.0368,-2.03262,-0.609735
84.0466,-2.03783,-0.457833
84.0566,-2.04177,-0.33161599999999997
84.06700000000001,-2.0446400000000002,-0.226992
84.0777,-2.0466,-0.140645
84.0888,-2.04775,-0.06975110000000001
84.1005,-2.04822,-0.0118767
84.1126,-2.04806,0.035083300000000005
84.1254,-2.04736,0.072951
84.1389,-2.04617,0.103301
84.1531,-2.04452,0.127487
84.1682,-2.04244,0.146668
84.1842,-2.0399599999999998,0.161828
84.2014,-2.03708,0.17379
84.2197,-2.0338,0.183229
84.2394,-2.0301,0.19069
84.2607,-2.02598,0.19659100000000002
84.2837,-2.02141,0.201235
84.3084,-2.01638,0.204812
84.335,-2.0109,0.207416
84.3633,-2.00501,0.20905900000000002
84.3931,-1.9987700000000002,0.20970300000000003
84.42399999999999,-1.9923,0.209294
84.4557,-1.9856900000000002,0.207787
84.4879,-1.9790299999999998,0.20515500000000003
84.5206,-1.97238,0.201381
84.5536,-1.9658099999999998,0.196453
84.587,-1.95934,0.190366
84.6209,-1.95301,0.183116
84.6553,-1.9468599999999998,0.174701
84.6902,-1.94092,0.165124
84.7259,-1.9352200000000002,0.154386
84.7625,-1.9297799999999998,0.142491
84.8003,-1.92465,0.129429
84.8396,-1.9198400000000002,0.11517100000000001
84.8811,-1.9153799999999999,0.0996132
84.9262,-1.91127,0.08243760000000001
84.9797,-1.9074,0.062173400000000004
85.025,-1.9049599999999998,0.045578
85.0703,-1.90326,0.0298695
85.1098,-1.9023299999999999,0.0171638
85.1494,-1.90189,0.00561556
85.1889,-1.9018700000000002,-0.00458154
85.2284,-1.9022299999999999,-0.0132594
85.2679,-1.9029,-0.020279
85.3074,-1.9038099999999998,-0.0255321
85.3469,-1.9048900000000002,-0.0289428
85.3816,-1.90592,-0.030382799999999998
85.4163,-1.90698,-0.030359300000000002
85.45100000000001,-1.9080099999999998,-0.028880700000000002
85.4857,-1.90897,-0.0259719
85.5204,-1.9098,-0.021673400000000002
85.555,-1.9104599999999998,-0.0160397
85.5897,-1.9109,-0.00913752
85.6244,-1.91108,-0.00104456
85.6596,-1.91095,0.00828833
85.6953,-1.9104700000000001,0.0188148
85.7316,-1.9095799999999998,0.0305082
85.7687,-1.90821,0.043352800000000004
85.8068,-1.90629,0.05734790000000001
85.8463,-1.90373,0.0725205
85.8875,-1.90041,0.0889523
85.9314,-1.89611,0.106852
85.9798,-1.8904599999999998,0.126823
86.0419,-1.88179,0.152251
86.0874,-1.87444,0.170435
86.133,-1.86627,0.187906
86.1786,-1.85732,0.2044
86.2242,-1.84765,0.21966
86.2636,-1.83876,0.23166399999999998
86.303,-1.8294099999999998,0.242403
86.3424,-1.8196700000000001,0.251727
86.3818,-1.8095900000000003,0.259494
86.4212,-1.7992400000000002,0.265571
86.4606,-1.7886900000000001,0.269836
86.5,-1.7780099999999999,0.272181
86.5394,-1.7672700000000001,0.272514
86.5788,-1.75656,0.270762
86.6182,-1.74596,0.266873
86.6576,-1.73555,0.260821
86.697,-1.72543,0.25261
86.7364,-1.7156799999999999,0.242274
86.7766,-1.70618,0.22960500000000003
86.8177,-1.69705,0.21458400000000002
86.8598,-1.68838,0.197187
86.9031,-1.6802599999999999,0.17739100000000002
86.9481,-1.67278,0.155174
86.9953,-1.66603,0.130476
87.0458,-1.6601299999999999,0.103072
87.1028,-1.65514,0.0719885
87.1563,-1.65205,0.0435749
87.2129,-1.6504,0.015455200000000002
87.2601,-1.65018,-0.00572241
87.3073,-1.6508900000000002,-0.0241887
87.3546,-1.65241,-0.039447699999999995
87.4018,-1.6545599999999998,-0.051106
87.449,-1.6571799999999999,-0.0588851
87.4905,-1.6597099999999998,-0.062391499999999996
87.5321,-1.66232,-0.0627408
87.5736,-1.66487,-0.0599653
87.6151,-1.66725,-0.0541554
87.6567,-1.66933,-0.0454514
87.6982,-1.6709900000000002,-0.0340333
87.7397,-1.67212,-0.020112
87.7813,-1.6726299999999998,-0.00392074
87.8235,-1.67241,0.014619799999999999
87.8666,-1.67134,0.0354423
87.911,-1.6692599999999997,0.058522300000000006
87.95700000000001,-1.66599,0.08389630000000001
88.0051,-1.6612900000000002,0.11170999999999999
88.0565,-1.65477,0.142349
88.1134,-1.64568,0.17690799999999998
88.1864,-1.63114,0.22125999999999998
88.242,-1.6179299999999999,0.254334
88.2975,-1.6029,0.28624099999999997
88.3531,-1.58615,0.31646199999999997
88.4087,-1.56777,0.344482
88.4642,-1.54792,0.369785
88.5198,-1.52674,0.39185
88.5754,-1.50444,0.410152
88.6309,-1.48124,0.424159
88.6865,-1.45739,0.43333599999999994
88.742,-1.43318,0.43715
88.7976,-1.4089200000000002,0.435084
88.8532,-1.38495,0.426651
88.9098,-1.3612,0.41106800000000004
88.9688,-1.33764,0.386965
89.0308,-1.31463,0.352688
89.09700000000001,-1.2927899999999999,0.3062
89.1688,-1.27294,0.24492600000000003
89.2491,-1.25639,0.16533699999999998
89.3456,-1.2454399999999999,0.0610203
89.4847,-1.24721,-0.0820521
89.6001,-1.26191,-0.16522
89.679,-1.2761799999999999,-0.191467
89.7486,-1.28962,-0.190832
89.8183,-1.30224,-0.16835999999999998
89.8879,-1.31261,-0.126468
89.9493,-1.31889,-0.0761887
90.0107,-1.3217700000000001,-0.016100299999999998
90.0721,-1.32071,0.0514871
90.13600000000001,-1.31502,0.12778399999999998
90.204,-1.30341,0.21435300000000002
90.2786,-1.2837,0.314844
90.3632,-1.25199,0.43650600000000006
90.4586,-1.20329,0.587603
90.5387,-1.15052,0.7331979999999999
90.6189,-1.08501,0.908173
90.6863,-1.0177399999999999,1.09399
90.7538,-0.9360950000000001,1.33996
90.8125,-0.849093,1.6369
90.8586,-0.766655,1.9578
90.8953,-0.688891,2.29845
90.9264,-0.6118979999999999,2.67235
90.9535,-0.534049,3.08608
90.9806,-0.443578,3.60839
91.0022,-0.360284,4.12384
91.0238,-0.264718,4.74863
91.0424,-0.170674,5.38943
91.0609,-0.0637438,6.13671
91.0795,0.0580966,6.99361
91.0981,0.196799,7.94727
91.1167,0.35382800000000003,8.95565
91.1342,0.518433,9.876
91.148,0.659696,10.5083
91.1619,0.808642,10.9718
91.1733,0.935601,11.1682
91.1848,1.06361,11.15
91.1962,1.19005,10.89
91.2077,1.31209,10.3837
91.2191,1.4270200000000002,9.65356
91.23100000000001,1.5359,8.71438
91.2419,1.626,7.7405
91.25299999999999,1.70617,6.71375
91.2641,1.775,5.70416
91.2752,1.8329400000000002,4.7567
91.2863,1.88085,3.90101
91.2976,1.9207599999999998,3.1343400000000003
91.309,1.95261,2.48325
91.3187,1.9743400000000002,2.0157700000000003
91.3284,1.9919,1.62133
91.3381,2.00596,1.2918399999999999
91.3478,2.0171099999999997,1.0188
91.3575,2.02585,0.793963
91.3671,2.03262,0.609735
91.3769,2.03783,0.457833
91.387,2.04177,0.33161599999999997
91.3973,2.0446400000000002,0.226992
91.4081,2.0466,0.140645
91.4192,2.04775,0.06975110000000001
91.4309,2.04822,0.0118767
91.443,2.04806,-0.035083300000000005
91.4558,2.04736,-0.072951
91.4693,2.04617,-0.103301
91.4835,2.04452,-0.127487
91.4986,2.04244,-0.146668
91.5146,2.0399599999999998,-0.161828
91.5317,2.03708,-0.17379
91.5501,2.0338,-0.183229
91.5698,2.0301,-0.19069
91.5911,2.02598,-0.19659100000000002
91.6141,2.02141,-0.201235
91.6388,2.01638,-0.204812
91.6654,2.0109,-0.207416
91.6937,2.00501,-0.20905900000000002
91.7235,1.9987700000000002,-0.20970300000000003
91.7544,1.9923,-0.209294
91.786,1.9856900000000002,-0.207787
91.8183,1.9790299999999998,-0.20515500000000003
91.851,1.97238,-0.201381
91.884,1.9658099999999998,-0.196453
91.9174,1.95934,-0.190366
91.9513,1.95301,-0.183116
91.9856,1.9468599999999998,-0.174701
92.0206,1.94092,-0.165124
92.0563,1.9352200000000002,-0.154386
92.0929,1.9297799999999998,-0.142491
92.1306,1.92465,-0.129429
92.17,1.9198400000000002,-0.11517100000000001
92.2115,1.9153799999999999,-0.0996132
92.2566,1.91127,-0.08243760000000001
92.3101,1.9074,-0.062173400000000004
92.3554,1.9049599999999998,-0.045578
92.4007,1.90326,-0.0298695
92.4402,1.9023299999999999,-0.0171638
92.4797,1.90189,-0.00561556
92.5193,1.9018700000000002,0.00458154
92.5588,1.9022299999999999,0.0132594
92.5983,1.9029,0.020279
92.6378,1.9038099999999998,0.0255321
92.6773,1.9048900000000002,0.0289428
92.712,1.90592,0.030382799999999998
92.7467,1.90698,0.030359300000000002
92.7814,1.9080099999999998,0.028880700000000002
92.8161,1.90897,0.0259719
92.8507,1.9098,0.021673400000000002
92.8854,1.9104599999999998,0.0160397
92.9201,1.9109,0.00913752
92.9548,1.91108,0.00104456
92.99,1.91095,-0.00828833
93.0257,1.9104700000000001,-0.0188148
93.06200000000001,1.9095799999999998,-0.0305082
93.0991,1.90821,-0.043352800000000004
93.1372,1.90629,-0.05734790000000001
93.1766,1.90373,-0.0725205
93.2179,1.90041,-0.0889523
93.2618,1.89611,-0.106852
93.3102,1.8904599999999998,-0.126823
93.3722,1.88179,-0.152251
93.4178,1.87444,-0.170435
93.4634,1.86627,-0.187906
93.509,1.85732,-0.2044
93.5546,1.84765,-0.21966
93.594,1.83876,-0.23166399999999998
93.6334,1.8294099999999998,-0.242403
93.6728,1.8196700000000001,-0.251727
93.7122,1.8095900000000003,-0.259494
93.7516,1.7992400000000002,-0.265571
93.791,1.7886900000000001,-0.269836
93.8304,1.7780099999999999,-0.272181
93.8698,1.7672700000000001,-0.272514
93.9092,1.75656,-0.270762
93.9486,1.74596,-0.266873
93.988,1.73555,-0.260821
94.0274,1.72543,-0.25261
94.0668,1.7156799999999999,-0.242274
94.10700000000001,1.70618,-0.22960500000000003
94.1481,1.69705,-0.21458400000000002
94.1901,1.68838,-0.197187
94.2335,1.6802599999999999,-0.17739100000000002
94.2784,1.67278,-0.155174
94.3256,1.66603,-0.130476
94.3762,1.6601299999999999,-0.103072
94.4332,1.65514,-0.0719885
94.4867,1.65205,-0.0435749
94.5433,1.6504,-0.015455200000000002
94.5905,1.65018,0.00572241
94.6377,1.6508900000000002,0.0241887
94.6849,1.65241,0.039447699999999995
94.7322,1.6545599999999998,0.051106
94.7794,1.6571799999999999,0.0588851
94.8209,1.6597099999999998,0.062391499999999996
94.8625,1.66232,0.0627408
94.904,1.66487,0.0599653
94.9455,1.66725,0.0541554
94.98700000000001,1.66933,0.0454514
95.0286,1.6709900000000002,0.0340333
95.0701,1.67212,0.020112
95.1116,1.6726299999999998,0.00392074
95.1539,1.67241,-0.014619799999999999
95.197,1.67134,-0.0354423
95.2414,1.6692599999999997,-0.058522300000000006
95.2873,1.66599,-0.08389630000000001
95.3355,1.6612900000000002,-0.11170999999999999
95.3869,1.65477,-0.142349
95.4438,1.64568,-0.17690799999999998
95.5168,1.63114,-0.22125999999999998
95.5723,1.6179299999999999,-0.254334
95.6279,1.6029,-0.28624099999999997
95.6835,1.58615,-0.31646199999999997
95.73899999999999,1.56777,-0.344482
95.7946,1.54792,-0.369785
95.8502,1.52674,-0.39185
95.9057,1.50444,-0.410152
95.9613,1.48124,-0.424159
96.0169,1.45739,-0.43333599999999994
96.0724,1.43318,-0.43715
96.12799999999999,1.4089200000000002,-0.435084
96.1836,1.38495,-0.426651
96.2402,1.3612,-0.41106800000000004
96.2991,1.33764,-0.386965
96.3612,1.31463,-0.352688
96.4274,1.2927899999999999,-0.3062
96.4991,1.27294,-0.24492600000000003
96.5795,1.25639,-0.16533699999999998
96.6759,1.2454399999999999,-0.0610203
96.8151,1.24721,0.0820521
96.9304,1.26191,0.16522
97.0094,1.2761799999999999,0.191467
97.079,1.28962,0.190832
97.1486,1.30224,0.16835999999999998
97.2183,1.31261,0.126468
97.2797,1.31889,0.0761887
97.3411,1.3217700000000001,0.016100299999999998
97.4025,1.32071,-0.0514871
97.4664,1.31502,-0.12778399999999998
97.5344,1.30341,-0.21435300000000002
97.609,1.2837,-0.314844
97.6936,1.25199,-0.43650600000000006
97.789,1.20329,-0.587603
97.8691,1.15052,-0.7331979999999999
97.9493,1.08501,-0.908173
98.0167,1.0177399999999999,-1.09399
98.0841,0.9360950000000001,-1.33996
98.1429,0.849093,-1.6369
98.189,0.766655,-1.9578
98.2257,0.688891,-2.29845
98.2568,0.6118979999999999,-2.67235
98.2839,0.534049,-3.08608
98.311,0.443578,-3.60839
98.3326,0.360284,-4.12384
98.3542,0.264718,-4.74863
98.3727,0.170674,-5.38943
98.3913,0.0637438,-6.13671
98.4099,-0.0580966,-6.99361
98.4285,-0.196799,-7.94727
98.4471,-0.35382800000000003,-8.95565
98.4645,-0.518433,-9.876
98.4784,-0.659696,-10.5083
98.4922,-0.808642,-10.9718
98.5037,-0.935601,-11.1682
98.5151,-1.06361,-11.15
98.5266,-1.19005,-10.89
98.538,-1.31209,-10.3837
98.5495,-1.4270200000000002,-9.65356
98.5613,-1.5359,-8.71438
98.5723,-1.626,-7.7405
98.5834,-1.70617,-6.71375
98.5945,-1.775,-5.70416
98.6056,-1.8329400000000002,-4.7567
98.6166,-1.88085,-3.90101
98.62799999999999,-1.9207599999999998,-3.1343400000000003
98.6394,-1.95261,-2.48325
98.6491,-1.9743400000000002,-2.0157700000000003
98.6588,-1.9919,-1.62133
98.6685,-2.00596,-1.2918399999999999
98.6781,-2.0171099999999997,-1.0188
98.6878,-2.02585,-0.793963
98.6975,-2.03262,-0.609735
98.7073,-2.03783,-0.457833
98.7174,-2.04177,-0.33161599999999997
98.7277,-2.0446400000000002,-0.226992
98.7385,-2.0466,-0.140645
98.7496,-2.04775,-0.06975110000000001
98.7612,-2.04822,-0.0118767
98.7734,-2.04806,0.035083300000000005
98.7862,-2.04736,0.072951
98.7996,-2.04617,0.103301
98.8139,-2.04452,0.127487
98.8289,-2.04244,0.146668
98.845,-2.0399599999999998,0.161828
98.8621,-2.03708,0.17379
98.8805,-2.0338,0.183229
98.9002,-2.0301,0.19069
98.9215,-2.02598,0.19659100000000002
98.9444,-2.02141,0.201235
98.9692,-2.01638,0.204812
98.9958,-2.0109,0.207416
99.0241,-2.00501,0.20905900000000002
99.0539,-1.9987700000000002,0.20970300000000003
99.0847,-1.9923,0.209294
99.1164,-1.9856900000000002,0.207787
99.1487,-1.9790299999999998,0.20515500000000003
99.1813,-1.97238,0.201381
99.2144,-1.9658099999999998,0.196453
99.2478,-1.95934,0.190366
99.2817,-1.95301,0.183116
99.316,-1.9468599999999998,0.174701
99.351,-1.94092,0.165124
99.3867,-1.9352200000000002,0.154386
99.4233,-1.9297799999999998,0.142491
99.461,-1.92465,0.129429
99.5003,-1.9198400000000002,0.11517100000000001
99.5418,-1.9153799999999999,0.0996132
99.587,-1.91127,0.08243760000000001
99.6405,-1.9074,0.062173400000000004
99.6858,-1.9049599999999998,0.045578
99.7311,-1.90326,0.0298695
99.7706,-1.9023299999999999,0.0171638
99.8101,-1.90189,0.00561556
99.8496,-1.9018700000000002,-0.00458154
99.8891,-1.9022299999999999,-0.0132594
99.9287,-1.9029,-0.020279
99.9682,-1.9038099999999998,-0.0255321
100.0,-1.90467,-0.028426
