,gamma,gamma_dot
0.11173184245810056,0.33961199999999997,0.270277
0.2234636849162011,0.565538,0.24050500000000002
0.3351955273743017,0.461954,0.292605
0.4469273698324022,0.362665,0.174788
0.5586592122905027,0.292833,0.204373
0.6703910547486034,0.23833200000000002,0.13237100000000002
0.7821228972067039,0.184943,0.239208
0.8938547396648044,0.15909600000000002,0.09157799999999999
1.005586582122905,0.127888,0.0
1.1173184245810055,0.0602883,0.0
1.2290502670391061,0.0,0.0986879
1.3407821094972068,0.0258804,0.08073330000000001
1.4525139519553072,0.0,0.160288
1.5642457944134078,0.0,0.00604795
1.6759776368715082,0.0,0.00123731
1.7877094793296089,0.0,0.0
1.8994413217877095,0.0,0.0
2.01117316424581,0.0,0.0
2.1229050067039106,0.0,0.0
2.234636849162011,0.0684477,0.0
2.346368691620112,0.0446217,0.0
2.4581005340782123,0.126891,0.0
2.5698323765363127,0.33589,0.199853
2.6815642189944136,0.0,0.0
2.793296061452514,0.5542050000000001,0.07526360000000001
2.9050279039106144,0.6917479999999999,0.597304
3.016759746368715,0.677823,0.54564
3.1284915888268157,0.464949,0.39920900000000004
3.240223431284916,0.20484699999999997,0.328962
3.3519552737430165,0.228233,0.11128199999999999
3.4636871162011174,0.422684,0.0
3.5754189586592178,0.35389299999999996,0.07289019999999999
3.687150801117318,0.296661,0.0332006
3.798882643575419,0.263704,0.060657100000000005
3.9106144860335195,0.353106,0.0863788
4.02234632849162,0.130493,0.0
4.134078170949721,0.103094,0.0
4.245810013407821,0.253334,0.0
4.357541855865922,0.0727514,0.0
4.469273698324022,0.0,0.018853900000000003
4.581005540782122,0.00589496,0.0
4.692737383240224,0.0008572610000000001,0.00130906
4.804469225698324,0.0,0.0
4.9162010681564245,0.0,0.00775078
5.027932910614525,0.0,0.00152774
5.139664753072625,0.0,0.013982499999999998
5.251396595530726,0.0,0.00413434
5.363128437988827,0.0,0.0
5.4748602804469275,0.133518,0.0
5.586592122905028,0.0,0.06956649999999999
5.698323965363128,0.504698,0.317653
5.810055807821229,0.162645,0.14596900000000002
5.921787650279329,0.5128510000000001,0.30580300000000005
6.03351949273743,0.5881149999999999,0.341466
6.145251335195531,0.553908,0.299637
6.256983177653631,0.22056399999999998,0.155614
6.368715020111732,0.302273,0.0806005
6.480446862569832,0.0,0.152129
6.592178705027933,0.328542,0.153575
6.703910547486033,0.0930878,0.04705530000000001
6.815642389944134,0.24279699999999999,0.0
6.927374232402235,0.20935,0.09375119999999999
7.039106074860335,0.179591,0.0364011
7.1508379173184355,0.246515,0.0
7.262569759776536,0.181582,0.0145488
7.374301602234636,0.08725369999999999,0.0
7.486033444692737,0.0588492,0.0163393
7.597765287150838,0.025495900000000002,0.00601607
7.7094971296089385,0.013979499999999999,0.0
7.821228972067039,0.0,0.00437301
7.932960814525139,0.0,0.0
8.04469265698324,0.0,0.00850057
8.156424499441341,0.0,0.0
8.268156341899441,0.0,0.0
8.379888184357542,0.0,0.0
8.491620026815642,0.0,0.0
8.603351869273743,0.0933615,0.172678
8.715083711731843,0.0,0.22878400000000002
8.826815554189944,0.37864200000000003,0.213925
8.938547396648044,0.396427,0.22695900000000002
9.050279239106144,0.39572399999999996,0.24247800000000003
9.162011081564245,0.42463199999999995,0.22638200000000003
9.273742924022345,0.398742,0.172111
9.385474766480447,0.31062399999999996,0.123726
9.497206608938548,0.346167,0.0665174
9.608938451396648,0.09560969999999999,0.0425395
9.720670293854749,0.25092,0.039010500000000004
9.832402136312849,0.22281900000000002,0.0
9.94413397877095,0.203014,0.0
10.05586582122905,0.08351239999999999,0.050367699999999994
10.16759766368715,0.156757,0.102789
10.27932950614525,0.132944,0.0
10.391061348603351,0.0,0.0
10.502793191061452,0.214633,0.0
10.614525033519552,0.056593700000000004,0.0
10.726256875977654,0.16006900000000002,0.00316472
10.837988718435755,0.019920300000000002,0.00315917
10.949720560893855,0.0174764,0.00631151
11.061452403351955,0.0,0.00684587
11.173184245810056,0.0,0.0
11.284916088268156,0.18983,0.103957
11.396647930726257,0.0,0.00039245199999999995
11.508379773184357,0.16551,0.00157735
11.620111615642458,0.0,0.00861691
11.731843458100558,0.09127719999999999,0.0757528
11.843575300558658,0.0396452,0.22312600000000002
11.955307143016759,0.303992,0.309458
12.06703898547486,0.315907,0.199542
12.178770827932961,0.31337600000000004,0.171791
12.290502670391062,0.299609,0.0488191
12.402234512849162,0.2798,0.11212000000000001
12.513966355307263,0.118218,0.0853323
12.625698197765363,0.147232,0.0288673
12.737430040223463,0.12146199999999999,0.0
12.849161882681564,0.18774200000000002,0.00871524
12.960893725139664,0.164208,0.0
13.072625567597765,0.152566,0.0
13.184357410055865,0.0,0.0347293
13.296089252513966,0.113229,0.0
13.407821094972066,0.0946575,0.0
13.519552937430166,0.06743239999999999,0.0
13.631284779888269,0.186327,0.0
13.743016622346369,0.0,0.0121056
13.85474846480447,0.0339594,0.0
13.96648030726257,0.0,0.00576085
14.07821214972067,0.0162586,0.0
14.18994399217877,0.0,0.0
14.301675834636871,0.14074,0.0
14.413407677094972,0.167945,0.0373404
14.525139519553072,0.0,0.00130026
14.636871362011172,0.181095,0.00307772
14.748603204469273,0.0,0.0930006
14.860335046927373,0.21118,0.13642100000000001
14.972066889385474,0.20655900000000002,0.14088399999999998
15.083798731843576,0.209664,0.187126
15.195530574301676,0.190907,0.20967800000000003
15.307262416759777,0.20736500000000002,0.164423
15.418994259217877,0.20117100000000002,0.131116
15.530726101675977,0.21193299999999998,0.11234000000000001
15.642457944134078,0.10835999999999998,0.0673972
15.754189786592178,0.0900984,0.022793
15.865921629050279,0.1494,0.0
15.97765347150838,0.130227,0.00610474
16.08938531396648,0.12165699999999999,0.000881917
16.20111715642458,0.0999655,0.0
16.312848998882682,0.08959589999999999,0.0
16.42458084134078,0.0778968,0.0
16.536312683798883,0.06866760000000001,4.9958500000000006e-05
16.64804452625698,0.049411699999999996,0.0
16.759776368715084,0.0417277,0.00227953
16.871508211173182,0.0294543,0.0
16.983240053631285,0.0,0.00857836
17.094971896089383,0.0153036,0.0
17.206703738547485,0.0,0.0
17.318435581005588,0.0,0.0
17.430167423463686,0.0229391,0.0
17.54189926592179,0.0,7.08444e-05
17.653631108379887,0.0,0.00720711
17.76536295083799,0.1318,0.0498216
17.877094793296088,0.0,0.105143
17.98882663575419,0.19884200000000002,0.116548
18.10055847821229,0.186616,0.18207
18.21229032067039,0.169431,0.158408
18.32402216312849,0.161436,0.134628
18.435754005586592,0.168326,0.172501
18.54748584804469,0.154323,0.0376333
18.659217690502793,0.136942,0.0
18.770949532960895,0.0,0.0
18.882681375418993,0.0,0.00483572
18.994413217877096,0.08534860000000001,0.104826
19.106145060335194,0.0,0.0
19.217876902793297,0.0830448,0.0
19.329608745251395,0.0,0.0
19.441340587709497,0.0533428,0.0
19.553072430167596,0.046672500000000006,0.00870608
19.664804272625698,0.0,0.000138267
19.776536115083797,0.0,0.014408100000000002
19.8882679575419,0.020287,0.0
19.999999799999998,0.0,0.00565143
20.1117316424581,0.0,0.00618018
20.223463484916202,0.012064299999999998,0.0
20.3351953273743,0.0,0.0
20.446927169832403,0.0120941,0.00010408
20.5586590122905,0.00131143,0.0
20.670390854748604,0.129972,0.0405709
20.782122697206702,0.0,0.127619
20.893854539664805,0.08878760000000001,0.0
21.005586382122903,0.107849,0.0563144
21.117318224581005,0.145794,0.17868499999999998
21.229050067039104,0.113675,0.15501600000000001
21.340781909497206,0.13006600000000001,0.034534800000000004
21.45251375195531,0.116097,0.10131699999999999
21.564245594413407,0.122582,0.110037
21.67597743687151,0.119345,0.07355360000000001
21.787709279329608,0.103005,0.036636400000000006
21.89944112178771,0.0,0.0176084
22.01117296424581,0.06731469999999999,0.00682083
22.12290480670391,0.056155399999999994,0.0
22.23463664916201,0.049765,0.0
22.34636849162011,0.0,0.00222071
22.45810033407821,0.0407778,0.00887781
22.569832176536313,0.0,0.0
22.68156401899441,0.0,0.0
22.793295861452513,0.0,0.0
22.905027703910616,0.0,0.0
23.016759546368714,0.0,0.00601377
23.128491388826816,0.0,0.0
23.240223231284915,0.0,0.00480385
23.351955073743017,0.0,0.0
23.463686916201116,0.0,0.0
23.575418758659218,0.0,0.018327700000000002
23.687150601117317,0.0679809,5.01865e-05
23.79888244357542,0.0,0.13000499999999998
23.910614286033518,0.0,0.0712418
24.02234612849162,0.122102,0.116159
24.13407797094972,0.114846,0.0313849
24.24580981340782,0.0822802,0.07270239999999999
24.357541655865923,0.0932744,0.13145199999999999
24.46927349832402,0.091989,0.0799064
24.581005340782124,0.0933754,0.0
24.692737183240222,0.08425360000000001,0.0
24.804469025698324,0.0783937,0.057495500000000005
24.916200868156423,0.06410439999999999,0.0260397
25.027932710614525,0.050546600000000004,0.0
25.139664553072624,0.0331899,0.0
25.251396395530726,0.0349571,0.0
25.363128237988825,0.033395,9.22443e-05
25.474860080446927,0.0,0.00349164
25.586591922905026,0.0,0.0364786
25.698323765363128,0.0,0.0
25.81005560782123,0.0,0.00643226
25.92178745027933,0.0,0.0
26.03351929273743,0.0,0.0
26.14525113519553,0.00335956,0.0
26.25698297765363,0.0,0.00310557
26.36871482011173,0.000258196,0.0
26.480446662569832,0.0,0.00191567
26.59217850502793,0.013478,0.000981006
26.703910347486033,0.0,0.00129531
26.815642189944132,0.0,0.0
26.927374032402234,0.0536408,0.04063
27.039105874860333,0.0650177,0.130518
27.150837717318435,0.06576239999999998,0.153673
27.262569559776537,0.0659431,0.119747
27.374301402234636,0.0662418,0.0939453
27.486033244692738,0.072854,0.0724883
27.597765087150837,0.0363114,0.0
27.70949692960894,0.0677245,0.0
27.821228772067037,0.056933500000000005,0.056577999999999996
27.93296061452514,0.0,0.048544699999999996
28.04469245698324,0.0413592,0.0
28.15642429944134,0.036147399999999996,0.0
28.26815614189944,0.0252164,0.0221392
28.37988798435754,0.008123,0.0
28.49161982681564,0.021428400000000004,0.0007024560000000001
28.603351669273742,0.019713400000000002,0.000795628
28.715083511731844,0.0,0.0127022
28.826815354189943,0.0,0.00477432
28.938547196648045,0.0,0.0
29.050279039106144,0.0,0.0
29.162010881564246,0.00154957,0.0
29.273742724022345,0.0,0.0015733
29.385474566480447,0.0,0.0172141
29.497206408938546,0.0,0.0
29.608938251396648,0.0,0.0
29.720670093854746,0.0164392,0.0127837
29.83240193631285,0.051067699999999994,0.0
29.944133778770947,0.0,0.0612248
30.05586562122905,0.0637366,0.140535
30.16759746368715,0.059622900000000006,0.132634
30.27932930614525,0.0,0.06609780000000001
30.391061148603352,0.036719999999999996,0.080122
30.50279299106145,0.0,0.020853999999999998
30.614524833519553,0.0,0.0911554
30.726256675977652,0.0637857,0.12369200000000001
30.837988518435754,0.0455495,0.016131100000000002
30.949720360893853,0.034054,0.0296382
31.061452203351955,0.0,0.0344133
31.173184045810054,0.020571000000000002,0.0388156
31.284915888268156,0.00466218,0.0263935
31.396647730726254,0.00456115,0.0
31.508379573184357,0.0153475,0.0
31.62011141564246,0.0,0.0279051
31.731843258100557,0.0,0.0
31.84357510055866,0.0,0.00584285
31.95530694301676,0.0,0.0
32.06703878547486,0.00233046,0.0
32.17877062793296,0.00139801,0.0
32.29050247039106,0.00301008,0.0
32.40223431284916,0.0,0.0
32.51396615530726,0.0,0.0
32.625697997765364,0.0,0.0
32.73742984022346,0.0130985,0.0
32.84916168268156,0.0,0.0
32.96089352513967,0.0,7.498140000000001e-05
33.072625367597766,0.0511319,0.061497
33.184357210055865,0.0627667,0.09008839999999999
33.29608905251396,0.0608427,0.060227199999999995
33.40782089497207,0.05680109999999999,0.116906
33.51955273743017,0.0544375,0.0733964
33.631284579888266,0.0,0.0
33.743016422346365,0.04817,0.0470971
33.85474826480447,0.039999,0.0258678
33.96648010726257,0.032357,0.0
34.07821194972067,0.0,0.00776704
34.18994379217877,0.0,0.010740600000000001
34.30167563463687,0.0199586,0.00405794
34.41340747709497,0.00931645,0.0
34.52513931955307,0.00988209,0.0
34.636871162011175,0.0,0.00694546
34.748603004469274,0.0,0.000224774
34.86033484692737,0.00610584,0.0
34.97206668938547,0.0470259,0.0
35.08379853184358,0.0021592,0.0
35.195530374301676,0.0,0.00014015
35.307262216759774,0.00405773,0.0
35.41899405921787,0.0,0.0
35.53072590167598,0.0,0.0
35.64245774413408,0.0,0.0
35.754189586592176,0.0,0.00813537
35.86592142905028,0.0133648,0.00384361
35.97765327150838,0.0,0.0
36.08938511396648,0.0477233,0.0424292
36.20111695642458,0.050269699999999994,0.013009
36.31284879888268,0.051292700000000004,0.101003
36.42458064134078,0.0519859,0.0506069
36.53631248379888,0.048487,0.0241008
36.64804432625698,0.0,0.05439209999999999
36.759776168715085,0.0406644,0.0439133
36.871508011173184,0.0,0.0
36.98323985363128,0.0218855,0.0
37.09497169608938,0.0,0.131577
37.20670353854749,0.0124284,0.0126627
37.318435381005585,0.00655883,0.0103462
37.430167223463684,0.00634635,0.0
37.54189906592179,0.00613563,0.0
37.65363090837989,0.00592864,0.0
37.76536275083799,0.00572211,0.010523200000000002
37.877094593296086,0.00264618,0.00250359
37.98882643575419,0.0,0.000181638
38.10055827821229,0.00286251,0.0
38.21229012067039,0.0,0.000356026
38.32402196312849,0.0,0.0
38.43575380558659,0.0,0.0
38.54748564804469,0.0,0.0
38.65921749050279,0.000401402,0.0
38.770949332960896,0.00598806,0.0
38.882681175418995,0.014862799999999999,0.0
38.99441301787709,0.0,0.0
39.10614486033519,0.0227776,0.00295918
39.2178767027933,0.0438715,0.0
39.329608545251396,0.0445176,0.0459599
39.441340387709495,0.0452255,0.061997300000000005
39.553072230167594,0.0,0.0880571
39.6648040726257,0.0403699,0.0517288
39.7765359150838,0.0215963,0.0
39.8882677575419,0.031184800000000002,0.0
39.999999599999995,0.0,0.0175178
40.1117314424581,0.00875938,0.0295407
40.2234632849162,0.0122729,0.0
40.3351951273743,0.00915473,0.0
40.446926969832404,0.00547581,0.00508323
40.5586588122905,0.00520076,3.35776e-05
40.6703906547486,0.0041895000000000005,0.00520328
40.7821224972067,0.0,1.39775e-05
40.893854339664806,0.00419906,0.0
41.005586182122904,0.0036246000000000004,0.0
41.117318024581,0.0,0.0
41.2290498670391,0.0,0.0
41.34078170949721,0.00176352,0.00071934
41.452513551955306,0.0,0.0
41.564245394413405,0.0,0.0
41.67597723687151,0.0,0.0
41.78770907932961,0.0,0.0
41.89944092178771,0.00882589,0.0
42.011172764245806,0.015064500000000002,0.000128943
42.12290460670391,0.0,0.00242864
42.23463644916201,0.0403699,0.0
42.34636829162011,0.0342393,0.00831542
42.45810013407821,0.0189996,0.040561900000000005
42.569831976536314,0.019312799999999998,0.056273699999999996
42.68156381899441,0.0,0.0674076
42.79329566145251,0.0334838,0.0
42.90502750391062,0.0,0.0406775
43.016759346368715,0.026823400000000004,0.00933773
43.128491188826814,0.00657006,0.0
43.24022303128491,0.00523086,0.0202701
43.35195487374302,0.0,0.00600031
43.46368671620112,0.0,0.0
43.575418558659216,5.77285e-05,0.00139491
43.687150401117314,0.0,0.0
43.79888224357542,0.0,0.0
43.91061408603352,0.00838398,3.3430300000000004e-05
44.02234592849162,0.0,0.00275383
44.134077770949716,0.00294788,0.0
44.24580961340782,0.0,0.0
44.35754145586592,0.0,0.0
44.46927329832402,0.00167514,0.0
44.581005140782125,0.0,0.0
44.69273698324022,0.0,0.0
