,gamma,gamma_dot
0.12330456103575832,0.204938,0.283408
0.24660912207151664,0.253846,0.435384
0.36991368310727496,0.259712,0.101221
0.4932182441430333,0.260588,0.104019
0.6165228051787917,0.213446,0.00579122
0.7398273662145499,0.224698,0.0106241
0.8631319272503082,0.14232899999999998,0.0
0.9864364882860666,0.0949859,0.145994
1.109741049321825,0.0363703,0.179083
1.2330456103575833,0.034962,0.20591500000000001
1.3563501713933415,0.0108432,0.145335
1.4796547324290998,0.00108148,0.195443
1.6029592934648582,0.019601300000000002,0.135623
1.7262638545006164,0.0759788,0.139397
1.8495684155363747,0.014997100000000001,0.025162200000000003
1.9728729765721331,0.0418009,0.0859278
2.0961775376078915,0.163388,0.0180114
2.21948209864365,0.0781082,0.0
2.3427866596794082,0.18655,0.16196300000000002
2.4660912207151666,0.256831,0.344963
2.5893957817509246,0.184649,0.0899427
2.712700342786683,0.488829,0.019736700000000003
2.8360049038224413,0.594288,0.7525149999999999
2.9593094648581997,0.7114729999999999,0.351535
3.082614025893958,0.7780100000000001,0.0
3.2059185869297164,0.31619400000000003,0.197097
3.329223147965475,0.340919,0.399696
3.4525277090012327,0.283014,0.21359899999999998
3.575832270036991,0.25651799999999997,0.111028
3.6991368310727495,0.23191599999999998,0.0
3.822441392108508,0.220156,0.0466788
3.9457459531442662,0.167553,0.0
4.069050514180025,0.11868699999999999,0.061248800000000006
4.192355075215783,0.0840193,0.168731
4.315659636251541,0.027019400000000002,0.030428800000000002
4.4389641972873,0.0449325,0.132372
4.562268758323058,0.0103073,0.22831100000000001
4.6855733193588165,0.00216781,0.138733
4.808877880394575,0.0676427,0.0702179
4.932182441430333,0.0707129,0.2086
5.055487002466091,0.0659107,0.360088
5.178791563501849,0.0193269,0.027646800000000003
5.3020961245376075,0.24222,0.0
5.425400685573366,0.16751,0.0109778
5.548705246609124,0.49000299999999997,0.06989400000000001
5.672009807644883,0.244225,0.290612
5.795314368680641,0.470616,0.0068509
5.918618929716399,0.517012,0.516041
6.041923490752158,0.635858,0.0
6.165228051787916,0.67157,0.6740189999999999
6.2885326128236745,0.627026,0.599737
6.411837173859433,0.464359,0.39266100000000004
6.535141734895191,0.345677,0.204323
6.65844629593095,0.287552,0.158084
6.781750856966708,0.279197,0.0
6.9050554180024655,0.223696,0.0
7.028359979038224,0.212311,0.0396611
7.151664540073982,0.154372,0.04384369999999999
7.274969101109741,0.0739397,0.042393900000000005
7.398273662145499,0.0,0.09687489999999999
7.521578223181257,0.0741026,0.0792205
7.644882784217016,0.0195704,0.0896944
7.768187345252774,0.0,0.153161
7.8914919062885325,0.00284624,0.11652
8.01479646732429,0.0,0.174464
8.13810102836005,0.0,0.263017
8.261405589395807,0.00865627,0.07248819999999999
8.384710150431566,0.039417,0.0
8.508014711467323,0.229552,0.168266
8.631319272503083,0.248811,0.174847
8.75462383353884,0.332019,0.0696507
8.8779283945746,0.170004,0.270804
9.001232955610357,0.36402399999999996,0.21828699999999998
9.124537516646116,0.454034,0.604202
9.247842077681874,0.582893,0.591959
9.371146638717633,0.344668,0.588434
9.49445119975339,0.302317,0.488149
9.61775576078915,0.370189,0.252508
9.741060321824907,0.317897,0.148078
9.864364882860666,0.268418,0.00630332
9.987669443896424,0.239562,0.00034367199999999994
10.110974004932181,0.174538,0.09756310000000001
10.23427856596794,0.193307,0.07863389999999999
10.357583127003698,0.0463291,0.111693
10.480887688039457,0.117025,0.283432
10.604192249075215,0.07258830000000001,0.10639100000000001
10.727496810110974,0.0,0.192592
10.850801371146732,0.00680736,0.10148
10.974105932182491,0.0157921,0.0
11.097410493218248,0.00245419,0.15281
11.220715054254008,0.000507093,0.17818699999999998
11.344019615289765,0.00966351,0.07827289999999999
11.467324176325524,0.144048,0.057492999999999995
11.590628737361282,0.0981311,0.0
11.713933298397041,0.30542800000000003,0.0
11.837237859432799,0.26996,0.024649
11.960542420468556,0.32764099999999996,0.20694400000000002
12.083846981504315,0.107076,0.0
12.207151542540073,0.22252800000000003,0.461746
12.330456103575832,0.516311,0.506355
12.45376066461159,0.593132,0.532546
12.577065225647349,0.5242479999999999,0.513368
12.700369786683106,0.42495200000000005,0.25379
12.823674347718866,0.366454,0.222701
12.946978908754623,0.32912199999999997,0.100356
13.070283469790382,0.270831,0.00325789
13.19358803082614,0.0739879,0.0
13.3168925918619,0.131951,0.0
13.440197152897657,0.178702,0.0
13.563501713933416,0.138432,0.0417976
13.686806274969173,0.0,0.117861
13.810110836004931,0.0,0.113282
13.93341539704069,0.011643500000000001,0.0921829
14.056719958076448,0.0226929,0.0157945
14.180024519112207,0.00150023,0.0281793
14.303329080147964,0.000723388,0.14741700000000002
14.426633641183724,0.00115636,0.07506360000000001
14.549938202219481,0.020716099999999998,0.0201476
14.67324276325524,0.203905,0.0
14.796547324290998,0.100592,0.0
14.919851885326757,0.100904,0.13091
15.043156446362515,0.0987446,0.20783400000000002
15.166461007398274,0.146507,0.20768699999999998
15.289765568434031,0.0,0.177262
15.41307012946979,0.49321000000000004,0.49231499999999995
15.536374690505548,0.545298,0.5018239999999999
15.659679251541307,0.5224300000000001,0.449089
15.782983812577065,0.43187600000000004,0.309747
15.906288373612822,0.323074,0.109452
16.02959293464858,0.360467,0.0
16.15289749568434,0.333316,0.00760815
16.2762020567201,0.31999099999999997,0.0010147
16.399506617755858,0.26144,0.056600300000000006
16.522811178791613,0.0733768,0.000189239
16.646115739827373,0.176053,0.0775328
16.769420300863132,0.0,0.17090999999999998
16.89272486189889,0.0700604,0.122378
17.016029422934647,0.0,0.165269
17.139333983970406,0.06936089999999999,0.0
17.262638545006165,0.10911300000000002,0.044527300000000006
17.385943106041925,0.038644,0.0620437
17.50924766707768,0.0,0.239938
17.63255222811344,0.00101941,0.0
17.7558567891492,0.0,0.0
17.879161350184955,0.177472,0.0
18.002465911220714,0.254035,0.0
18.125770472256473,0.153549,0.0603865
18.249075033292232,0.21246900000000002,0.0594511
18.372379594327988,0.271602,0.0
18.495684155363747,0.377447,0.21315599999999998
18.618988716399507,0.508185,0.478533
18.742293277435266,0.45552600000000004,0.49508800000000003
18.86559783847102,0.437154,0.3476
18.98890239950678,0.35984299999999997,0.31587800000000005
19.11220696054254,0.0847165,0.151856
19.2355115215783,0.364279,0.0322022
19.358816082614055,0.343967,0.028316300000000003
19.482120643649814,0.33618600000000004,0.0
19.605425204685574,0.25963600000000003,0.0
19.728729765721333,0.21763600000000002,8.18784e-05
19.85203432675709,0.168202,0.0
19.975338887792848,0.170378,0.0861943
20.098643448828607,0.147334,0.100975
20.221948009864363,0.0549809,0.0719142
20.345252570900122,0.039945,0.052790699999999996
20.46855713193588,0.0237984,0.0
20.59186169297164,0.00853218,0.183917
20.715166254007396,0.000473016,0.019816900000000002
20.838470815043156,0.020733900000000003,0.0
20.961775376078915,0.278654,0.0
21.085079937114674,0.0,0.0
21.20838449815043,0.058158100000000004,0.0
21.33168905918619,0.0169914,0.14818800000000001
21.45499362022195,0.114069,3.99777e-06
21.578298181257708,0.0918159,0.295066
21.701602742293463,0.351093,0.46106800000000003
21.824907303329223,0.469279,0.520181
21.948211864364982,0.350231,0.404287
22.071516425400738,0.428834,0.271802
22.194820986436497,0.368346,0.23854699999999998
22.318125547472256,0.361906,0.0781534
22.441430108508015,0.34930100000000003,0.026233499999999996
22.56473466954377,0.393937,0.103002
22.68803923057953,0.294224,0.0
22.81134379161529,0.264757,0.0
22.93464835265105,0.213617,0.0720957
23.057952913686805,0.156155,0.16359
23.181257474722564,0.19005,0.105876
23.304562035758323,0.100437,0.0882028
23.427866596794082,0.08911820000000001,0.0410416
23.551171157829838,0.0599888,0.0399921
23.674475718865597,0.0,0.229631
23.797780279901357,0.00923812,0.12870399999999999
23.921084840937112,0.0,0.0679576
24.04438940197287,0.015480200000000001,0.0
24.16769396300863,0.201659,0.0
24.29099852404439,0.310601,0.0
24.414303085080146,0.31246999999999997,0.093477
24.537607646115905,0.22491399999999998,0.0
24.660912207151664,0.2731,0.15703499999999998
24.784216768187424,0.34457899999999997,0.449333
24.90752132922318,0.424554,0.4291
25.03082589025894,0.37438899999999997,0.447226
25.154130451294698,0.336746,0.228165
25.277435012330457,0.368595,0.23768000000000003
25.400739573366213,0.375189,0.0325111
25.524044134401972,0.397229,0.0488629
25.64734869543773,0.360338,0.013442700000000002
25.770653256473487,0.341974,0.0
25.893957817509246,0.289697,0.0
26.017262378545006,0.23448000000000002,0.0
26.140566939580765,0.19137200000000001,0.166649
26.26387150061652,0.148991,0.15099300000000002
26.38717606165228,0.176367,0.042759899999999997
26.51048062268804,0.175016,0.0761105
26.6337851837238,0.16123800000000002,0.138212
26.757089744759554,0.052248300000000004,0.013569299999999998
26.880394305795313,0.0418166,0.229244
27.003698866831073,0.00218612,0.100642
27.127003427866832,0.0,0.173406
27.250307988902588,0.0,0.198113
27.373612549938347,0.00995632,0.044400800000000004
27.496917110974106,0.0222673,0.21138099999999999
27.620221672009862,0.0731038,0.143872
27.74352623304562,0.18352100000000002,0.176082
27.86683079408138,0.17419300000000001,0.391851
27.99013535511714,0.265961,0.5032810000000001
28.113439916152895,0.280396,0.486709
28.236744477188655,0.328303,0.394731
28.360049038224414,0.35802399999999995,0.0
28.483353599260173,0.387911,0.186861
28.60665816029593,0.367809,0.122179
28.729962721331688,0.390866,0.039307199999999994
28.853267282367447,0.3684,0.0
28.976571843403207,0.339253,0.0
29.099876404438962,0.278348,0.0
29.22318096547472,0.223719,0.154814
29.34648552651048,0.177976,0.0
29.46979008754624,0.16977,0.033349800000000006
29.593094648581996,0.10621099999999999,0.134411
29.716399209617755,0.158848,0.0038561
29.839703770653514,0.127176,0.0797652
29.96300833168927,0.0,0.20847600000000002
30.08631289272503,0.035188599999999993,0.0
30.20961745376079,0.0126836,0.0
30.332922014796548,0.0481293,0.0645596
30.456226575832304,0.00290635,0.131304
30.579531136868063,0.0,0.139098
30.702835697903822,0.180571,0.130753
30.82614025893958,0.15208,0.22190100000000001
30.949444819975337,0.186003,0.149365
31.072749381011096,0.34833200000000003,0.313126
31.196053942046856,0.4888,0.519808
31.319358503082615,0.374556,0.102519
31.44266306411837,0.300496,0.27586900000000003
31.56596762515413,0.283752,0.173575
31.68927218618989,0.13408299999999998,0.118801
31.812576747225645,0.386844,0.039344800000000006
31.935881308261404,0.359007,0.0
32.05918586929716,0.35986799999999997,0.0
32.18249043033292,0.31543000000000004,0.0
32.30579499136868,0.255727,0.00320934
32.42909955240444,0.208837,0.0166494
32.5524041134402,0.161801,0.052299599999999995
32.675708674475956,0.135647,0.0772749
32.799013235511715,0.13586600000000001,0.0
32.922317796547475,0.142476,0.000470681
33.04562235758323,0.0628586,0.0821298
33.168926918618986,0.0,0.175451
33.292231479654745,0.0,0.157719
33.415536040690505,0.0,0.178615
33.538840601726264,0.0,0.0568659
33.66214516276202,0.00280665,0.0
33.78544972379778,0.0,0.210878
33.908754284833535,0.0,0.0
34.032058845869294,0.310768,0.279846
34.15536340690505,0.0949087,0.452349
34.27866796794081,0.307006,0.5005069999999999
34.40197252897657,0.268516,0.42876899999999996
34.52527709001233,0.349691,0.32258000000000003
34.64858165104809,0.326446,0.217433
34.77188621208385,0.379315,0.0385268
34.8951907731196,0.300925,0.0902211
35.01849533415536,0.341425,0.11184300000000001
35.14179989519112,0.32510500000000003,0.0
35.26510445622688,0.3156,0.0
35.38840901726264,0.20831599999999997,0.0394513
35.5117135782984,0.237986,0.00632
35.63501813933416,0.192143,0.0879909
35.75832270036991,0.0,0.0431336
35.88162726140567,0.0,0.0910751
36.00493182244143,0.0,0.07370800000000001
36.12823638347719,0.0,0.245797
36.251540944512946,0.046444,0.313438
36.374845505548706,0.0,0.15968
36.498150066584465,0.0,0.12176500000000001
36.621454627620224,0.0,0.13383499999999998
36.744759188655976,0.0,0.13758900000000002
36.868063749691736,0.0952427,0.27273800000000004
36.991368310727495,0.13607,0.144565
37.114672871763254,0.21713000000000002,0.149059
37.23797743279901,0.17139000000000001,0.08203300000000001
37.36128199383477,0.219086,0.49215299999999995
37.48458655487053,0.287488,0.45576000000000005
37.607891115906284,0.409561,0.385947
37.73119567694204,0.336015,0.300304
37.8545002379778,0.40826999999999997,0.0635518
37.97780479901356,0.373654,0.13681
38.10110936004932,0.381193,0.12166700000000001
38.22441392108508,0.350125,0.00222417
38.34771848212084,0.32614099999999996,0.00934983
38.4710230431566,0.33169299999999996,0.0
38.59432760419235,0.275642,0.0177598
38.71763216522811,0.219021,0.065511
38.84093672626387,0.177771,0.0230287
38.96424128729963,0.151497,0.045453
39.08754584833539,0.135523,0.055401599999999995
39.21085040937115,0.131487,0.105972
39.33415497040691,0.0808518,0.0212652
39.457459531442666,0.0413139,0.0459872
39.58076409247842,0.013509100000000001,0.09896369999999999
39.70406865351418,0.03589319999999999,0.172416
39.82737321454994,0.00289675,0.142014
39.950677775585696,0.0,0.0604947
40.073982336621455,0.0,0.00698416
40.197286897657214,0.0,0.156325
40.320591458692974,0.0396783,0.0
40.443896019728726,0.00549487,0.294689
40.567200580764485,0.245781,0.501046
40.690505141800244,0.294652,0.440717
40.813809702836004,0.199114,0.30643000000000004
40.93711426387176,0.35549400000000003,0.260283
41.06041882490752,0.35935700000000004,0.104094
41.18372338594328,0.267725,0.0724572
41.30702794697904,0.35678499999999996,0.0189372
41.43033250801479,0.347698,0.0
41.55363706905055,0.35194200000000003,0.00066229
41.67694163008631,0.192603,0.028228899999999998
41.80024619112207,0.25092600000000004,0.0443571
41.92355075215783,0.111892,0.05760030000000001
42.04685531319359,0.180419,0.021309799999999997
42.17015987422935,0.0,0.052712199999999994
42.2934644352651,0.146729,0.0
42.41676899630086,0.13086199999999998,0.106058
42.54007355733662,0.0,0.0898317
42.66337811837238,0.0485241,0.27963000000000005
42.78668267940814,0.0,0.12241700000000001
42.9099872404439,0.0,0.0832451
43.033291801479656,0.0,0.0
43.156596362515415,0.0,0.0
43.27990092355117,4.28275e-05,0.00297373
43.40320548458693,0.0590684,0.281859
43.526510045622686,0.06034830000000001,0.403031
43.649814606658445,0.10288699999999999,0.418893
43.773119167694205,0.224875,0.465433
43.896423728729964,0.19523800000000002,0.310211
44.01972828976572,0.196936,0.243344
44.143032850801475,0.290871,0.199511
44.266337411837235,0.288501,0.105326
44.389641972872994,0.37993499999999997,0.0305197
44.51294653390875,0.344036,0.0
44.63625109494451,0.342475,0.0
44.75955565598027,0.0,0.0
44.88286021701603,0.1366,0.009024700000000002
45.00616477805179,0.123269,0.0762187
45.12946933908754,0.12344000000000001,0.0156409
45.2527739001233,0.20972399999999997,0.015375
45.37607846115906,0.0630815,0.05786569999999999
45.49938302219482,0.0,0.10119299999999999
45.62268758323058,0.114882,0.0845125
45.74599214426634,0.0379737,0.275421
45.8692967053021,0.0,0.21874699999999997
45.99260126633785,0.0,0.104807
46.11590582737361,0.0,0.0
46.23921038840937,0.0,0.199256
46.36251494944513,0.0,0.158558
46.48581951048089,0.0,0.124122
46.609124071516646,0.0110853,0.06731210000000001
46.732428632552406,0.053636500000000004,0.39932199999999995
46.855733193588165,0.0392175,0.437953
46.97903775462392,0.251261,0.46643900000000005
47.102342315659676,0.310391,0.286611
47.225646876695436,0.283403,0.0775834
47.348951437731195,0.32364499999999996,0.0939903
47.472255998766954,0.385246,0.102568
47.59556055980271,0.309909,0.0106579
47.71886512083847,0.16905599999999998,0.0
47.842169681874225,0.345432,0.0111355
47.965474242909984,0.320337,0.0
48.08877880394574,0.280977,0.0209084
48.2120833649815,0.23974299999999998,0.0303661
48.33538792601726,0.0805017,0.0
48.45869248705302,0.131178,0.0
48.58199704808878,0.0,0.0
48.70530160912454,0.165634,0.00837641
48.82860617016029,0.185089,0.257627
48.95191073119605,0.11663599999999999,0.17110899999999998
49.07521529223181,0.06417959999999999,0.0770731
49.19851985326757,0.018996400000000004,0.0
49.32182441430333,0.0,0.06907719999999999
