,gamma,gamma_dot
0.14144271428571428,0.341345,0.350306
0.28288542857142857,0.226784,0.06979869999999999
0.4243281428571428,0.0,0.028916300000000002
0.5657708571428571,0.00950059,0.0
0.7072135714285714,0.0,0.0
0.8486562857142856,0.203368,0.763863
0.990099,0.120782,0.8061649999999999
1.1315417142857143,0.0,0.0
1.2729844285714285,0.0,0.429932
1.4144271428571429,0.0,0.40491900000000003
1.555869857142857,0.0,0.366685
1.6973125714285713,0.0,0.0
1.8387552857142857,0.0875572,0.667092
1.980198,0.0,0.7808579999999999
2.1216407142857143,0.0,0.8021739999999999
2.2630834285714285,0.015267900000000001,0.0
2.4045261428571427,0.0,0.46795699999999996
2.545968857142857,0.0,0.415177
2.6874115714285716,0.0,0.0
2.8288542857142858,0.0,0.0
2.970297,0.0662749,0.653313
3.111739714285714,0.0,0.0
3.2531824285714284,0.31761300000000003,0.0
3.3946251428571426,0.218861,0.4423
3.536067857142857,0.0,0.370113
3.6775105714285714,0.0,0.0
3.8189532857142856,0.0,0.0
3.960396,0.163209,0.7253229999999999
4.101838714285714,0.0,0.7755380000000001
4.243281428571429,0.143954,0.7166319999999999
4.384724142857142,0.0,0.17580199999999999
4.526166857142857,0.062412699999999995,0.041229699999999994
4.667609571428572,0.301426,0.35892399999999997
4.8090522857142854,0.148018,0.0
4.950495,0.0,0.6498729999999999
5.091937714285714,0.0,0.76913
5.2333804285714285,0.0143888,0.799068
5.374823142857143,0.0,0.0
5.516265857142857,0.0,0.465814
5.6577085714285715,0.0,0.41255699999999995
5.799151285714285,0.0,0.0
5.940594,0.0,0.0
6.082036714285715,0.0654039,0.653503
6.223479428571428,0.0,0.0
6.364922142857143,0.32928,0.0
6.506364857142857,0.219208,0.44096199999999997
6.647807571428571,0.0,0.368527
6.789250285714285,0.00855175,0.0
6.930693,0.0,0.0
7.072135714285714,0.0886194,0.7209909999999999
7.213578428571428,0.121117,0.7726109999999999
7.355021142857143,0.148619,0.0
7.496463857142857,0.0,0.449583
7.637906571428571,0.061019000000000004,0.328472
7.779349285714286,0.09983500000000001,0.35525
7.920792,0.0,0.0
8.062234714285713,0.13214700000000001,0.652479
8.203677428571428,0.0,0.7655649999999999
8.345120142857143,0.0,0.792655
8.486562857142857,0.0,0.0
8.628005571428572,0.0,0.463528
8.769448285714285,0.0,0.410608
8.910891,0.0,0.0
9.052333714285714,0.0,0.0
9.193776428571429,0.0660765,0.649933
9.335219142857143,0.0,0.0
9.476661857142856,0.316146,0.0
9.618104571428571,0.218629,0.43824300000000005
9.759547285714286,0.0,0.36439099999999996
9.90099,0.0,0.0
10.042432714285715,0.0,0.0
10.183875428571428,0.193382,0.7201029999999999
10.325318142857142,0.11448599999999999,0.769744
10.466760857142857,0.0866626,0.539858
10.608203571428572,0.0,0.449007
10.749646285714286,0.0617198,0.329964
10.891089,0.298694,0.354837
11.032531714285714,0.147586,0.0
11.173974428571428,0.0865408,0.6458649999999999
11.315417142857143,0.0,0.762365
11.456859857142858,0.0142998,0.0
11.59830257142857,0.0,0.0
11.739745285714285,0.0,0.46063000000000004
11.881188,0.0,0.407167
12.022630714285715,0.0,0.0
12.16407342857143,0.0,0.0
12.305516142857142,0.06513619999999999,0.650088
12.446958857142857,0.0,0.0
12.588401571428571,0.328489,0.0
12.729844285714286,0.21897399999999997,0.43677
12.871287,0.0,0.36279
13.012729714285713,0.0085553,0.0
13.154172428571428,0.0,0.0
13.295615142857143,0.136187,0.715631
13.437057857142857,0.121504,0.7671020000000001
13.57850057142857,0.149044,0.0
13.719943285714285,0.0,0.444996
13.861386,0.0605851,0.32605700000000004
14.002828714285714,0.09937589999999999,0.350233
14.144271428571429,0.0,0.0
14.285714142857142,0.131129,0.648042
14.427156857142856,0.0522019,0.759818
14.568599571428571,0.0,0.0
14.710042285714286,0.0,0.0
14.851485,0.0,0.458599
14.992927714285713,0.0,0.404545
15.134370428571428,0.0,0.0
15.275813142857142,0.0,0.0
15.417255857142857,0.0658503,0.6461779999999999
15.558698571428572,0.0,0.0
15.700141285714285,0.314583,0.0
15.841584,0.218063,0.43385100000000004
15.983026714285714,0.0,0.360344
16.124469428571427,0.0,0.0
16.265912142857143,0.0,0.0
16.407354857142856,0.0833949,0.7147180000000001
16.548797571428572,0.114446,0.763713
16.690240285714285,0.145231,0.5379970000000001
16.831682999999998,0.0,0.444249
16.973125714285715,0.06223240000000001,0.386048
17.114568428571427,0.295964,0.349965
17.256011142857144,0.0,0.05517280000000001
17.397453857142857,0.0857405,0.640414
17.53889657142857,0.0,0.7557020000000001
17.680339285714286,0.029545,0.0
17.821782,0.0,0.0
17.963224714285715,0.0,0.455642
18.104667428571428,0.0,0.40155100000000005
18.24611014285714,0.0,0.0
18.387552857142857,0.0,0.0
18.52899557142857,0.0648291,0.64615
18.670438285714287,0.0,0.0
18.811881,0.327871,0.0
18.953323714285712,0.21814899999999998,0.431889
19.09476642857143,0.00713738,0.35834099999999997
19.236209142857142,0.0,0.0
19.377651857142858,0.0,0.0
19.51909457142857,0.136999,0.709539
19.660537285714284,0.121957,0.760193
19.80198,0.149542,0.0
19.943422714285713,0.0,0.174285
20.08486542857143,0.0,0.322287
20.226308142857143,0.18727,0.344686
20.367750857142855,0.0,0.0
20.509193571428572,0.13018,0.642879
20.650636285714285,0.0,0.75265
20.792079,0.015277,0.507617
20.933521714285714,0.0,0.0
21.074964428571427,0.0,0.452546
21.216407142857143,0.0,0.398692
21.357849857142856,0.0,0.0
21.499292571428573,0.0,0.0
21.640735285714285,0.06559019999999999,0.641849
21.782178,0.0,0.0
21.923620714285715,0.31253200000000003,0.0
22.065063428571428,0.21834099999999998,0.428762
22.206506142857144,0.0,0.35534299999999996
22.347948857142857,0.0,0.0
22.48939157142857,0.0,0.0
22.630834285714286,0.08368099999999999,0.708607
22.772277,0.13578900000000002,0.7569140000000001
22.913719714285715,0.14486400000000002,0.536629
23.05516242857143,0.0,0.173257
23.19660514285714,0.0,0.323959
23.338047857142858,0.293057,0.34424899999999997
23.47949057142857,0.0,0.0
23.620933285714287,0.13555699999999998,0.634642
23.762376,0.0,0.748885
23.903818714285713,0.0,0.5077020000000001
24.04526142857143,0.00889673,0.0
24.186704142857142,0.0,0.44982799999999995
24.32814685714286,0.0,0.395046
24.46958957142857,0.0,0.0
24.611032285714284,0.0,0.0
24.752475,0.0644732,0.641667
24.893917714285713,0.0,0.0
25.03536042857143,0.32708200000000004,0.0
25.176803142857143,0.21837399999999998,0.42649799999999993
25.318245857142855,0.0,0.352369
25.459688571428572,0.00837039,0.0
25.601131285714285,0.0,0.0
25.742574,0.130375,0.702819
25.884016714285714,0.122493,0.7527189999999999
26.025459428571427,0.150132,0.0
26.166902142857143,0.0,0.173718
26.308344857142856,0.0548573,0.31809899999999997
26.449787571428573,0.185723,0.338591
26.591230285714285,0.0232814,0.0
26.732673,0.08429260000000001,0.637161
26.874115714285715,0.0,0.7452840000000001
27.015558428571428,0.0,0.502981
27.15700114285714,0.0,0.0
27.298443857142857,0.0,0.44639399999999996
27.43988657142857,0.0,0.392291
27.581329285714286,0.0,0.0
27.722772,0.0,0.0
27.864214714285712,0.0652879,0.636798
28.00565742857143,0.0,0.0
28.14710014285714,0.310429,0.0
28.288542857142858,0.217912,0.42261000000000004
28.42998557142857,0.0,0.27931999999999996
28.571428285714283,0.0,0.0
28.712871,0.0,0.0
28.854313714285713,0.09354639999999999,0.7011390000000001
28.99575642857143,0.13584300000000002,0.74874
29.137199142857142,0.144506,0.697381
29.278641857142855,0.0,0.17260699999999998
29.42008457142857,0.0,0.37489
29.561527285714284,0.289527,0.337888
29.70297,0.14601,0.0
29.844412714285713,0.134864,0.62831
29.985855428571426,0.0,0.74055
30.127298142857143,0.0,0.0
30.268740857142856,0.00305306,0.0
30.410183571428572,0.0,0.442679
30.551626285714285,0.0,0.3874
30.693068999999998,0.0,0.0
30.834511714285714,0.0,0.0
30.975954428571427,0.0,0.636417
31.117397142857143,0.0,0.0
31.258839857142856,0.325999,0.0
31.40028257142857,0.21789099999999997,0.419767
31.541725285714286,0.0,0.346076
31.683168,0.0,0.0
31.824610714285715,0.0,0.0
31.966053428571428,0.13756500000000002,0.6950569999999999
32.107496142857144,0.132049,0.744001
32.24893885714285,0.150842,0.0
32.39038157142857,0.0,0.42329700000000003
32.531824285714286,0.0,0.313268
32.673267,0.185334,0.331296
32.81470971428571,0.0,0.0
32.95615242857143,0.083116,0.629895
33.097595142857145,0.0,0.736083
33.239037857142854,0.015451300000000001,0.0
33.38048057142857,0.0,0.266913
33.52192328571429,0.0,0.4389
33.663365999999996,0.0,0.384233
33.80480871428571,0.0,0.0
33.94625142857143,0.0,0.0
34.087694142857146,0.0649321,0.630984
34.229136857142855,0.0,0.0
34.37057957142857,0.308104,0.0
34.51202228571429,0.218054,0.0
34.653465,0.0,0.343585
34.79490771428571,0.0,0.0
34.93635042857143,0.0,0.0
35.07779314285714,0.131908,0.692616
35.219235857142856,0.115031,0.740019
35.36067857142857,0.319351,0.0
35.50212128571429,0.0,0.42281199999999997
35.643564,0.0346928,0.315201
35.785006714285714,0.225123,0.330785
35.92644942857143,0.145306,0.0
36.06789214285714,0.0,0.620169
36.209334857142856,0.0,0.730597
36.35077757142857,0.0,0.0
36.49222028571428,0.0,0.26595
36.633663,0.0,0.23987199999999997
36.775105714285715,0.0,0.378906
36.916548428571424,0.0,0.0
37.05799114285714,0.0,0.0
37.19943385714286,0.06356,0.6302180000000001
37.34087657142857,0.0,0.0
37.48231928571428,0.324615,0.0
37.623762,0.217669,0.0
37.765204714285716,0.0,0.34133800000000003
37.906647428571425,0.0,0.0
38.04809014285714,0.0,0.0
38.18953285714286,0.13739300000000002,0.685239
38.33097557142857,0.131576,0.7398710000000001
38.472418285714284,0.15171300000000001,0.0
38.613861,0.0,0.41712299999999997
38.755303714285716,0.0330255,0.30838699999999997
38.896746428571426,0.183231,0.323274
39.03818914285714,0.0226761,0.0
39.17963185714286,0.11882100000000001,0.622456
39.32107457142857,0.0,0.725217
39.462517285714284,0.0,0.0
39.60396,0.0,0.26365
39.74540271428571,0.0,0.43013100000000004
39.88684542857143,0.0,0.00011434700000000001
40.02828814285714,0.0,0.0
40.16973085714286,0.0,0.0
40.31117357142857,0.06450750000000001,0.6239819999999999
40.452616285714285,0.0,0.0
40.594059,0.305005,0.354043
40.73550171428571,0.217309,0.407384
40.87694442857143,0.0,0.332446
41.018387142857144,0.12970399999999999,0.0
41.15982985714285,0.0,0.0
41.30127257142857,0.132963,0.6828310000000001
41.442715285714286,0.136045,0.734985
41.584158,0.317297,0.0
41.72560071428571,0.0,0.41685
41.86704342857143,0.0632265,0.0
42.008486142857144,0.184784,0.321861
42.149928857142854,0.0,0.0
42.29137157142857,0.0,0.611043
42.43281428571429,0.0,0.718899
42.574256999999996,0.029056400000000003,0.0
42.71569971428571,0.0,0.262689
42.85714242857143,0.0,0.424867
42.998585142857145,0.0,0.000211103
43.140027857142854,0.0,0.0
43.28147057142857,0.0,0.0
43.42291328571429,0.06296080000000001,0.622799
43.564356,0.0,0.0
43.70579871428571,0.323288,0.0
43.84724142857143,0.217127,0.404569
43.98868414285714,0.0,0.329065
44.130126857142855,0.00857356,0.0
44.27156957142857,0.0163035,0.0
44.41301228571429,0.138547,0.67406
44.554455,0.0,0.7215020000000001
44.695897714285714,0.152805,0.0
44.83734042857143,0.0,0.409346
44.97878314285714,0.0614089,0.0
45.120225857142856,0.182419,0.313692
45.26166857142857,0.022281400000000003,0.0
45.40311128571428,0.116729,0.612378
45.544554,0.0,0.71214
45.685996714285714,0.0,0.0
45.82743942857143,0.0,0.25968800000000003
45.96888214285714,0.0,0.41989499999999996
46.11032485714286,0.0,0.364105
46.25176757142857,0.0,0.0
46.39321028571428,0.0,0.0
46.534653,0.063992,0.615689
46.676095714285715,0.0,0.0
46.817538428571424,0.301477,0.34857
46.95898114285714,0.216637,0.39819099999999996
47.10042385714286,0.0,0.32241
47.241866571428574,0.129128,0.0
47.38330928571428,0.0178318,0.0
47.524752,0.132888,0.6704899999999999
47.666194714285716,0.136095,0.714378
47.807637428571425,0.315757,0.660605
47.94908014285714,0.0,0.40876599999999996
48.09052285714286,0.0526805,0.0
48.23196557142857,0.18327100000000002,0.31196199999999996
48.373408285714284,0.0,0.0
48.514851,0.093749,0.5995060000000001
48.65629371428572,0.0,0.704756
48.797736428571426,0.0,0.0
48.93917914285714,0.0,0.258919
49.08062185714286,0.0,0.41343100000000005
49.22206457142857,0.0,0.356415
49.363507285714284,0.0,0.0
49.50495,0.0,0.0
49.64639271428571,0.0622222,0.613854
49.78783542857143,0.0,0.0
49.92927814285714,0.321457,0.34529099999999996
50.07072085714286,0.216969,0.394244
50.21216357142857,0.00688045,0.318129
50.353606285714285,0.00834637,0.0
50.495049,0.0,0.0
50.63649171428571,0.0848888,0.660054
50.77793442857143,0.13111099999999998,0.706767
50.919377142857144,0.149517,0.591501
51.06081985714285,0.0,0.400787
51.20226257142857,0.0,0.046523699999999994
51.343705285714286,0.18076199999999998,0.30178699999999997
51.485148,0.0217996,0.0
51.62659071428571,0.11413800000000002,0.6007779999999999
51.76803342857143,0.0,0.6966
51.909476142857145,0.0,0.0
52.050918857142854,0.0,0.25543899999999997
52.19236157142857,0.0,0.40729699999999996
52.33380428571429,0.0,0.350583
52.475246999999996,0.0,0.0545599
52.61668971428571,0.0,0.0
52.75813242857143,0.06335299999999999,0.605342
52.899575142857145,0.0,0.0
53.041017857142855,0.297293,0.0
53.18246057142857,0.216322,0.386527
53.32390328571429,0.0,0.30967100000000003
53.465346,0.0,0.0
53.60678871428571,0.0,0.0
53.74823142857143,0.134854,0.655656
53.88967414285714,0.0289411,0.69786
54.031116857142855,0.109831,0.635523
54.17255957142857,0.0,0.399144
54.31400228571428,0.0,0.296989
54.455445,0.181086,0.299481
54.596887714285714,0.0,0.0
54.73833042857143,0.0,0.585021
54.87977314285714,0.0,0.687539
55.021215857142856,0.028613799999999998,0.0
55.16265857142857,0.0,0.254
55.30410128571428,0.0,0.39950399999999997
55.445544,0.0,0.341468
55.586986714285715,0.0,0.050485699999999994
55.728429428571424,0.0,0.0
55.86987214285714,0.061289199999999995,0.6026050000000001
56.01131485714286,0.0,0.0
56.15275757142857,0.319279,0.157953
56.29420028571428,0.215875,0.38161300000000004
56.435643,0.0,0.304676
56.577085714285715,0.0,0.225814
