,x,xdot
1e-06,-2e-07,-0.2
6e-06,-1.2e-06,-0.200001
3.1e-05,-6.20007e-06,-0.200004
0.000156,-3.12017e-05,-0.200022
0.000781,-0.000156242,-0.200107
0.003906,-0.000782192,-0.200489
0.019531,-0.00392343,-0.20127799999999998
0.09765599999999999,-0.019003400000000004,-0.176847
0.216477,-0.033509500000000005,-0.0495891
0.342079,-0.0256065,0.191958
0.471505,0.020180200000000002,0.52682
0.614052,0.124742,0.9430129999999999
0.763051,0.296626,1.35215
0.894273,0.4927,1.6148799999999999
1.00567,0.6793899999999999,1.7148400000000001
1.11706,0.869324,1.6695900000000001
1.21535,1.02613,1.50168
1.31364,1.161,1.2268
1.41392,1.2664799999999998,0.866677
1.5174299999999998,1.33497,0.45345100000000005
1.62825,1.3606,0.0132203
1.75456,1.33312,-0.435418
1.88087,1.25443,-0.793808
2.00718,1.13705,-1.04662
2.13919,0.9878379999999999,-1.19429
2.2664400000000002,0.8326549999999999,-1.2275200000000002
2.3936900000000003,0.679551,-1.16395
2.52094,0.539747,-1.0225
2.65958,0.412029,-0.8142689999999999
2.8292200000000003,0.29646999999999996,-0.5546479999999999
3.02031,0.21066300000000002,-0.37335999999999997
3.1585799999999997,0.160162,-0.379661
3.29685,0.0991082,-0.527517
3.4351199999999995,0.00790022,-0.812967
3.5733900000000003,-0.13069,-1.20557
3.7116599999999997,-0.327798,-1.64727
3.84993,-0.584429,-2.04889
3.9476,-0.794916,-2.24437
4.04526,-1.01878,-2.3157799999999997
4.13039,-1.21401,-2.24992
4.21551,-1.39821,-2.0573099999999998
4.3006400000000005,-1.56104,-1.75157
4.38954,-1.6992099999999999,-1.34579
4.48152,-1.8018,-0.8815649999999999
4.5734900000000005,-1.86146,-0.419555
4.66876,-1.8800700000000001,0.020072
4.75873,-1.8616099999999998,0.380578
4.8487,-1.81338,0.6817340000000001
4.93867,-1.7407099999999998,0.9238860000000001
5.02864,-1.6488099999999999,1.11
5.12573,-1.53368,1.25194
5.2371099999999995,-1.38842,1.34439
5.3587,-1.22285,1.36541
5.4803,-1.05941,1.31112
5.6019,-0.906544,1.19425
5.7272,-0.766912,1.02919
5.872809999999999,-0.632346,0.820148
6.0668,-0.496017,0.607644
6.227069999999999,-0.403542,0.573516
6.38735,-0.302408,0.7208939999999999
6.547619999999999,-0.162136,1.05998
6.67773,0.00045453800000000004,1.4538200000000001
6.811310000000001,0.22546999999999998,1.9202099999999998
6.944889999999999,0.5126890000000001,2.36801
7.0366100000000005,0.741305,2.60174
7.116630000000001,0.9546479999999999,2.7130099999999997
7.1966600000000005,1.17236,2.7067
7.276680000000001,1.38421,2.56513
7.3567,1.57933,2.29087
7.436719999999999,1.74797,1.90913
7.515739999999999,1.8816400000000002,1.4672399999999999
7.594760000000001,1.97932,1.00489
7.673769999999999,2.0409,0.558949
7.7599100000000005,2.0697099999999997,0.11980299999999999
7.83886,2.0651,-0.227318
7.91781,2.0352799999999998,-0.518867
7.996760000000001,1.9845700000000002,-0.7572949999999999
8.07571,1.9169900000000002,-0.946883
8.15611,1.83463,-1.09429
8.24258,1.73485,-1.20583
8.33958,1.61398,-1.27758
8.44931,1.4722,-1.29588
8.5711,1.31673,-1.2453299999999998
8.6929,1.17143,-1.1315
8.814689999999999,1.04298,-0.972045
8.94909,0.925633,-0.773332
9.1154,0.81605,-0.55604
9.2817,0.734532,-0.44915
9.42385,0.669024,-0.49665200000000004
9.566,0.58615,-0.695
9.70815,0.464379,-1.0416100000000001
9.8503,0.284127,-1.5119999999999998
9.96912,0.0777988,-1.9667299999999999
10.0879,-0.183606,-2.4294
10.1885,-0.445858,-2.77331
10.2699,-0.6804899999999999,-2.97412
10.3514,-0.927199,-3.0634200000000003
10.4219,-1.1425299999999998,-3.02372
10.4924,-1.3508,-2.8622400000000003
10.5629,-1.54344,-2.58284
10.6374,-1.72148,-2.18355
10.7218,-1.88378,-1.65242
10.7962,-1.98858,-1.1656
10.8706,-2.0577900000000002,-0.700886
10.9538,-2.09633,-0.23757199999999998
11.0285,-2.1005,0.115473
11.1031,-2.08062,0.406955
11.1778,-2.0411799999999998,0.640238
11.2525,-1.98633,0.8206709999999999
11.328,-1.9189900000000002,0.95504
11.4085,-1.83792,1.05069
11.4973,-1.74187,1.10509
11.6004,-1.6272,1.1084100000000001
11.7149,-1.50321,1.04665
11.8414,-1.3786200000000002,0.914392
11.9678,-1.2738,0.7384850000000001
12.1033,-1.1874799999999999,0.537528
12.2557,-1.12067,0.351099
12.4082,-1.07518,0.267424
12.5606,-1.03151,0.332776
12.6823,-0.981633,0.504771
12.804,-0.90451,0.778838
12.9257,-0.788484,1.14134
13.0509,-0.618259,1.5869
13.1716,-0.398362,2.06186
13.2982,-0.105021,2.5705299999999998
13.4023,0.182738,2.95058
13.4844,0.43517,3.18434
13.5665,0.7029310000000001,3.31682
13.6357,0.933383,3.31924
13.705,1.15992,3.20158
13.7743,1.37395,2.9586799999999998
13.8435,1.56714,2.6034900000000003
13.9186,1.74518,2.1266599999999998
13.9929,1.8841,1.60991
14.0672,1.9845099999999998,1.0973700000000002
14.1428,2.04902,0.6183489999999999
14.2286,2.0815099999999997,0.155158
14.3003,2.08098,-0.15901400000000002
14.372,2.06027,-0.407948
14.4437,2.0239,-0.5968720000000001
14.5154,1.97595,-0.7321989999999999
14.5916,1.9163400000000002,-0.824304
14.6743,1.8458299999999999,-0.871836
14.7675,1.76432,-0.86944
14.875,1.67367,-0.8062159999999999
14.9971,1.58267,-0.676501
15.1252,1.50684,-0.50371
15.2648,1.4499,-0.316257
15.4003,1.41693,-0.18223399999999998
15.5358,1.39649,-0.137008
15.6713,1.37457,-0.207038
15.7942,1.33971,-0.376284
15.9172,1.27824,-0.637926
16.0401,1.1797,-0.9760260000000001
16.1631,1.03583,-1.3724100000000001
16.2922,0.829325,-1.8325
16.4301,0.540992,-2.35034
16.5681,0.18149200000000001,-2.8549599999999997
16.6608,-0.0971913,-3.14721
16.7401,-0.35481399999999996,-3.33184
16.8195,-0.623514,-3.42038
16.8891,-0.8613219999999999,-3.3916800000000005
16.9588,-1.09312,-3.24588
17.0284,-1.31055,-2.9799
17.1002,-1.5113,-2.59538
17.1768,-1.6915,-2.10046
17.2639,-1.84834,-1.4975
17.3511,-1.9533900000000002,-0.9227549999999999
17.4383,-2.0114900000000002,-0.426196
17.5143,-2.03004,-0.0749177
17.5904,-2.02489,0.197526
17.6664,-2.0018700000000003,0.396123
17.7425,-1.9663099999999998,0.528904
17.8207,-1.9215400000000002,0.60611
17.9055,-1.86865,0.632532
18.0014,-1.80887,0.604592
18.1123,-1.7462799999999998,0.516151
18.2396,-1.68947,0.37222
18.3839,-1.64818,0.203501
18.5166,-1.62931,0.09165880000000001
18.6492,-1.62028,0.0604505
18.7819,-1.60867,0.13273900000000002
18.9002,-1.5845799999999999,0.288208
19.0204,-1.53644,0.525105
19.1405,-1.4558,0.826169
19.2607,-1.33598,1.17438
19.3809,-1.17224,1.55479
19.5173,-0.9293049999999999,2.01016
19.7069,-0.487363,2.64798
19.8142,-0.1852,2.9765
19.9026,0.0880746,3.1958900000000003
19.991,0.377375,3.33259
20.0646,0.62422,3.3538900000000003
20.1383,0.8687950000000001,3.26792
20.2119,1.1026799999999999,3.06288
20.2856,1.31716,2.74345
20.3617,1.51035,2.31813
20.4455,1.68262,1.78833
20.5321,1.8133599999999999,1.2372299999999998
20.6186,1.89831,0.738054
20.7072,1.94425,0.316307
20.7957,1.9573599999999998,-0.00287917
20.8842,1.94668,-0.22257600000000002
20.9728,1.9205599999999998,-0.35399400000000003
21.0613,1.88618,-0.41142700000000004
21.1552,1.84726,-0.408273
21.2649,1.80548,-0.34471399999999996
21.3883,1.7697200000000002,-0.230454
21.5329,1.74669,-0.0921618
21.6657,1.7406,-0.0105223
21.7985,1.7402799999999998,-0.0099208
21.9388,1.73265,-0.117908
22.0514,1.71061,-0.284934
22.164,1.66618,-0.513645
22.2766,1.59315,-0.790482
22.3891,1.48691,-1.10155
22.5076,1.33586,-1.45266
22.6408,1.1151200000000001,-1.86385
22.8016,0.774911,-2.36444
22.9313,0.44302700000000006,-2.74687
23.0316,0.154504,-3.00197
23.118000000000002,-0.11246300000000001,-3.16609
23.2044,-0.39028,-3.24777
23.2804,-0.636933,-3.22601
23.3564,-0.877986,-3.09828
23.4324,-1.10507,-2.85865
23.5107,-1.3156299999999999,-2.50661
23.5914,-1.50052,-2.06391
23.6845,-1.6671,-1.5139799999999999
23.7775,-1.78318,-0.9896149999999999
23.8706,-1.8537400000000002,-0.542226
23.9659,-1.88773,-0.190083
24.0612,-1.8934900000000001,0.05145840000000001
24.1564,-1.8811200000000001,0.192648
24.2517,-1.8594400000000002,0.250319
24.3531,-1.83398,0.24168
24.4705,-1.80919,0.17294400000000001
24.6024,-1.79338,0.0656695
24.7542,-1.7916599999999998,-0.0332444
24.906,-1.79905,-0.0457663
25.0578,-1.7993299999999999,0.06354560000000001
25.1677,-1.7842799999999999,0.22085
25.2775,-1.74872,0.43511099999999997
25.3874,-1.6870599999999998,0.693969
25.4972,-1.59512,0.984391
25.6127,-1.46269,1.31138
25.7422,-1.26835,1.6917200000000001
25.8937,-0.977909,2.14054
26.0414,-0.630392,2.56135
26.151999999999997,-0.33121999999999996,2.84226
26.2454,-0.056469399999999996,3.03131
26.3388,0.232713,3.1457900000000003
26.418000000000003,0.483152,3.15848
26.4973,0.7308020000000001,3.07262
26.5766,0.9673309999999999,2.87715
26.6558,1.1841,2.57634
26.7372,1.37826,2.18119
26.8255,1.54978,1.6999900000000001
26.9255,1.6923400000000002,1.15824
27.0255,1.78368,0.6842010000000001
27.1255,1.8327099999999998,0.315775
27.2255,1.8506900000000002,0.06287340000000001
27.3254,1.84886,-0.083113
27.4254,1.83703,-0.14041900000000002
27.5346,1.8217900000000002,-0.128172
27.6597,1.80978,-0.0574058
27.7993,1.80856,0.0379031
27.9512,1.8196599999999998,0.09513189999999999
28.1031,1.83228,0.05133769999999999
28.2192,1.83218,-0.06522330000000001
28.3374,1.8139299999999998,-0.254762
28.4556,1.76961,-0.503626
28.5738,1.69317,-0.795766
28.691999999999997,1.58041,-1.11565
28.8147,1.42236,-1.4634200000000002
28.9565,1.1858799999999998,-1.87201
29.1208,0.8399459999999999,-2.33584
29.2458,0.5270020000000001,-2.66195
29.3486,0.241404,-2.8893299999999997
29.4385,-0.0254955,-3.03462
29.5285,-0.302195,-3.10249
29.6184,-0.580446,-3.0646
29.7084,-0.849672,-2.89945
29.7983,-1.0981100000000001,-2.60398
29.8883,-1.3148799999999998,-2.20127
29.9782,-1.49227,-1.7375200000000002
30.0847,-1.6476,-1.1855799999999999
30.1912,-1.74732,-0.7037439999999999
30.2977,-1.8015900000000002,-0.336226
30.4042,-1.8234,-0.09393430000000001
30.5107,-1.82565,0.0344332
30.6172,-1.8193099999999998,0.07172410000000001
30.7402,-1.81192,0.038060699999999996
30.8757,-1.81201,-0.04210119999999999
31.025,-1.82437,-0.115375
31.1743,-1.8426099999999999,-0.11231700000000001
31.3236,-1.8523,0.00230372
31.4312,-1.8442599999999998,0.156806
31.5388,-1.8166799999999999,0.363662
31.6464,-1.76453,0.6114069999999999
31.754,-1.68408,0.887754
31.8674,-1.56586,1.19813
31.9955,-1.38931,1.55951
32.1471,-1.12036,1.98794
32.3141,-0.750225,2.4399599999999997
32.4294,-0.45248900000000003,2.71875
32.5279,-0.174574,2.91256
32.6264,0.11928399999999999,3.03709
32.7091,0.37191,3.06333
32.7917,0.623005,2.99713
32.8744,0.864331,2.82572
32.957,1.08713,2.55038
33.041,1.28659,2.18343
33.1301,1.46148,1.7395
33.2405,1.62257,1.18577
33.3508,1.72596,0.705023
33.4612,1.78265,0.34402699999999997
33.5716,1.80672,0.113282
33.6819,1.8119599999999998,-0.0008720789999999999
33.7936,1.8098299999999998,-0.024490400000000002
33.9257,1.80906,0.022053
34.0684,1.81788,0.101118
34.2037,1.8352099999999998,0.146002
34.339,1.85411,0.118876
34.4629,1.8630799999999998,0.0123732
34.571,1.85645,-0.144652
34.679,1.82995,-0.353598
34.7871,1.7785900000000001,-0.60283
34.8951,1.6986900000000003,-0.879927
35.0088,1.5812,-1.18945
35.1377,1.40458,-1.55055
35.2916,1.13283,-1.98052
35.4587,0.764026,-2.4259
35.5741,0.46803900000000004,-2.69944
35.6732,0.190499,-2.89017
35.7724,-0.102809,-3.0124
35.8558,-0.355587,-3.03786
35.9391,-0.6068,-2.97193
36.0225,-0.8482290000000001,-2.80206
36.1059,-1.07115,-2.52952
36.1907,-1.27083,-2.16649
36.2804,-1.44584,-1.72822
36.3932,-1.60922,-1.17509
36.4926,-1.70413,-0.748996
36.592,-1.7611900000000003,-0.41666499999999995
36.6964,-1.7913299999999999,-0.179362
36.8009,-1.8023900000000002,-0.0487091
36.9112,-1.80456,-0.00413491
37.0441,-1.8064099999999998,-0.034889800000000006
37.1872,-1.8166,-0.108851
37.3402,-1.8379900000000002,-0.160294
37.4932,-1.86103,-0.122358
37.6128,-1.8697,-0.0102633
37.7324,-1.8606,0.17366600000000001
37.8368,-1.8318599999999998,0.383984
37.9412,-1.7792400000000002,0.6294850000000001
38.0472,-1.6981099999999998,0.903603
38.162,-1.5765799999999999,1.2164700000000002
38.2937,-1.3922299999999999,1.58385
38.4519,-1.10686,2.02175
38.5957,-0.788432,2.40049
38.7133,-0.48948800000000003,2.67773
38.8133,-0.211558,2.86965
38.9134,0.0824424,2.99396
38.9973,0.335565,3.02208
39.0813,0.587379,2.95988
39.1653,0.8296899999999999,2.79451
39.2492,1.05375,2.52672
39.3345,1.2545600000000001,2.16862
39.4245,1.4303700000000001,1.73649
39.5376,1.59552,1.18845
39.6373,1.69222,0.7651060000000001
39.736999999999995,1.75115,0.434307
39.8416,1.78325,0.198149
39.9463,1.7963200000000001,0.06789049999999999
40.0585,1.8006400000000002,0.0229923
40.1958,1.80523,0.0552201
40.3417,1.81854,0.127772
40.4772,1.8392700000000002,0.169613
40.6128,1.86136,0.142204
40.7378,1.87333,0.035688199999999996
40.8456,1.8693,-0.119833
40.9534,1.8456400000000002,-0.326782
41.0612,1.79741,-0.57371
41.169,1.7209599999999998,-0.8482620000000001
41.282,1.6080299999999998,-1.15355
41.4102,1.43725,-1.50973
41.5647,1.17097,-1.9371
41.7133,0.8533780000000001,-2.3313099999999998
41.8352,0.5509729999999999,-2.62426
41.9382,0.269703,-2.83005
42.0412,-0.0296557,-2.9704200000000003
42.126000000000005,-0.284103,-3.01267
42.2109,-0.538535,-2.96693
42.2958,-0.784796,-2.8185
42.3807,-1.01397,-2.56546
42.4655,-1.21773,-2.22362
42.5544,-1.39704,-1.80593
42.6603,-1.56093,-1.29298
42.7706,-1.67639,-0.814733
42.8809,-1.74475,-0.44497
42.9913,-1.77922,-0.20036900000000002
43.1016,-1.79325,-0.0716547
43.2172,-1.7986,-0.0349009
43.3585,-1.80561,-0.0748349
43.507,-1.82212,-0.146233
43.6424,-1.84464,-0.17683
43.7777,-1.8666099999999999,-0.13300599999999999
43.8952,-1.8762900000000002,-0.0198102
44.0146,-1.8682599999999998,0.165421
44.1187,-1.84043,0.37600100000000003
44.2228,-1.78878,0.621047
44.3287,-1.70872,0.894323
44.4434,-1.5883,1.2061899999999999
44.5756,-1.4046299999999998,1.57312
44.7356,-1.1176,2.0127
44.8787,-0.80248,2.38584
44.9967,-0.5043380000000001,2.66108
45.0974,-0.22645700000000002,2.85212
45.198,0.0675316,2.97621
45.2825,0.320831,3.00496
45.367,0.572904,2.94426
45.4515,0.815575,2.78126
45.536,1.04011,2.51651
45.6219,1.24147,2.16197
45.7122,1.41765,1.7345599999999999
45.8249,1.5825,1.1965299999999999
45.9376,1.6901099999999998,0.730023
46.0503,1.75158,0.382423
46.1631,1.78121,0.16433299999999998
46.2758,1.7929599999999999,0.061199699999999996
46.3977,1.7987099999999998,0.046488699999999994
46.5411,1.80873,0.10077799999999999
46.6924,1.82935,0.166908
46.8437,1.8560900000000002,0.171781
46.9949,1.87592,0.0708196
47.1034,1.87631,-0.0734
47.2118,1.85805,-0.271473
47.3202,1.8158900000000002,-0.512366
47.4286,1.7458599999999997,-0.7834840000000001
47.5395,1.64268,-1.07991
47.6639,1.4870700000000001,-1.42321
47.813,1.24394,-1.83578
47.9831,0.8927940000000001,-2.28851
48.1064,0.591964,-2.58671
48.2114,0.30862399999999995,-2.80057
48.3164,0.00591287,-2.9504
48.402,-0.249408,-3.0009200000000003
48.4877,-0.505495,-2.96507
48.5733,-0.75422,-2.82712
48.6589,-0.9865799999999999,-2.58358
48.7445,-1.19401,-2.2486900000000003
48.8332,-1.37552,-1.83929
48.9364,-1.53968,-1.34246
49.0365,-1.65145,-0.901573
49.1366,-1.723,-0.543876
49.2382,-1.76417,-0.28435
49.3437,-1.78473,-0.122951
49.4549,-1.7936900000000002,-0.053079499999999995
49.5865,-1.8005099999999998,-0.0634367
49.7329,-1.8143599999999998,-0.12909500000000002
49.8867,-1.8389099999999998,-0.181284
50.0404,-1.86579,-0.150503
50.1636,-1.87844,-0.0418216
50.271,-1.8749900000000002,0.11528900000000002
50.3784,-1.8518599999999998,0.322863
50.4858,-1.80423,0.569524
50.5932,-1.72855,0.843058
50.7062,-1.61619,1.14783
50.835,-1.4455200000000001,1.50401
50.99100000000001,-1.17724,1.9333200000000001
51.1387,-0.862593,2.32196
51.2607,-0.561195,2.61246
51.3641,-0.28015,2.81697
51.4674,0.018938800000000002,2.95649
51.5527,0.27347899999999997,2.99874
51.638000000000005,0.52803,2.95362
51.7233,0.774451,2.80653
51.8086,1.00385,2.5555
51.8939,1.20789,2.21617
51.9832,1.38743,1.8018
52.0891,1.55134,1.29456
52.2004,1.6680000000000001,0.818578
52.3116,1.7374900000000002,0.451563
52.4228,1.7731299999999999,0.210234
52.534,1.78856,0.0849183
52.6523,1.79577,0.051172699999999995
52.7969,1.8055599999999998,0.09420060000000001
52.9479,1.82516,0.162794
53.0989,1.8521900000000002,0.18193299999999998
53.2498,1.8750200000000001,0.101452
53.3603,1.8794799999999998,-0.0310318
53.4707,1.8660299999999999,-0.221323
53.5811,1.82887,-0.458636
53.6915,1.76351,-0.729766
53.8019,1.66694,-1.02209
53.9233,1.52272,-1.35556
54.0675,1.29837,-1.7547
54.2374,0.961268,-2.21065
54.3658,0.656475,-2.52826
54.4744,0.369155,-2.75864
54.5693,0.09953830000000001,-2.9106
54.6643,-0.181321,-2.99092
54.748000000000005,-0.431867,-2.98009
54.8317,-0.677669,-2.87542
54.9154,-0.910482,-2.66968
55.0018,-1.12834,-2.35988
55.0891,-1.31795,-1.97333
55.1853,-1.48567,-1.51171
55.2992,-1.62763,-0.9936309999999999
55.413000000000004,-1.71565,-0.572642
55.5269,-1.76295,-0.280516
55.6407,-1.78437,-0.11549300000000001
55.7546,-1.7932400000000002,-0.05535319999999999
55.8924,-1.80145,-0.07627460000000001
56.0411,-1.81775,-0.144413
56.1769,-1.84066,-0.18498399999999998
56.3128,-1.86494,-0.15849000000000002
56.4393,-1.8791400000000003,-0.052212699999999994
56.5471,-1.87696,0.101985
56.6548,-1.85532,0.307485
56.7625,-1.8092700000000002,0.552959
56.8703,-1.73518,0.826061
56.9827,-1.62543,1.1285100000000001
57.1104,-1.45886,1.48125
57.265,-1.1967299999999998,1.9068599999999998
57.4142,-0.882602,2.30021
57.5375,-0.580286,2.59559
57.6419,-0.298203,2.80445
57.7462,0.00257845,2.9489799999999997
57.8318,0.257546,2.99553
57.9174,0.512925,2.9554400000000003
58.003,0.760588,2.81353
58.0886,0.9915889999999999,2.56705
58.1742,1.1974799999999999,2.23084
58.2632,1.37812,1.8201200000000002
58.3677,1.54213,1.32027
58.4804,1.66277,0.835398
58.5932,1.73463,0.460783
58.7059,1.77151,0.21484299999999998
58.8186,1.78755,0.08792269999999999
58.9375,1.79519,0.0546706
59.0829,1.8055900000000003,0.0982987
59.2345,1.8258400000000001,0.166189
59.386,1.85332,0.182886
59.5375,1.87609,0.0984975
59.6476,1.8800700000000001,-0.03627380000000001
59.7577,1.8659999999999999,-0.228149
59.8678,1.82813,-0.46626999999999996
59.9779,1.7621,-0.737518
60.088,1.6649599999999998,-1.02942
60.2098,1.5192299999999999,-1.3642
60.355,1.2920200000000002,-1.7655299999999998
60.5253,0.952184,-2.22151
60.6529,0.6483369999999999,-2.5354099999999997
60.7609,0.361707,-2.7629099999999998
60.8556,0.0925671,-2.91235
60.9503,-0.187531,-2.9899
61.0449,-0.47048,-2.96805
61.1396,-0.7457159999999999,-2.8242599999999998
61.2343,-1.00124,-2.55266
61.32899999999999,-1.22567,-2.1731599999999998
61.4237,-1.41075,-1.7301400000000002
61.5357,-1.57456,-1.20042
61.6477,-1.68232,-0.740375
61.7597,-1.7448,-0.39636
61.8717,-1.7758900000000002,-0.179226
61.9838,-1.78919,-0.0751772
62.1071,-1.7966,-0.058660800000000006
62.2528,-1.8085099999999998,-0.11229700000000001
62.4054,-1.8309,-0.17593599999999998
62.558,-1.8588900000000002,-0.175452
62.7105,-1.8788599999999998,-0.0664882
62.818000000000005,-1.87857,0.0812371
62.9255,-1.85952,0.281071
63.033,-1.81667,0.522058
63.1405,-1.74625,0.791913
63.2517,-1.64178,1.0894700000000002
63.376999999999995,-1.48367,1.43497
63.5281,-1.2353399999999999,1.8514599999999999
63.6984,-0.881308,2.30171
63.8204,-0.5822470000000001,2.59364
63.9248,-0.30001500000000003,2.80274
64.0293,0.0009641160000000001,2.94752
64.1149,0.25596199999999997,2.99427
64.2006,0.511393,2.95445
64.2862,0.7591289999999999,2.8128900000000003
64.3719,0.990225,2.56676
64.4575,1.19622,2.23089
64.5466,1.37694,1.8206
64.65100000000001,1.54096,1.32149
64.7639,1.66188,0.836375
64.8768,1.73394,0.461636
64.9896,1.7709599999999999,0.215773
65.1025,1.7871400000000002,0.089088
65.2217,1.79495,0.0561369
65.3674,1.80561,0.10005700000000001
65.5192,1.82614,0.167631
65.6709,1.85381,0.18323299999999998
65.8226,1.87654,0.09711310000000001
65.9326,1.88031,-0.0386459
66.0425,1.86595,-0.23118899999999998
66.1525,1.82778,-0.469632
66.2625,1.7614599999999998,-0.740897
66.3724,1.66409,-1.03259
66.4945,1.5177,-1.36792
66.64,1.28925,-1.7702099999999998
66.8105,0.9482809999999999,-2.22614
66.9377,0.64483,-2.5384599999999997
67.0455,0.358495,-2.76475
67.1401,0.08955729999999999,-2.9131099999999996
67.2347,-0.190218,-2.9894700000000003
67.3292,-0.47272600000000004,-2.96645
67.4238,-0.747432,-2.82174
67.5184,-1.0023799999999998,-2.54972
67.6129,-1.22627,-2.17037
67.7075,-1.41088,-1.7280099999999998
67.8198,-1.57477,-1.1977
67.932,-1.6824599999999998,-0.73766
68.0443,-1.7448,-0.39426500000000003
68.1565,-1.77577,-0.17817
68.2688,-1.78905,-0.07530060000000001
68.3926,-1.79657,-0.0599462
68.5386,-1.80875,-0.11424100000000001
68.6913,-1.8314400000000002,-0.177234
68.8441,-1.85953,-0.174876
68.9968,-1.8792400000000002,-0.063309
69.1041,-1.87854,0.08566649999999999
69.2113,-1.8590200000000001,0.286225
69.3185,-1.81571,0.52742
69.4257,-1.7449,0.79706
69.5371,-1.63966,1.0952899999999999
69.6628,-1.4802600000000001,1.44191
69.8145,-1.2297,1.8599599999999998
69.9847,-0.874333,2.30938
70.1062,-0.575815,2.59901
70.2103,-0.294032,2.8062
70.3144,0.00622428,2.94885
70.4,0.26106,2.9938700000000003
70.4856,0.51617,2.95212
70.5712,0.763425,2.80863
70.6567,0.9939,2.56093
70.7423,1.19919,2.22411
70.8315,1.3794899999999999,1.81277
70.9366,1.54346,1.31146
71.0489,1.6629099999999999,0.830284
71.1612,1.73416,0.45896499999999996
71.2736,1.7708400000000002,0.21531999999999998
71.3859,1.7869700000000002,0.089616
71.5052,1.79485,0.0567422
71.6511,1.80561,0.100733
71.8029,1.82625,0.168184
71.9547,1.8539900000000002,0.183399
72.1065,1.8767099999999999,0.0966641
72.2164,1.88041,-0.0394385
72.3263,1.8659599999999998,-0.23221
72.4362,1.82769,-0.470758
72.5461,1.76128,-0.742019
72.656,1.66383,-1.03362
72.7781,1.51722,-1.36915
72.9238,1.28835,-1.7717599999999998
73.0942,0.9472459999999999,-2.22737
73.2214,0.643904,-2.53925
73.3291,0.357656,-2.76517
73.4237,0.08877610000000001,-2.91322
73.5182,-0.190906,-2.98924
73.6127,-0.47329,-2.9658900000000004
73.7073,-0.747844,-2.8209299999999997
73.8018,-1.00263,-2.5488
73.8964,-1.2263600000000001,-2.16952
73.9909,-1.41085,-1.72738
74.1032,-1.57476,-1.19695
74.2155,-1.6824299999999999,-0.7369439999999999
74.3279,-1.7447400000000002,-0.393757
74.4402,-1.7756900000000002,-0.17798
74.5525,-1.78898,-0.0754583
74.6765,-1.79655,-0.06044159999999999
74.8226,-1.80883,-0.11492899999999999
74.9754,-1.83161,-0.177698
75.1282,-1.8597400000000002,-0.174719
75.281,-1.8793799999999998,-0.0622899
75.3882,-1.87855,0.087096
75.4953,-1.85887,0.287893
75.6024,-1.8154099999999997,0.5291560000000001
75.7096,-1.74448,0.7987270000000001
75.821,-1.6389900000000002,1.0971799999999998
75.9468,-1.47916,1.4441700000000002
76.0987,-1.22786,1.86273
76.26899999999999,-0.8720709999999999,2.31186
76.3903,-0.573735,2.60073
76.4943,-0.292101,2.80728
76.5983,0.00791891,2.94924
76.6838,0.262702,2.99369
76.7694,0.5177069999999999,2.9513
76.8549,0.7648050000000001,2.80718
76.9405,0.9950760000000001,2.55897
77.0261,1.20013,2.22185
77.1153,1.3803,1.8101599999999998
77.2205,1.54425,1.3081399999999999
77.3327,1.66324,0.8282450000000001
77.4449,1.7342099999999998,0.45805500000000005
77.557,1.77079,0.21516100000000002
77.6692,1.7869,0.0898112
77.7886,1.7948,0.056997400000000004
77.9345,1.80562,0.101037
78.0863,1.8263,0.168432
78.2382,1.85407,0.18345799999999998
78.39,1.8767900000000002,0.0964245
78.4999,1.88045,-0.039845599999999995
78.6098,1.86595,-0.232729
78.7197,1.8276299999999999,-0.471329
78.8296,1.7611700000000001,-0.742589
78.9394,1.6636799999999998,-1.03415
79.0616,1.51696,-1.3697700000000002
79.2073,1.28788,-1.7725400000000002
79.3777,0.946702,-2.22802
79.5048,0.643412,-2.53967
79.6125,0.357207,-2.7654099999999997
79.707,0.0883569,-2.9133
79.8016,-0.191279,-2.98915
79.8961,-0.473599,-2.96564
79.9906,-0.7480760000000001,-2.82055
80.0851,-1.00278,-2.54835
80.1797,-1.22644,-2.1691
80.2742,-1.41085,-1.7270599999999998
80.3865,-1.5747799999999998,-1.19655
80.4989,-1.6824400000000002,-0.736559
80.6113,-1.74472,-0.39347
80.7236,-1.7756599999999998,-0.177849
80.836,-1.78895,-0.07550319999999999
80.96,-1.7965400000000002,-0.060658500000000004
81.1061,-1.80887,-0.11524200000000001
81.259,-1.8317,-0.17790599999999998
81.4119,-1.8598400000000002,-0.17463099999999998
81.5647,-1.8794400000000002,-0.061794299999999996
81.6718,-1.87854,0.0877866
81.7789,-1.8588,0.288697
81.88600000000001,-1.8152700000000002,0.529995
81.9931,-1.74427,0.799535
82.1045,-1.6386599999999998,1.0981
82.2304,-1.4786299999999999,1.44526
82.3824,-1.2269700000000001,1.8640700000000001
82.5527,-0.8709690000000001,2.31307
82.6739,-0.572719,2.60157
82.7778,-0.29115599999999997,2.80782
82.8818,0.00874899,2.94944
82.9673,0.263507,2.99361
83.0529,0.518461,2.95091
83.1384,0.765482,2.80649
83.22399999999999,0.995655,2.55803
83.3095,1.2006,2.22076
83.3987,1.3807,1.8089099999999998
83.5041,1.54465,1.30653
83.6162,1.6634,0.827247
83.7283,1.73425,0.457599
83.8404,1.7707700000000002,0.215067
83.9525,1.7868700000000002,0.0898882
84.0718,1.79479,0.057104199999999994
84.2178,1.80562,0.10116599999999999
84.3696,1.82633,0.16853800000000002
84.5215,1.85411,0.18348
84.6733,1.8768200000000002,0.0963172
84.7832,1.88047,-0.040026099999999995
84.8931,1.86595,-0.232958
85.00299999999999,1.8276,-0.47158100000000003
85.1128,1.76112,-0.742842
85.2227,1.66362,-1.03439
85.3449,1.51685,-1.37005
85.4907,1.28768,-1.77289
85.661,0.9464600000000001,-2.22831
85.7881,0.643192,-2.53986
85.8958,0.357007,-2.76552
85.9903,0.0881691,-2.9133400000000003
86.0848,-0.191446,-2.9891099999999997
86.1793,-0.473738,-2.9655299999999998
86.2739,-0.748181,-2.82038
86.3684,-1.00285,-2.5481599999999998
86.4629,-1.2264700000000002,-2.16892
86.5574,-1.41086,-1.72692
86.6698,-1.57479,-1.19638
86.7822,-1.6824400000000002,-0.736386
86.8945,-1.74472,-0.393339
87.0069,-1.77565,-0.177787
87.1193,-1.7889400000000002,-0.075519
87.2434,-1.7965400000000002,-0.0607504
87.3895,-1.8088799999999998,-0.11537599999999999
87.5424,-1.8317400000000001,-0.177994
87.6952,-1.85989,-0.174591
87.8481,-1.87946,-0.0615775
87.9552,-1.87854,0.0880881
88.0623,-1.8587599999999997,0.289049
88.1693,-1.8152,0.530361
88.2764,-1.7441799999999998,0.799888
88.3879,-1.63851,1.0985
88.5138,-1.4783899999999999,1.44574
88.6658,-1.22658,1.86465
88.8361,-0.8704860000000001,2.3136
88.9572,-0.572275,2.6019400000000004
89.0612,-0.290743,2.80805
89.1651,0.00911301,2.9495299999999998
89.2506,0.26386,2.99358
89.3362,0.518792,2.95074
89.4217,0.76578,2.80619
89.5073,0.9959100000000001,2.55762
89.5928,1.20081,2.2202900000000003
89.682,1.3808799999999999,1.8083599999999997
89.7874,1.54482,1.30582
89.8995,1.6634799999999998,0.826809
90.0116,1.73427,0.45739799999999997
90.1236,1.7707700000000002,0.215023
90.2357,1.78686,0.0899194
90.355,1.7947799999999998,0.0571489
90.501,1.80562,0.101221
90.6528,1.82634,0.16858199999999998
90.8047,1.8541299999999998,0.18349000000000001
90.9566,1.87684,0.0962708
91.0665,1.88048,-0.0401037
91.1763,1.86595,-0.23305599999999999
91.2862,1.82759,-0.471689
91.3961,1.7611,-0.74295
91.5059,1.6635900000000001,-1.03449
91.6281,1.5168,-1.37017
91.7739,1.28759,-1.7730400000000002
91.9443,0.946355,-2.22843
92.0713,0.643097,-2.53994
92.179,0.35691999999999996,-2.76557
92.2735,0.088088,-2.91336
92.368,-0.191518,-2.9891
92.4626,-0.47379799999999994,-2.96548
92.5571,-0.7482270000000001,-2.8203099999999997
92.6516,-1.00288,-2.54807
92.7461,-1.22648,-2.1688400000000003
92.8406,-1.41086,-1.7268599999999998
92.95299999999999,-1.57479,-1.1963
93.0654,-1.6824400000000002,-0.7363109999999999
93.1778,-1.74472,-0.393282
93.2901,-1.77565,-0.17776
93.4025,-1.78893,-0.075525
93.5266,-1.7965400000000002,-0.0607891
93.6728,-1.80889,-0.115433
93.8256,-1.83175,-0.178032
93.9785,-1.85991,-0.174574
94.1314,-1.8794799999999998,-0.061484800000000006
94.2384,-1.87854,0.0882169
94.3455,-1.85875,0.289198
94.4526,-1.8151700000000002,0.530518
94.5597,-1.7441400000000002,0.800038
94.6711,-1.63845,1.09867
94.79700000000001,-1.4782899999999999,1.44594
94.9491,-1.22641,1.8649
95.1193,-0.8702799999999999,2.31382
95.2405,-0.572084,2.6021
95.3444,-0.290566,2.80815
95.4483,0.00926879,2.94957
95.5339,0.264011,2.99357
95.6194,0.518933,2.95067
95.705,0.765907,2.80606
95.7905,0.9960190000000001,2.55744
95.876,1.20089,2.22008
95.9653,1.38095,1.80813
96.0707,1.5449,1.30552
96.1827,1.6635099999999998,0.826622
96.2948,1.73427,0.45731099999999997
96.4068,1.77076,0.215004
96.5189,1.78685,0.0899322
96.6382,1.7947799999999998,0.057167499999999996
96.7842,1.80562,0.101244
96.9361,1.82634,0.168601
97.0879,1.8541299999999998,0.18349300000000002
97.2398,1.87684,0.0962511
97.3497,1.88048,-0.0401366
97.4595,1.86595,-0.233098
97.5694,1.82758,-0.471735
97.6793,1.76109,-0.742996
97.7891,1.6635799999999998,-1.03453
97.9113,1.51678,-1.37022
98.0571,1.28755,-1.7731
98.2275,0.946311,-2.22848
98.3545,0.643057,-2.5399700000000003
98.4622,0.356883,-2.76559
98.5567,0.08805349999999999,-2.91337
98.6512,-0.191549,-2.98909
98.7458,-0.47382299999999994,-2.9654599999999998
98.8403,-0.748247,-2.82028
98.9348,-1.00289,-2.5480400000000003
99.0293,-1.2264899999999999,-2.1688099999999997
99.1238,-1.41086,-1.7268400000000002
99.2362,-1.57479,-1.1962700000000002
99.3486,-1.6824400000000002,-0.73628
99.461,-1.74472,-0.393258
99.5734,-1.77565,-0.177748
99.6857,-1.78893,-0.0755274
99.8098,-1.7965400000000002,-0.0608053
99.956,-1.80889,-0.11545699999999999
100.0,-1.81444,-0.136399
