,gamma,gamma_dot
0.14124293644067798,0.669967,0.196664
0.28248587288135596,0.0,0.200269
0.42372880932203394,0.1724,0.0
0.5649717457627119,0.28774299999999997,0.0
0.7062146822033899,0.33745,0.265534
0.8474576186440679,0.287673,0.513814
0.9887005550847459,0.0870653,0.209223
1.1299434915254238,0.023796900000000003,0.20888600000000002
1.2711864279661018,0.0,0.152374
1.4124293644067798,0.0,0.055567899999999996
1.5536723008474578,0.0,0.0
1.6949152372881358,0.0,0.359842
1.8361581737288137,0.0,0.0
1.9774011101694917,0.0,0.687704
2.1186440466101697,0.0,0.486921
2.2598869830508477,0.0,0.0
2.4011299194915257,0.0,0.17890599999999998
2.5423728559322036,0.0769606,0.00077889
2.6836157923728816,0.07413439999999999,0.00041395300000000005
2.8248587288135596,0.0,0.0
2.9661016652542376,0.845454,0.191325
3.1073446016949156,0.900217,0.0
3.2485875381355935,0.640037,0.186576
3.3898304745762715,0.153272,0.112239
3.5310734110169495,0.0,0.0
3.6723163474576275,0.340827,0.0
3.8135592838983055,0.328355,0.163028
3.9548022203389834,0.296792,0.512084
4.096045156779661,0.032327999999999996,0.21134899999999998
4.237288093220339,0.0091949,0.08261039999999999
4.378531029661017,0.0,0.21201
4.519773966101695,0.0,0.05649780000000001
4.661016902542373,0.0,0.0495582
4.802259838983051,0.0,0.0
4.943502775423729,0.0,0.0
5.084745711864407,0.0,0.5260090000000001
5.225988648305085,0.0,0.480998
5.367231584745763,0.0,0.0
5.508474521186441,0.0,0.178626
5.649717457627119,0.0790439,0.0
5.790960394067797,0.07607380000000001,0.0
5.932203330508475,0.502479,0.0
6.073446266949153,0.9052450000000001,0.180058
6.214689203389831,0.8654219999999999,0.0
6.355932139830509,0.643912,0.0
6.497175076271187,0.0,0.115292
6.638418012711865,0.0,0.0
6.779660949152543,0.34169099999999997,0.0
6.920903885593221,0.326208,0.390254
7.062146822033899,0.313114,0.0
7.203389758474577,0.143994,0.2102
7.344632694915255,0.0,0.0
7.485875631355933,0.0,0.158477
7.627118567796611,0.0,0.0574323
7.768361504237289,0.0,0.0
7.909604440677967,0.0,0.028081900000000003
8.050847377118645,0.0,0.0
8.192090313559323,0.0,0.34473000000000004
8.33333325,0.0,0.32586
8.474576186440679,0.0,0.0
8.615819122881357,0.0,0.176397
8.757062059322035,0.158147,0.0
8.898304995762713,0.222187,0.000350118
9.03954793220339,0.878173,0.0
9.180790868644069,0.8572700000000001,0.17169500000000001
9.322033805084747,0.257726,0.0
9.463276741525425,0.435169,0.0
9.604519677966103,0.46650600000000003,0.0632097
9.74576261440678,0.0,0.0252926
9.887005550847459,0.342694,0.0
10.028248487288137,0.32410100000000003,0.40312600000000004
10.169491423728815,0.327835,0.0
10.310734360169493,0.143816,0.214562
10.45197729661017,0.0525884,0.23788299999999998
10.593220233050848,0.0,0.0
10.734463169491526,0.0,0.263859
10.875706105932204,0.0,0.0
11.016949042372882,0.0,0.249239
11.15819197881356,0.0,0.0
11.299434915254238,0.0,0.3403
11.440677851694916,0.0,0.322322
11.581920788135594,0.0,0.0
11.723163724576272,0.0,0.176253
11.86440666101695,0.08115449999999999,0.00310943
12.005649597457628,0.46420600000000006,0.0
12.146892533898306,0.627845,0.0
12.288135470338984,0.6935319999999999,0.161677
12.429378406779662,0.8350420000000001,0.0
12.57062134322034,0.428782,0.0
12.711864279661018,0.13988,0.068694
12.853107216101696,0.301736,0.0245991
12.994350152542374,0.33584200000000003,0.0
13.135593088983052,0.31371,0.39810500000000004
13.27683602542373,0.312513,0.0
13.418078961864408,0.120323,0.10699000000000002
13.559321898305086,0.0,0.24138600000000002
13.700564834745764,0.0,0.0
13.841807771186442,0.0,0.0
13.98305070762712,0.0,0.0
14.124293644067798,0.0,0.0
14.265536580508476,0.0,0.0
14.406779516949154,0.0,0.0
14.548022453389832,0.0,0.124303
14.68926538983051,0.0,0.0
14.830508326271188,0.0,0.09425750000000001
14.971751262711866,0.0,0.0
15.112994199152544,0.0842902,0.00028377700000000003
15.254237135593222,0.634655,0.0
15.3954800720339,0.0,0.15443900000000002
15.536723008474578,0.239635,0.0
15.677965944915256,0.2378,0.0
15.819208881355934,0.460395,0.302512
15.960451817796612,0.0,0.0258183
16.10169475423729,0.0,0.0
16.24293769067797,0.31041399999999997,0.401457
16.384180627118646,0.313206,0.0
16.525423563559322,0.14614100000000002,0.10875
16.6666665,0.0,0.24494899999999997
16.80790943644068,0.00749959,0.0
16.949152372881358,0.00013570799999999998,0.0963286
17.090395309322034,0.0,0.0
17.231638245762714,0.0,0.0
17.372881182203393,0.0,0.26253899999999997
17.51412411864407,0.0,0.370857
17.655367055084746,0.0,0.12353099999999999
17.796609991525425,0.0,0.0
17.937852927966105,0.18041500000000002,0.18127200000000002
18.07909586440678,0.252742,0.00312037
18.220338800847458,0.504391,0.000297127
18.361581737288137,0.598946,0.0
18.502824673728817,0.6006130000000001,0.247304
18.644067610169493,0.0,0.0
18.78531054661017,0.44736899999999996,0.0
18.92655348305085,0.45301499999999995,0.302212
19.06779641949153,0.0,0.0250957
19.209039355932205,0.32784,0.0
19.35028229237288,0.29775100000000004,0.400429
19.49152522881356,0.302718,0.0
19.63276816525424,0.0898126,0.112481
19.774011101694917,0.0477739,0.256106
19.915254038135593,0.0,0.0
20.056496974576273,9.95042e-05,0.0
20.197739911016953,0.0,0.0
20.33898284745763,0.0,0.08613960000000001
20.480225783898305,0.0,0.209912
20.621468720338985,0.0,0.366593
20.762711656779665,0.0,0.0
20.90395459322034,0.0,0.0
21.045197529661017,0.0,0.101867
21.186440466101697,0.250789,0.0031153
21.327683402542377,0.43244799999999994,0.0
21.468926338983053,0.5267109999999999,0.0
21.61016927542373,0.596037,0.133992
21.75141221186441,0.0,0.0
21.89265514830509,0.22737399999999997,0.545088
22.033898084745765,0.44840100000000005,0.24697800000000003
22.17514102118644,0.0,0.026431
22.31638395762712,0.0,0.0
22.4576268940678,0.26014299999999996,0.0730802
22.598869830508477,0.20526,0.06069600000000001
22.740112766949153,0.0841277,0.508204
22.881355703389833,0.0328894,0.253409
23.022598639830512,0.00877216,0.0
23.16384157627119,8.07595e-05,0.0
23.305084512711865,0.0,0.0
23.446327449152545,0.0,0.0333843
23.587570385593224,0.0,0.092474
23.7288133220339,0.0,0.363032
23.870056258474577,0.0,0.0
24.011299194915257,0.0,0.0
24.152542131355936,0.176587,0.05602819999999999
24.293785067796613,0.247968,0.0
24.43502800423729,0.49748000000000003,0.00022531099999999998
24.57627094067797,0.589809,0.0
24.71751387711865,0.0,0.123857
24.858756813559324,0.0,0.0
24.99999975,0.336123,0.593047
25.14124268644068,0.445248,0.278952
25.28248562288136,0.0,0.0
25.423728559322036,0.278467,0.0
25.564971495762713,0.288574,0.401418
25.706214432203392,0.29420100000000005,0.0
25.847457368644072,0.11476700000000001,0.22449499999999997
25.98870030508475,0.0,0.154176
26.129943241525424,0.00687353,0.0
26.271186177966104,0.0,0.08922739999999998
26.412429114406784,0.0,0.0
26.55367205084746,0.0,0.143738
26.694914987288136,0.0,0.265612
26.836157923728816,0.0,0.09816010000000001
26.977400860169496,0.0,0.338309
27.118643796610172,0.0,0.224667
27.25988673305085,0.0,0.185808
27.401129669491528,0.245711,0.00199653
27.542372605932208,0.42598800000000003,0.0
27.683615542372884,0.517792,0.0
27.82485847881356,0.0,0.11443199999999999
27.96610141525424,0.0,0.0
28.10734435169492,0.334005,0.547583
28.248587288135596,0.439878,0.27624699999999996
28.389830224576272,0.0,0.027902499999999997
28.531073161016952,0.0,0.0
28.67231609745763,0.254828,0.409459
28.813559033898308,0.20468,0.0
28.954801970338984,0.0798659,0.229969
29.096044906779664,0.0312236,0.16021
29.237287843220344,0.0,0.18171500000000002
29.37853077966102,0.0,0.196674
29.519773716101696,0.0,0.0232107
29.661016652542376,0.0,0.141269
29.802259588983055,0.0,0.0
29.94350252542373,0.0,0.0987457
30.084745461864408,0.0,0.335298
30.225988398305088,0.0,0.0
30.367231334745767,0.0,0.1448
30.508474271186444,0.242416,0.0
30.64971720762712,0.48955299999999996,0.0
30.7909601440678,0.579354,0.0
30.93220308050848,0.0,0.10383099999999999
31.073446016949156,0.0,0.0
31.21468895338983,0.336385,0.0
31.35593188983051,0.436309,0.175599
31.49717482627119,0.129274,0.0323271
31.638417762711867,0.309864,0.0
31.779660699152544,0.28015,0.0284313
31.920903635593223,0.283884,0.321153
32.0621465720339,0.10866600000000001,0.23512
32.20338950847458,0.0,0.161693
32.344632444915256,0.0029171999999999996,0.18629400000000002
32.48587538135594,0.0,0.220813
32.627118317796615,0.0,0.0131588
32.76836125423729,0.0,0.137126
32.90960419067797,0.0,0.254395
33.050847127118644,0.0,0.41694899999999996
33.19209006355933,0.0,0.215221
33.333333,0.0,0.298799
33.47457593644068,0.0,0.0
33.61581887288136,0.239777,0.0
33.75706180932204,0.418357,8.51579e-05
33.898304745762715,0.573551,0.0
34.03954768220339,0.0,0.0955063
34.18079061864407,0.0,0.0
34.32203355508475,0.42085600000000006,0.328926
34.46327649152543,0.43005699999999997,0.308607
34.6045194279661,0.0,0.0
34.74576236440679,0.0,0.0
34.88700530084746,0.255887,0.419529
35.02824823728814,0.196695,0.321
35.169491173728815,0.10726600000000001,0.191412
35.31073411016949,0.029315499999999998,0.169164
35.451977046610175,0.0,0.0
35.59321998305085,0.0,0.22565900000000003
35.73446291949153,0.0,0.026693400000000003
35.87570585593221,0.0,0.253052
36.01694879237289,0.0,0.251812
36.15819172881356,0.0,0.403557
36.29943466525424,0.0,0.33192699999999997
36.440677601694915,0.0,0.0
36.5819205381356,0.0,0.07127939999999999
36.723163474576275,0.235881,0.0
36.86440641101695,0.479993,0.0
37.005649347457634,0.567024,0.0
37.14689228389831,0.0,0.08358339999999999
37.28813522033899,0.0,0.0
37.42937815677966,0.32759499999999997,0.335071
37.57062109322034,0.425821,0.23877199999999998
37.71186402966102,0.130215,0.0272166
37.8531069661017,0.299454,0.0
37.994349902542375,0.270391,0.0
38.13559283898306,0.272556,0.278464
38.276835775423734,0.102299,0.192164
38.41807871186441,0.0283305,0.175649
38.55932164830509,0.00561411,0.0
38.70056458474576,0.0,0.37738499999999997
38.841807521186446,0.0,0.0170488
38.98305045762712,0.0,0.028748400000000004
39.1242933940678,0.0,0.24338
39.26553633050848,0.0,0.45388
39.40677926694916,0.0,0.33274899999999996
39.548022203389834,0.0,0.0
39.68926513983051,0.0,0.0681409
39.83050807627119,0.232752,0.015608799999999999
39.97175101271187,0.40925100000000003,3.23694e-05
40.112993949152546,0.560134,0.0
40.25423688559322,0.0,0.0738794
40.395479822033906,0.0,0.0
40.53672275847458,0.21279,0.0
40.67796569491526,0.41839799999999994,0.25193000000000004
40.819208631355934,0.123779,0.029076599999999998
40.96045156779661,0.150662,0.0
41.101694504237294,0.147566,0.0
41.24293744067797,0.171029,0.0
41.384180377118646,0.07925189999999999,0.26997899999999997
41.52542331355933,0.0495899,0.10396099999999998
41.666666250000006,0.0,0.06436599999999999
41.80790918644068,5.593e-06,0.0556361
41.94915212288136,0.0,0.019743700000000003
42.090395059322034,0.0,0.0
42.23163799576272,0.0,0.24033000000000002
42.372880932203394,0.0,0.580989
42.51412386864407,0.0,0.33497899999999997
42.65536680508475,0.0,0.06795169999999999
42.79660974152543,0.0,0.0
42.937852677966106,0.228077,0.0
43.07909561440678,0.468844,0.0
43.22033855084746,0.552529,0.0
43.36158148728814,0.0,0.454183
43.50282442372882,0.0,0.0
43.644067360169494,0.400713,0.41874799999999995
43.78531029661018,0.413351,0.110187
43.92655323305085,0.125276,0.028257599999999997
44.06779616949153,0.25319400000000003,0.0
44.209039105932206,0.260558,0.0
44.35028204237288,0.259459,0.162054
44.491524978813565,0.058138800000000004,0.0
44.63276791525424,0.0430685,0.336326
44.77401085169492,0.0034763000000000003,0.0
44.9152537881356,0.0,0.0
45.05649672457628,0.0,0.023037799999999997
45.19773966101695,0.0,0.305028
45.33898259745763,0.0,0.20876999999999998
45.480225533898306,0.0,0.306154
45.62146847033899,0.0,0.0647953
45.762711406779665,0.0356607,0.0
45.90395434322034,0.0,0.305613
46.045197279661025,0.224307,0.0712411
46.1864402161017,0.398273,0.0
46.32768315254238,0.480466,0.0
46.46892608898305,0.0,0.0535139
46.61016902542373,0.0,0.0
46.75141196186441,0.417926,0.695342
46.89265489830509,0.404463,0.36742600000000003
47.033897834745765,0.118055,0.0303921
47.17514077118645,0.0,0.00415038
47.316383707627125,0.0,0.0
47.4576266440678,0.161517,0.0
47.59886958050848,0.08865089999999999,0.573677
47.740112516949154,0.0,0.506962
47.88135545338984,0.0,0.40171399999999996
48.02259838983051,0.0,0.142542
48.16384132627119,0.0,0.0
48.30508426271187,0.0,0.0
48.44632719915255,0.0,0.227239
48.587570135593225,0.0,0.304605
48.7288130720339,0.0,0.41072
48.87005600847458,0.035355300000000006,0.0635293
49.01129894491526,0.031937900000000005,0.32414899999999996
49.15254188135594,0.2186,0.0520361
49.29378481779661,0.45501400000000003,0.0
49.4350277542373,0.468893,0.00835444
49.57627069067797,0.0,0.0475923
49.71751362711865,0.0,0.0
49.858756563559325,0.396504,0.191121
49.9999995,0.398373,0.448088
50.141242436440685,0.334563,0.0
50.28248537288136,0.178418,0.00695016
50.42372830932204,0.247464,0.0
50.56497124576272,0.206713,0.0
50.7062141822034,0.0,0.0
50.84745711864407,0.0,0.581727
50.98870005508475,0.0,0.240592
51.129942991525425,0.0,0.19388699999999998
51.27118592796611,0.0,0.0
51.412428864406785,0.0,0.0
51.55367180084746,0.0,0.23452699999999999
51.694914737288144,0.0,0.311754
51.83615767372882,0.0,0.0761752
51.9774006101695,0.033252699999999996,0.0
52.11864354661017,0.030493,0.292173
52.25988648305085,0.20760900000000002,0.08157089999999999
52.40112941949153,0.384714,0.0
52.54237235593221,0.46248199999999995,0.239641
52.683615292372885,0.0,0.0442759
52.82485822881357,0.0,0.0
52.966101165254244,0.40402899999999997,0.0
53.10734410169492,0.0,0.44380299999999995
53.2485870381356,0.24159699999999998,0.132873
53.38982997457627,0.0,0.00659582
53.531072911016956,0.21332199999999998,0.0
53.67231584745763,0.190806,0.0
53.81355878389831,0.08382080000000001,0.0
53.95480172033899,0.0,0.578916
54.09604465677967,0.00341832,0.24384899999999998
54.237287593220344,0.0,0.187357
54.37853052966102,0.0,0.0
54.5197734661017,0.0,0.0
54.66101640254238,0.0,0.22470500000000002
54.802259338983056,0.0,0.302111
54.94350227542373,0.0,0.062102599999999994
55.084745211864416,0.031163099999999996,0.0
55.22598814830509,0.029672300000000002,0.294545
55.36723108474577,0.206854,0.060788699999999994
55.508474021186444,0.43806000000000006,0.0
55.64971695762712,0.547099,0.0
55.790959894067804,0.0,0.046294
55.93220283050848,0.0,0.0
56.073445766949156,0.400607,0.188987
56.21468870338984,0.0,0.45136499999999996
56.355931639830516,0.151335,0.20713299999999998
56.49717457627119,0.0,0.0
