,x,xdot
1e-06,-2e-07,-0.2
6e-06,-1.20001e-06,-0.20000199999999999
3.1e-05,-6.20019e-06,-0.200012
0.000156,-3.12049e-05,-0.200062
0.000781,-0.000156321,-0.20031
0.003906,-0.000784183,-0.20151
0.019531,-0.00397384,-0.206479
0.09765599999999999,-0.020317099999999998,-0.20413199999999998
0.204848,-0.038580199999999995,-0.12042699999999999
0.319298,-0.04205130000000001,0.0789678
0.43592700000000006,-0.0153036,0.398831
0.552555,0.0551962,0.826838
0.649027,0.154868,1.24794
0.745499,0.297143,1.70448
0.8484010000000001,0.49723900000000004,2.1745400000000004
0.918218,0.658464,2.43063
0.988036,0.8342040000000001,2.5819
1.0471,0.987612,2.5928299999999997
1.10616,1.13798,2.4775
1.1652200000000001,1.2778100000000001,2.23857
1.2258200000000001,1.40337,1.89159
1.2827600000000001,1.5004,1.51091
1.3397,1.57521,1.11775
1.3966399999999999,1.6280700000000001,0.744237
1.45786,1.6624299999999999,0.387236
1.51476,1.6762099999999998,0.105371
1.5716700000000001,1.67533,-0.128484
1.62857,1.66241,-0.318909
1.6854799999999999,1.63975,-0.47201800000000005
1.7423799999999998,1.6092899999999999,-0.593824
1.8005799999999998,1.5717700000000001,-0.691379
1.86238,1.52649,-0.769832
1.92914,1.4729700000000001,-0.8297329999999999
2.00248,1.41049,-0.86954
2.08506,1.33784,-0.8850389999999999
2.18281,1.25193,-0.8663930000000001
2.29428,1.1586299999999998,-0.79982
2.4129,1.07031,-0.682055
2.53152,0.998294,-0.527226
2.65372,0.9447059999999999,-0.348813
2.80788,0.9075469999999999,-0.141425
2.96204,0.896756,-0.0183907
3.08114,0.8953760000000001,-0.0213267
3.1833,0.8894700000000001,-0.107823
3.28546,0.870548,-0.276306
3.38761,0.8302459999999999,-0.526139
3.4897699999999996,0.760302,-0.8569180000000001
3.5919300000000005,0.652226,-1.27445
3.68141,0.518705,-1.7244700000000002
3.7528900000000003,0.380531,-2.15302
3.82436,0.20922600000000002,-2.65255
3.8838,0.0378425,-3.12193
3.9432400000000003,-0.162577,-3.6253900000000003
4.00409,-0.398845,-4.13295
4.05018,-0.59721,-4.46076
4.09014,-0.779776,-4.6591
4.13011,-0.9679610000000001,-4.73538
4.16526,-1.13373,-4.6739
4.20041,-1.295,-4.47896
4.23557,-1.4471100000000001,-4.1548
4.271719999999999,-1.58955,-3.7100699999999995
4.30926,-1.7188700000000001,-3.17025
4.3468,-1.82722,-2.6008299999999998
4.38434,-1.9143599999999998,-2.0472900000000003
4.42189,-1.98155,-1.54226
4.462330000000001,-2.03415,-1.07247
4.49646,-2.06492,-0.740255
4.53059,-2.0853099999999998,-0.463979
4.56471,-2.09715,-0.23762399999999997
4.59884,-2.10202,-0.05396669999999999
4.632969999999999,-2.10124,0.09419630000000001
4.6671,-2.09592,0.213389
4.701230000000001,-2.0869400000000002,0.309178
4.73649,-2.07459,0.388394
4.77335,-2.0590200000000003,0.45403599999999994
4.8121,-2.04033,0.507886
4.85301,-2.01863,0.551161
4.89631,-1.994,0.5846100000000001
4.94222,-1.9665700000000002,0.6085470000000001
4.99096,-1.93652,0.6228779999999999
5.04269,-1.9041400000000002,0.627129
5.097580000000001,-1.86985,0.620496
5.15584,-1.83418,0.601896
5.21777,-1.7978299999999998,0.570016
5.28386,-1.76163,0.523361
5.35496,-1.72659,0.460286
5.432580000000001,-1.6939400000000002,0.37904099999999996
5.51964,-1.6653,0.277706
5.6237900000000005,-1.6429,0.152893
5.739809999999999,-1.63268,0.0275875
5.83965,-1.63418,-0.0520413
5.9394800000000005,-1.6417700000000002,-0.09296230000000001
6.0208900000000005,-1.6495400000000002,-0.09261389999999999
6.1023,-1.656,-0.060912400000000005
6.18371,-1.65865,0.00042950599999999996
6.26512,-1.6552200000000001,0.0877907
6.34654,-1.64378,0.19652999999999998
6.42795,-1.62277,0.321864
6.50936,-1.59104,0.459553
6.597160000000001,-1.54379,0.61816
6.6977899999999995,-1.47203,0.80971
6.824139999999999,-1.3538299999999999,1.0638100000000001
6.9534,-1.19846,1.3446799999999999
7.082669999999999,-1.00464,1.6623400000000002
7.191910000000001,-0.806175,1.98065
7.274310000000001,-0.631509,2.26709
7.34693,-0.45638500000000004,2.56318
7.41955,-0.258094,2.9053299999999997
7.49217,-0.033411199999999995,3.2874
7.5648,0.21964,3.6783699999999997
7.620439999999999,0.431857,3.93974
7.66803,0.623384,4.093780000000001
7.71563,0.8198709999999999,4.14141
7.76323,1.01535,4.0463
7.81083,1.20248,3.7899199999999995
7.85842,1.37372,3.38323
7.90602,1.52281,2.86794
7.948460000000001,1.6339299999999999,2.36577
7.9909,1.7236900000000002,1.86818
8.033339999999999,1.79305,1.4089399999999999
8.07886,1.84719,0.9820969999999999
8.12111,1.8815400000000002,0.655092
8.16337,1.90347,0.393385
8.20562,1.9156099999999998,0.190618
8.247869999999999,1.92028,0.0383639
8.29012,1.91944,-0.072017
8.33237,1.91468,-0.14840799999999998
8.37462,1.9072799999999999,-0.19755999999999999
8.41822,1.89798,-0.225635
8.46411,1.88733,-0.23574099999999998
8.51281,1.8759299999999999,-0.229753
8.564869999999999,1.86445,-0.20928400000000003
8.62097,1.8536,-0.175939
8.682160000000001,1.84417,-0.131522
8.75036,1.8370099999999998,-0.0781758
8.830960000000001,1.83319,-0.017885599999999998
8.91099,1.83381,0.0312132
8.991019999999999,1.83772,0.0631602
9.05916,1.84247,0.0735455
9.1273,1.84736,0.0669477
9.19544,1.8512099999999998,0.043135400000000004
9.263580000000001,1.85286,0.00288506
9.331719999999999,1.85126,-0.052249199999999996
9.39986,1.84545,-0.120208
9.468,1.83464,-0.198695
9.53613,1.8181900000000002,-0.28539499999999995
9.60873,1.79391,-0.384368
9.68879,1.75859,-0.498688
9.78544,1.70356,-0.640362
9.881739999999999,1.63506,-0.782216
9.97803,1.55298,-0.922277
10.0743,1.45755,-1.0590000000000002
10.1723,1.3471899999999999,-1.19401
10.2816,1.20858,-1.3405
10.4113,1.02366,-1.5119799999999999
10.5568,0.789258,-1.71265
10.668,0.5893729999999999,-1.88478
10.7641,0.400318,-2.05689
10.8601,0.193394,-2.25754
10.9561,-0.0341426,-2.4845200000000003
11.0522,-0.283936,-2.71461
11.1266,-0.49162,-2.8589
11.200999999999999,-0.707496,-2.9267
11.2639,-0.891077,-2.88883
11.3269,-1.06892,-2.74249
11.3898,-1.23409,-2.4885900000000003
11.4528,-1.3805,-2.15256
11.5153,-1.50359,-1.7797599999999998
11.5779,-1.60333,-1.4132200000000001
11.6405,-1.68127,-1.0873899999999999
11.703,-1.74062,-0.820468
11.7621,-1.7831,-0.625664
11.8213,-1.81559,-0.48149200000000003
11.8804,-1.8408400000000003,-0.37888099999999997
11.9395,-1.8610099999999998,-0.30764600000000003
11.9986,-1.8776400000000002,-0.258123
12.0577,-1.89179,-0.221962
12.119000000000002,-1.9044299999999998,-0.191381
12.1871,-1.9163599999999998,-0.158795
12.2757,-1.92835,-0.110204
12.3445,-1.93439,-0.06369159999999999
12.4134,-1.93692,-0.00809587
12.4823,-1.9353,0.0565488
12.5512,-1.92894,0.129385
12.62,-1.9173200000000001,0.20906599999999997
12.69,-1.8997099999999998,0.29535900000000004
12.7652,-1.87385,0.39232
12.8521,-1.8347799999999999,0.506998
12.9412,-1.78435,0.624685
13.0303,-1.72354,0.739784
13.1194,-1.65267,0.849908
13.2085,-1.57229,0.9529709999999999
13.2976,-1.48312,1.04715
13.3879,-1.38468,1.1319
13.4871,-1.26839,1.2110299999999998
13.6035,-1.1229200000000001,1.28375
13.7334,-0.952297,1.3387200000000001
13.8633,-0.776179,1.3693899999999999
13.9932,-0.597175,1.38547
14.1425,-0.388709,1.41101
14.2496,-0.235459,1.45818
14.3567,-0.0747733,1.55369
14.446,0.0695515,1.6858
14.5354,0.22813899999999998,1.8733400000000002
14.6247,0.405814,2.1104700000000003
14.7141,0.605909,2.36764
14.7948,0.805557,2.5657
14.8593,0.974326,2.65476
14.9238,1.14583,2.64585
14.9785,1.2882799999999999,2.54619
15.0332,1.42296,2.36343
15.0889,1.5476299999999998,2.10921
15.1427,1.6535799999999998,1.82339
15.1976,1.7453299999999998,1.52036
15.2524,1.8207,1.22991
15.3073,1.8808599999999998,0.967879
15.3667,1.9308900000000002,0.7242069999999999
15.4188,1.9637900000000001,0.544504
15.4708,1.9880799999999998,0.392817
15.5229,2.00509,0.26416
15.575,2.01589,0.15343099999999998
15.627,2.0213,0.056081500000000006
15.6791,2.0219,-0.0315981
15.7332,2.01789,-0.11554
15.7903,2.0089,-0.198544
15.8508,1.9943400000000002,-0.282195
15.9148,1.9735599999999998,-0.367058
15.9816,1.94615,-0.452454
16.0503,1.9122,-0.536667
16.1196,1.8721299999999998,-0.6178020000000001
16.189,1.8266,-0.694174
16.2584,1.77597,-0.764847
16.3292,1.7194200000000002,-0.8300549999999999
16.4018,1.6569999999999998,-0.8883
16.477,1.58825,-0.938092
16.5561,1.51241,-0.9772360000000001
16.641,1.42828,-1.00225
16.735,1.3336,-1.00714
16.8458,1.22322,-0.97939
16.9682,1.10742,-0.9049159999999999
17.0906,1.00346,-0.787026
17.213,0.916126,-0.635471
17.3428,0.8451059999999999,-0.459007
17.4947,0.7899649999999999,-0.275511
17.6467,0.756995,-0.178169
17.7646,0.7356199999999999,-0.201241
17.8697,0.70935,-0.314037
17.9749,0.6661729999999999,-0.5241939999999999
18.08,0.595446,-0.8395219999999999
18.1851,0.48558900000000005,-1.2709700000000002
18.2648,0.36836199999999997,-1.6862400000000002
18.3342,0.236663,-2.11905
18.4036,0.0724919,-2.6215599999999997
18.4731,-0.128778,-3.1842
18.5425,-0.37014,-3.76557
18.5938,-0.573703,-4.15232
18.6365,-0.756333,-4.3956
18.6791,-0.946983,-4.52084
18.7154,-1.1110799999999998,-4.503419999999999
18.7517,-1.27219,-4.35506
18.788,-1.4255200000000001,-4.07568
18.8243,-1.5665799999999999,-3.68336
18.8669,-1.71193,-3.1237
18.9017,-1.8122099999999999,-2.6308700000000003
18.9366,-1.8953099999999998,-2.14311
18.9714,-1.9619099999999998,-1.68675
19.009,-2.01685,-1.2485
19.0452,-2.0553,-0.887008
19.0814,-2.08175,-0.5846279999999999
19.1175,-2.09825,-0.33620700000000003
19.1537,-2.10664,-0.13436700000000001
19.1899,-2.1084400000000003,0.028730400000000003
19.2261,-2.10494,0.160384
19.2622,-2.09714,0.266885
19.2984,-2.08587,0.353396
19.3356,-2.07134,0.425753
19.3745,-2.0535200000000002,0.487289
19.4156,-2.0324,0.539475
19.459,-2.00801,0.583199
19.5049,-1.98036,0.618895
19.5536,-1.94954,0.646566
19.6051,-1.9156900000000001,0.6658069999999999
19.6595,-1.8791200000000001,0.675834
19.717,-1.84021,0.675523
19.7778,-1.7995,0.663443
19.842,-1.75763,0.637849
19.9104,-1.7153599999999998,0.596655
19.9838,-1.67365,0.5373560000000001
20.0639,-1.6337,0.456876
20.1542,-1.59715,0.351149
20.2628,-1.56645,0.21300100000000002
20.4215,-1.54809,0.0251576
20.5521,-1.5522799999999999,-0.0787253
20.6544,-1.56228,-0.10828
20.7437,-1.57148,-0.0908056
20.833000000000002,-1.5773,-0.033155000000000004
20.9222,-1.57631,0.06075119999999999
21.0115,-1.56555,0.184777
21.1008,-1.54263,0.332214
21.1901,-1.5057200000000002,0.49717
21.281,-1.4523,0.679005
21.3819,-1.37307,0.894394
21.4946,-1.25787,1.1536899999999999
21.6107,-1.10703,1.45015
21.7269,-0.9191879999999999,1.7949700000000002
21.8185,-0.740273,2.12087
21.8935,-0.569735,2.43782
21.9684,-0.373379,2.81106
22.0309,-0.186805,3.1674900000000004
22.0934,0.0231145,3.55525
22.1568,0.26138,3.9490199999999995
22.208000000000002,0.47054799999999997,4.22184
22.2521,0.66087,4.38208
22.2963,0.855943,4.430280000000001
22.3405,1.04999,4.3308800000000005
22.3846,1.2360200000000001,4.0662400000000005
22.4288,1.40686,3.64745
22.4729,1.5565,3.11531
22.5125,1.6693099999999998,2.5914200000000003
22.552,1.7613,2.06754
22.5915,1.83317,1.57854
22.6329,1.88894,1.1276
22.6729,1.92648,0.761612
22.7129,1.9507700000000001,0.46406899999999995
22.7529,1.9644400000000002,0.229068
22.7928,1.9698099999999998,0.0480847
22.8328,1.96888,-0.087885
22.8728,1.96327,-0.187159
22.9128,1.9543099999999998,-0.25687600000000005
22.9528,1.94304,-0.30290300000000003
22.9948,1.92966,-0.330886
23.0392,1.91465,-0.342433
23.0864,1.89852,-0.338744
23.1369,1.8818400000000002,-0.32075
23.191,1.86526,-0.289254
23.2497,1.8495400000000002,-0.24509899999999998
23.3141,1.8355299999999999,-0.189331
23.3865,1.8242200000000002,-0.123226
23.4743,1.81682,-0.046738800000000004
23.5551,1.81551,0.012035700000000002
23.6359,1.81828,0.0530207
23.7055,1.8226799999999999,0.0704655
23.775,1.8276599999999998,0.06962360000000001
23.8445,1.8319299999999998,0.0500629
23.9141,1.8342,0.0124796
23.9836,1.83328,-0.0415282
24.0532,1.8281,-0.109758
24.1227,1.8177400000000001,-0.18970599999999999
24.1922,1.8015,-0.278835
24.265,1.7776,-0.379293
24.3446,1.74282,-0.494987
24.4388,1.6896,-0.636025
24.5389,1.61834,-0.787582
24.639,1.53195,-0.938225
24.7391,1.43058,-1.08656
24.8412,1.31203,-1.2353399999999999
24.9587,1.1569200000000002,-1.40529
25.0998,0.943931,-1.61522
25.2279,0.7238319999999999,-1.825
25.3269,0.534201,-2.0118099999999997
25.4259,0.324577,-2.23034
25.5113,0.124846,-2.44747
25.5968,-0.0943178,-2.68225
25.6904,-0.356951,-2.92384
25.7569,-0.555824,-3.04446
25.8234,-0.7600600000000001,-3.0781099999999997
25.8899,-0.962558,-2.9870099999999997
25.9565,-1.1542700000000001,-2.75363
26.023000000000003,-1.3261100000000001,-2.39554
26.0895,-1.47133,-1.96383
26.1454,-1.57059,-1.59188
26.2012,-1.6497,-1.24701
26.2577,-1.7114099999999999,-0.9476969999999999
26.3276,-1.76702,-0.658644
26.3811,-1.79771,-0.496388
26.4346,-1.82093,-0.378348
26.4881,-1.8388400000000003,-0.296192
26.5416,-1.85312,-0.24143
26.5951,-1.86503,-0.20625100000000002
26.6509,-1.8758400000000002,-0.18312799999999999
26.7104,-1.88621,-0.166727
26.7756,-1.8965900000000002,-0.151503
26.8537,-1.9076099999999998,-0.12933499999999998
26.9249,-1.9158400000000002,-0.100252
26.9962,-1.92162,-0.060042200000000004
27.0674,-1.9241099999999998,-0.00792256
27.1386,-1.92248,0.05561030000000001
27.2098,-1.91595,0.129221
27.2811,-1.90388,0.21110500000000001
27.3523,-1.88573,0.299277
27.4269,-1.8598299999999999,0.396154
27.511999999999997,-1.8212700000000002,0.509871
27.6029,-1.76937,0.631885
27.6938,-1.7064599999999999,0.751657
27.7847,-1.63286,0.866706
27.8756,-1.5490899999999999,0.974941
27.9665,-1.45586,1.0746200000000001
28.0596,-1.35151,1.16632
28.1634,-1.22564,1.255
28.2842,-1.0688,1.33917
28.4212,-0.8801559999999999,1.41146
28.5582,-0.682947,1.46612
28.7003,-0.47076599999999996,1.52132
28.8139,-0.29454400000000003,1.58415
28.9131,-0.13353199999999998,1.66982
29.0122,0.038017,1.79872
29.1114,0.22485300000000003,1.9784400000000002
29.2105,0.43173999999999996,2.19936
29.3097,0.6610199999999999,2.4197900000000003
29.3861,0.850909,2.53875
29.4513,1.01773,2.56623
29.5165,1.1833799999999999,2.49988
29.5816,1.3413700000000002,2.33193
29.6468,1.48545,2.07691
29.7152,1.61657,1.7521200000000001
29.7686,1.7030599999999998,1.48674
29.822,1.7755900000000002,1.23183
29.8754,1.8350799999999998,0.9999110000000001
29.9348,1.88757,0.776389
29.9915,1.92635,0.596515
30.0482,1.9557900000000001,0.446036
30.1049,1.9774,0.319385
30.1616,1.99236,0.210742
30.2183,2.00155,0.114925
30.275,2.00556,0.027768900000000003
30.334,2.00467,-0.056974199999999996
30.3971,1.99833,-0.143621
30.4652,1.98543,-0.23453000000000002
30.5385,1.9647299999999999,-0.330271
30.615,1.93572,-0.42823
30.6914,1.8993,-0.5236850000000001
30.7679,1.85572,-0.615653
30.8444,1.8052700000000002,-0.702882
30.9208,1.7483799999999998,-0.783982
30.9973,1.68557,-0.8574860000000001
31.0738,1.61748,-0.921891
31.151999999999997,1.54316,-0.9767680000000001
31.2346,1.46048,-1.02091
31.3245,1.3673,-1.05065
31.4266,1.25929,-1.05881
31.5433,1.13695,-1.0320200000000002
31.6722,1.00823,-0.956767
31.8012,0.892073,-0.8385790000000001
31.9301,0.793221,-0.691675
32.0744,0.705713,-0.5245850000000001
32.234,0.6335850000000001,-0.394595
32.3937,0.572655,-0.397206
32.5166,0.5167010000000001,-0.535724
32.6396,0.43474399999999996,-0.8246709999999999
32.7352,0.340225,-1.17101
32.8144,0.233188,-1.5489600000000001
32.8935,0.092709,-2.01703
32.9581,-0.0518251,-2.46557
33.0227,-0.226965,-2.9606
33.0874,-0.434708,-3.46584
33.1412,-0.631742,-3.84268
33.1858,-0.808782,-4.07621
33.2304,-0.9937799999999999,-4.1921800000000005
33.2683,-1.1525100000000001,-4.16948
33.3062,-1.3080200000000002,-4.02123
33.344,-1.45555,-3.74994
33.3823,-1.59209,-3.37099
33.4229,-1.7194599999999998,-2.89189
33.4635,-1.82656,-2.38073
33.5042,-1.9130099999999999,-1.8811099999999998
33.5448,-1.97995,-1.4242700000000001
33.586999999999996,-2.03115,-1.01249
33.6235,-2.0624599999999997,-0.7125
33.66,-2.08373,-0.46155799999999997
33.6964,-2.09666,-0.25418
33.7329,-2.10272,-0.08380499999999999
33.7694,-2.1031400000000002,0.056076999999999995
33.8059,-2.0989299999999997,0.171325
33.8423,-2.09088,0.266899
33.8798,-2.0792900000000003,0.348905
33.919000000000004,-2.0641700000000003,0.420616
33.9602,-2.0455,0.483784
34.0036,-2.02325,0.539589
34.0495,-1.9973299999999998,0.588752
34.098,-1.9677,0.6315470000000001
34.1493,-1.93438,0.667814
34.2033,-1.8974900000000001,0.696971
34.2601,-1.8572400000000002,0.718062
34.3197,-1.814,0.7297819999999999
34.3824,-1.7681900000000002,0.730487
34.4484,-1.7203099999999998,0.718134
34.5183,-1.67097,0.690159
34.5933,-1.6208799999999999,0.64325
34.6751,-1.5709899999999999,0.5728810000000001
34.7676,-1.52251,0.47204300000000005
34.8819,-1.4768,0.324743
35.0256,-1.44424,0.129778
35.1692,-1.43797,-0.032914099999999995
35.2956,-1.44789,-0.11144200000000001
35.4219,-1.4625700000000001,-0.10598800000000001
35.5161,-1.47,-0.043638699999999996
35.6104,-1.46936,0.0643212
35.7046,-1.45668,0.210407
35.7989,-1.42876,0.386355
35.8931,-1.38314,0.58535
35.9873,-1.31784,0.803547
36.088,-1.22438,1.05787
36.1926,-1.09866,1.35179
36.2982,-0.9382229999999999,1.6941099999999998
36.4073,-0.73092,2.12215
36.4787,-0.567608,2.46135
36.5511,-0.375116,2.8660900000000002
36.6109,-0.192468,3.24955
36.6707,0.014263,3.66866
36.7305,0.246454,4.09365
36.7808,0.4606,4.41058
36.8234,0.652787,4.60467
36.866,0.850981,4.68556
36.9032,1.02483,4.6318
36.9404,1.19421,4.444030000000001
36.9777,1.35408,4.12244
37.0154,1.50163,3.6804
37.0611,1.6554400000000002,3.04419
37.0972,1.7558900000000002,2.51211
37.1334,1.83729,1.99548
37.1695,1.90071,1.52146
37.2114,1.95419,1.0456299999999998
37.2478,1.98575,0.702596
37.2841,2.00599,0.4218
37.3204,2.01707,0.196892
37.3567,2.02088,0.0199758
37.3931,2.0190099999999997,-0.116914
37.4294,2.01278,-0.22100999999999998
37.4657,2.00327,-0.298489
37.5033,1.9909,-0.356045
37.5428,1.9760099999999998,-0.396487
37.5843,1.95895,-0.42142799999999997
37.6284,1.9401,-0.43195100000000003
37.6753,1.91987,-0.428749
37.7254,1.8987599999999998,-0.412221
37.7791,1.87735,-0.38258400000000004
37.8371,1.85637,-0.339998
37.9001,1.83665,-0.284723
37.9696,1.8191700000000002,-0.21721999999999997
38.049,1.8050700000000002,-0.13786600000000002
38.155,1.7957900000000002,-0.040244300000000004
38.2342,1.7950099999999998,0.0178959
38.3134,1.7981200000000002,0.05701849999999999
38.3926,1.8034400000000002,0.073192
38.4603,1.8082900000000002,0.0673222
38.5279,1.81213,0.0432564
38.5956,1.8137599999999998,0.00194932
38.6632,1.81205,-0.0548924
38.7309,1.80603,-0.125083
38.7985,1.79488,-0.20622600000000002
38.8684,1.7772700000000001,-0.299025
38.9427,1.7511400000000001,-0.40508
39.0248,1.71288,-0.528042
39.1239,1.6530099999999999,-0.681008
39.2263,1.57507,-0.8409909999999999
39.3287,1.48074,-1.00072
39.4312,1.3701,-1.15959
39.542,1.232,-1.33187
39.6743,1.04195,-1.54357
39.8193,0.800022,-1.79886
39.9186,0.611589,-2.0016
40.0179,0.401371,-2.2393099999999997
40.0997,0.20905,-2.46624
40.1816,-0.00287056,-2.71644
40.2651,-0.24074600000000002,-2.97265
40.3328,-0.44809,-3.14474
40.3924,-0.638364,-3.23221
40.4519,-0.831145,-3.2233099999999997
40.5115,-1.0198,-3.0902700000000003
40.571,-1.19659,-2.82631
40.6306,-1.35426,-2.45397
40.6937,-1.4948299999999999,-1.9935900000000002
40.7471,-1.5906799999999999,-1.59935
40.8005,-1.66618,-1.23624
40.8557,-1.7252900000000002,-0.9155709999999999
40.9126,-1.76958,-0.652647
40.9695,-1.80083,-0.456449
41.0197,-1.82045,-0.332003
41.0699,-1.8347900000000001,-0.245162
41.1201,-1.8455599999999999,-0.18804300000000002
41.1712,-1.8541900000000002,-0.152858
41.2244,-1.8617299999999999,-0.133598
41.2805,-1.86896,-0.125401
41.3409,-1.87645,-0.12354200000000001
41.4081,-1.88475,-0.12276199999999998
41.4924,-1.89483,-0.114781
41.5621,-1.90229,-0.0971811
41.6318,-1.90809,-0.0671298
41.7015,-1.91134,-0.023959
41.7712,-1.91114,0.031812599999999996
41.8409,-1.90665,0.0988525
41.9106,-1.89714,0.175352
41.9803,-1.8820299999999999,0.2593
42.0516,-1.86031,0.350752
42.1298,-1.8288,0.455247
42.225,-1.77932,0.584882
42.3138,-1.7219900000000001,0.705349
42.4027,-1.65409,0.822766
42.4915,-1.57596,0.935109
42.5803,-1.48814,1.04074
42.6714,-1.3887399999999999,1.1407200000000002
42.7711,-1.26995,1.23948
42.888999999999996,-1.11779,1.34103
43.0221,-0.93263,1.43746
43.1568,-0.7332770000000001,1.52116
43.3008,-0.5078600000000001,1.6103399999999999
43.413999999999994,-0.320918,1.69723
43.5137,-0.146928,1.80055
43.6133,0.0390844,1.9399099999999998
43.7129,0.240932,2.11757
43.8126,0.46178800000000003,2.31622
43.9149,0.708287,2.48952
43.9883,0.89366,2.5457099999999997
44.0618,1.0798,2.5054
44.1237,1.2316200000000002,2.38157
44.1857,1.3732799999999998,2.17951
44.2488,1.50276,1.9138400000000002
44.306999999999995,1.6062299999999998,1.64261
44.3666,1.6958,1.36489
44.4262,1.7693599999999998,1.10784
44.4858,1.8285200000000001,0.883074
44.5569,1.88314,0.661222
44.6138,1.9165,0.51702
44.6706,1.9423700000000002,0.39668600000000004
44.7274,1.9619400000000002,0.29445
44.7843,1.9760799999999998,0.20498000000000002
44.8423,1.98554,0.122227
44.9039,1.99052,0.03992419999999999
44.9712,1.99027,-0.046845099999999994
45.0475,1.98298,-0.144095
45.138999999999996,1.9644700000000002,-0.260823
45.2458,1.9292900000000002,-0.397534
45.3279,1.8924,-0.501475
45.4099,1.84707,-0.602825
45.492,1.7935900000000002,-0.699842
45.574,1.73239,-0.79072
45.6561,1.6640400000000002,-0.8736370000000001
45.7381,1.5892899999999999,-0.946781
45.8202,1.50899,-1.0083600000000001
45.906000000000006,1.4201700000000002,-1.0585200000000001
46.0002,1.31861,-1.09459
46.1105,1.1968,-1.10883
46.2326,1.0624200000000001,-1.0869
46.3574,0.930275,-1.02379
46.4822,0.808301,-0.9256200000000001
46.6095,0.6980609999999999,-0.804381
46.7647,0.584461,-0.665625
46.8941,0.503242,-0.601755
47.0235,0.424676,-0.632274
47.1369,0.346181,-0.772821
47.2343,0.260579,-1.00258
47.3187,0.164159,-1.29772
47.4031,0.03869330000000001,-1.6919099999999998
47.4721,-0.0911991,-2.0885
47.541000000000004,-0.250498,-2.54236
47.6099,-0.442258,-3.02299
47.6732,-0.6470239999999999,-3.4333
47.7223,-0.8221430000000001,-3.67895
47.7715,-1.00673,-3.8107800000000003
47.812,-1.16131,-3.80399
47.8525,-1.31322,-3.67804
47.893,-1.4576200000000001,-3.4348300000000003
47.9335,-1.59009,-3.0931
47.9763,-1.71357,-2.6597
48.0192,-1.8176700000000001,-2.1961
48.0621,-1.90199,-1.74239
48.1049,-1.9676099999999999,-1.32713
48.1493,-2.01795,-0.9541040000000001
48.188,-2.04943,-0.678585
48.2268,-2.0711,-0.44755200000000006
48.2655,-2.08461,-0.255809
48.3042,-2.09135,-0.097206
48.343,-2.09249,0.034307800000000006
48.3817,-2.08897,0.14413299999999998
48.4205,-2.08154,0.23679899999999998
48.4603,-2.07045,0.31805300000000003
48.501999999999995,-2.0556400000000004,0.39100799999999997
48.5457,-2.03704,0.457305
48.5919,-2.01451,0.518027
48.6405,-1.9879099999999998,0.5737869999999999
48.6919,-1.95712,0.624741
48.7459,-1.9221099999999998,0.6705899999999999
48.8025,-1.8829599999999997,0.71063
48.8617,-1.8398700000000001,0.7438
48.9235,-1.79309,0.768731
48.988,-1.7429299999999999,0.783721
49.0557,-1.68973,0.7866390000000001
49.1271,-1.63384,0.774724
49.2036,-1.57569,0.7442340000000001
49.2869,-1.51575,0.68972
49.3815,-1.45445,0.601946
49.4964,-1.39296,0.463333
49.6249,-1.34491,0.28175700000000004
49.7534,-1.32059,0.09972410000000001
49.8711,-1.31729,-0.036277
49.9888,-1.32682,-0.11386099999999999
50.1065,-1.34099,-0.112754
50.2155,-1.3497299999999999,-0.0355055
50.3111,-1.34759,0.0884409
50.4067,-1.33141,0.25677
50.5023,-1.29736,0.460921
50.5979,-1.2423600000000001,0.69457
50.6934,-1.16371,0.9557629999999999
50.7918,-1.05515,1.2575100000000001
50.8926,-0.9109450000000001,1.6138700000000001
50.9985,-0.716947,2.0653799999999998
51.0694,-0.558001,2.42998
51.1414,-0.36785500000000004,2.86576
51.1997,-0.188969,3.27149
51.2581,0.014808600000000002,3.71599
51.3165,0.24502800000000002,4.1702699999999995
51.3664,0.46212299999999995,4.520169999999999
51.408,0.65505,4.73819
51.4496,0.8548290000000001,4.84183
51.4855,1.02843,4.8063
51.5214,1.19835,4.63546
51.5573,1.35966,4.32725
51.5932,1.50766,3.8992
51.6347,1.6572,3.3017300000000005
51.6698,1.7638099999999999,2.75581
51.705,1.85122,2.2164200000000003
51.7402,1.9202299999999999,1.71432
51.7782,1.9759799999999998,1.2363600000000001
51.81399999999999,2.01326,0.853715
51.8499,2.03802,0.537722
51.8858,2.0525599999999997,0.282537
51.9216,2.05892,0.079964
51.9575,2.05882,-0.0786427
51.9934,2.0537099999999997,-0.201302
52.0292,2.04473,-0.294927
52.0651,2.03283,-0.365206
52.1024,2.0181400000000003,-0.418442
52.1417,2.0009099999999997,-0.45681499999999997
52.1832,1.9813900000000002,-0.481575
52.2272,1.9598799999999998,-0.49349499999999996
52.273999999999994,1.9367400000000001,-0.492963
52.324,1.91238,-0.480058
52.3775,1.8873400000000002,-0.45463100000000006
52.4349,1.8623,-0.416416
52.4968,1.83805,-0.365154
52.5642,1.8155599999999998,-0.300724
52.6391,1.7959200000000002,-0.22316999999999998
52.7265,1.7804400000000002,-0.131796
52.8182,1.77247,-0.0443484
52.9098,1.77173,0.0244615
52.9848,1.7750599999999999,0.0608821
53.0598,1.78033,0.0758998
53.1348,1.7858599999999998,0.0679341
53.2098,1.78994,0.037080199999999994
53.2848,1.79089,-0.015102200000000001
53.3597,1.78721,-0.085988
53.4347,1.77761,-0.17236500000000002
53.5097,1.7610599999999998,-0.270882
53.5847,1.7367599999999999,-0.378387
53.6649,1.70156,-0.5002340000000001
53.7576,1.6484400000000001,-0.646506
53.8681,1.56716,-0.82471
53.9787,1.46607,-1.00452
54.0892,1.34504,-1.18561
54.208,1.1925,-1.38435
54.3519,0.975081,-1.64145
54.4702,0.767029,-1.8817099999999998
54.5629,0.582619,-2.10132
54.6557,0.376148,-2.3589
54.7339,0.182025,-2.6087599999999997
54.8121,-0.0326043,-2.8805400000000003
54.894,-0.280068,-3.15815
54.9562,-0.48212,-3.32511
55.0185,-0.692163,-3.4070300000000002
55.0718,-0.8734360000000001,-3.3742300000000003
55.1251,-1.04989,-3.2239999999999998
55.1784,-1.2151,-2.95401
55.2324,-1.36476,-2.5805
55.2929,-1.50632,-2.09355
55.3438,-1.6023399999999999,-1.67567
55.3948,-1.6777,-1.28806
55.4477,-1.73633,-0.9419129999999999
55.5018,-1.77928,-0.656223
55.556000000000004,-1.80867,-0.439751
55.6102,-1.8280299999999998,-0.28467600000000004
55.6643,-1.8404200000000002,-0.180296
55.7185,-1.84828,-0.115605
55.7727,-1.85348,-0.08055319999999999
55.8268,-1.85739,-0.06649
55.8818,-1.8609799999999999,-0.06625419999999999
55.9405,-1.8651,-0.07469049999999999
56.0052,-1.8703299999999998,-0.08729880000000001
56.0812,-1.8774400000000002,-0.0984863
56.1549,-1.8848099999999999,-0.0992336
56.2287,-1.89173,-0.0858998
56.2936,-1.89657,-0.060956899999999994
56.3586,-1.89937,-0.0234457
56.4235,-1.89935,0.0259753
56.4884,-1.8957700000000002,0.08607260000000001
56.5534,-1.88798,0.15526600000000002
56.6194,-1.8751900000000001,0.23319600000000001
56.6888,-1.8559900000000003,0.321222
56.7638,-1.82815,0.421388
56.8501,-1.7866799999999998,0.539981
56.9437,-1.73012,0.669389
57.0372,-1.6615400000000002,0.796764
57.1307,-1.58123,0.9196790000000001
57.2242,-1.4897200000000002,1.03626
57.3177,-1.38765,1.14516
57.4185,-1.2667899999999999,1.25295
57.5374,-1.11081,1.36742
57.6731,-0.917176,1.48359
57.8108,-0.705385,1.59364
57.9426,-0.48811800000000005,1.7062400000000002
58.0492,-0.30048,1.8167799999999998
58.1559,-0.09953669999999999,1.95757
58.2625,0.11836700000000001,2.1348599999999998
58.3692,0.356717,2.3365400000000003
58.4621,0.581507,2.4958299999999998
58.5388,0.776364,2.57323
58.6155,0.9739110000000001,2.55971
58.68,1.1363,2.45633
58.7446,1.28919,2.26665
58.8091,1.42747,2.00769
58.8752,1.5501200000000002,1.70323
58.9335,1.6414400000000002,1.43032
58.9918,1.71728,1.17531
59.0501,1.7791,0.950926
59.1163,1.83477,0.739088
59.1761,1.87421,0.584767
59.2359,1.90533,0.45993999999999996
59.2958,1.9297,0.357561
59.3556,1.9484299999999999,0.270793
59.4154,1.9623,0.19381199999999998
59.4784,1.9721,0.118478
59.5483,1.97754,0.0371084
59.635,1.9763700000000002,-0.0644556
59.7313,1.96458,-0.181179
59.8276,1.94134,-0.30197399999999996
59.9239,1.90635,-0.42498100000000005
60.0091,1.8655,-0.533456
60.0943,1.81551,-0.6394
60.1795,1.7566700000000002,-0.740698
60.2647,1.68947,-0.8352809999999999
60.3499,1.61457,-0.9211469999999999
60.4351,1.5327899999999999,-0.9963620000000001
60.5203,1.4451200000000002,-1.0590600000000001
60.611999999999995,1.34556,-1.1105399999999999
60.7163,1.22763,-1.14659
60.835,1.0906,-1.1558700000000002
60.9661,0.9406450000000001,-1.1259299999999999
61.0971,0.797181,-1.05813
61.2282,0.66442,-0.965672
61.3721,0.5329079999999999,-0.8654569999999999
61.4951,0.42999799999999994,-0.816819
61.6181,0.328885,-0.843198
61.7175,0.240542,-0.9488049999999999
61.8169,0.136908,-1.1545
61.8979,0.033681699999999995,-1.41002
61.9788,-0.09370010000000001,-1.7517900000000002
62.0598,-0.25215,-2.17544
62.1407,-0.44737200000000005,-2.65265
62.2217,-0.681146,-3.11117
62.2753,-0.8544579999999999,-3.3431599999999997
62.3221,-1.0142,-3.4563300000000003
62.369,-1.17668,-3.45563
62.4159,-1.3361100000000001,-3.32495
62.4627,-1.4863899999999999,-3.06828
62.5096,-1.62216,-2.7113099999999997
62.5517,-1.7286599999999999,-2.33828
62.5947,-1.82067,-1.94143
62.6377,-1.8958099999999998,-1.5575
62.6807,-1.9551,-1.20675
62.729,-2.00482,-0.8656379999999999
62.77,-2.0352,-0.6205609999999999
62.8111,-2.05633,-0.41457
62.8522,-2.0697200000000002,-0.242679
62.8932,-2.07665,-0.09922560000000001
62.9343,-2.07818,0.0212403
62.9754,-2.07516,0.123503
63.0165,-2.06823,0.21151999999999999
63.0592,-2.05745,0.29136599999999996
63.104,-2.04272,0.365007
63.1511,-2.02388,0.433834
63.2007,-2.00073,0.49875200000000003
63.2529,-1.97305,0.560174
63.3077,-1.9407,0.618019
63.3651,-1.90366,0.671755
63.4249,-1.8620299999999999,0.720482
63.4869,-1.81598,0.763026
63.5512,-1.7657200000000002,0.7979729999999999
63.6181,-1.7114200000000002,0.8236049999999999
63.6881,-1.65323,0.837742
63.7619,-1.5912600000000001,0.837462
63.8411,-1.5256,0.818616
63.928000000000004,-1.45618,0.7747729999999999
64.0284,-1.38219,0.693764
64.1464,-1.30785,0.560253
64.267,-1.25019,0.391366
64.3877,-1.21392,0.209839
64.5281,-1.1982700000000002,0.020969099999999997
64.6427,-1.20232,-0.0813275
64.7574,-1.21413,-0.11100499999999999
64.8756,-1.22466,-0.0515659
64.9758,-1.22425,0.07040149999999999
65.07600000000001,-1.2086,0.25092
65.1762,-1.17231,0.480915
65.2764,-1.11081,0.753681
65.3766,-1.01989,1.06866
65.4768,-0.894985,1.43432
65.5817,-0.721301,1.8929099999999999
65.6556,-0.567366,2.2815
65.7206,-0.406521,2.68045
65.7855,-0.21780700000000003,3.13998
65.8505,0.00262002,3.6540199999999996
65.9154,0.257374,4.18738
65.965,0.47435,4.5558
66.0061,0.6666810000000001,4.786919999999999
66.0472,0.866297,4.90246
66.0825,1.03902,4.8761
66.1177,1.20846,4.71395
66.153,1.36971,4.41324
66.1882,1.51815,3.99056
66.2282,1.66629,3.40676
66.2627,1.77456,2.8597900000000003
66.2973,1.86389,2.31553
66.3318,1.9349299999999998,1.8056
66.3683,1.99184,1.32654
66.4039,2.03177,0.927283
66.4395,2.05871,0.596148
66.4752,2.07499,0.32758699999999996
66.5108,2.0827,0.11331600000000001
66.5464,2.0836,-0.0555788
66.582,2.07918,-0.187446
66.6177,2.0706,-0.289506
66.6533,2.05883,-0.367708
66.6897,2.04428,-0.427951
66.7279,2.0269999999999997,-0.473925
66.7682,2.00718,-0.507083
66.811,1.98502,-0.52827
66.8563,1.9607900000000003,-0.537907
66.9046,1.93482,-0.536053
66.9561,1.90753,-0.522468
67.01100000000001,1.87947,-0.496692
67.0699,1.85133,-0.458139
67.1332,1.8239299999999998,-0.40621199999999996
67.2018,1.79827,-0.340422
67.2775,1.7755,-0.26044
67.3644,1.75698,-0.165571
67.465,1.7456099999999999,-0.0628203
67.5508,1.74344,0.009061399999999999
67.6366,1.74652,0.058356899999999996
67.7109,1.75174,0.078452
67.7852,1.75761,0.07547419999999999
67.8595,1.7623799999999998,0.0491625
67.9338,1.76437,0.000783607
68.0082,1.7620099999999999,-0.0672312
68.0825,1.75397,-0.151757
68.1568,1.7391299999999998,-0.249441
68.2311,1.71665,-0.357081
68.3103,1.68354,-0.47967
68.3998,1.6342,-0.624459
68.517,1.54955,-0.8202280000000001
68.6359,1.44003,-1.0229
68.7548,1.30617,-1.2302899999999999
68.8863,1.12865,-1.47127
69.0294,0.8978139999999999,-1.76355
69.1294,0.7098810000000001,-2.00258
69.2146,0.5292060000000001,-2.24107
69.2999,0.32652800000000004,-2.5194900000000002
69.375,0.127157,-2.7976799999999997
69.45,-0.0938973,-3.09348
69.5222,-0.327119,-3.36046
69.5795,-0.524629,-3.52
69.6368,-0.728878,-3.58819
69.687,-0.9080889999999999,-3.5395300000000005
69.7372,-1.08187,-3.36997
69.7873,-1.2440799999999999,-3.07976
69.8388,-1.3927399999999999,-2.68035
69.8978,-1.53562,-2.15262
69.9462,-1.6290799999999999,-1.7150599999999998
69.9946,-1.7020400000000002,-1.30972
70.0455,-1.7590700000000001,-0.941334
70.0959,-1.7988,-0.645334
70.1464,-1.82533,-0.417205
70.1969,-1.84192,-0.249823
70.2473,-1.8514,-0.133454
70.2978,-1.85608,-0.0580507
70.3482,-1.85779,-0.014410599999999999
70.3987,-1.8579299999999999,0.00541766
70.4503,-1.85752,0.00802361
70.505,-1.85732,-0.00220914
70.5641,-1.8579900000000003,-0.021715599999999998
70.6294,-1.86022,-0.046575599999999995
70.7062,-1.86483,-0.0720943
70.7812,-1.87085,-0.0863168
70.8561,-1.8773900000000001,-0.0853362
70.9215,-1.88255,-0.070133
70.9869,-1.8862599999999998,-0.041088599999999996
71.0523,-1.88763,0.00130673
71.1176,-1.88582,0.055887900000000004
71.183,-1.88009,0.121051
71.2484,-1.8698,0.194968
71.316,-1.8538400000000002,0.278565
71.3878,-1.83044,0.373344
71.4673,-1.79644,0.482616
71.5651,-1.74259,0.619794
71.6563,-1.6802099999999998,0.74751
71.7475,-1.6063,0.872417
71.8387,-1.5212,0.9926799999999999
71.9299,-1.42539,1.10701
72.0274,-1.31185,1.22176
72.1392,-1.16824,1.34399
72.2693,-0.984765,1.4754200000000002
72.4096,-0.768297,1.61162
72.5408,-0.5481590000000001,1.74725
72.6467,-0.356431,1.87558
72.7527,-0.149701,2.03193
72.8586,0.0753251,2.22056
72.9646,0.32153000000000004,2.42671
73.0518,0.539929,2.57476
73.1263,0.734745,2.64587
73.2007,0.931726,2.62705
73.2659,1.0998299999999999,2.51515
73.3311,1.2576200000000002,2.3121
73.3963,1.3996600000000001,2.03657
73.4632,1.5253299999999999,1.71357
73.5223,1.61809,1.42693
73.5815,1.69448,1.1625299999999998
73.6406,1.7562400000000002,0.933782
73.7097,1.81302,0.7170380000000001
73.7692,1.85117,0.571579
73.8287,1.88162,0.45720600000000006
73.8881,1.9060099999999998,0.366223
73.9476,1.9255,0.291242
74.0071,1.94085,0.225962
74.0708,1.95317,0.161189
74.1431,1.96222,0.0889383
74.2243,1.96606,0.00492669
74.3054,1.9628700000000001,-0.0845526
74.3866,1.95218,-0.179848
74.4677,1.93355,-0.279984
74.5489,1.90665,-0.383286
74.6489,1.8618599999999998,-0.512111
74.7317,1.8151099999999998,-0.617358
74.8144,1.75977,-0.719237
74.8972,1.69622,-0.815818
74.9799,1.62495,-0.9052819999999999
75.0627,1.54663,-0.985909
75.1469,1.4604700000000002,-1.05726
75.2374,1.36192,-1.11994
75.3389,1.2454,-1.1711200000000002
75.4562,1.10592,-1.20254
75.5861,0.9494020000000001,-1.20153
75.7159,0.795327,-1.16591
75.8458,0.647596,-1.10643
75.9849,0.498496,-1.0407
76.105,0.375589,-1.0131700000000001
76.2095,0.268818,-1.04006
76.314,0.15554300000000001,-1.14221
76.4012,0.0495185,-1.30431
76.4883,-0.07420239999999999,-1.5500399999999999
76.5652,-0.20407999999999998,-1.84018
76.6421,-0.358683,-2.19046
76.7189,-0.541664,-2.57113
76.7998,-0.764809,-2.93554
76.8549,-0.9318629999999999,-3.10715
76.9101,-1.10556,-3.1701
76.956,-1.25042,-3.11727
77.002,-1.3905,-2.96251
77.048,-1.52129,-2.7155099999999996
77.098,-1.6488200000000002,-2.369
77.1421,-1.7458900000000002,-2.02782
77.1863,-1.82771,-1.68189
77.2304,-1.89458,-1.3531799999999998
77.2752,-1.9482599999999999,-1.05178
77.325,-1.9932299999999998,-0.7620680000000001
77.3684,-2.02157,-0.5491590000000001
77.4118,-2.04141,-0.369718
77.4552,-2.05409,-0.218908
77.4986,-2.06075,-0.0915702
77.5421,-2.0623099999999996,0.01709
77.5855,-2.0594799999999998,0.111177
77.63,-2.05261,0.19591
77.6763,-2.04167,0.274674
77.725,-2.0264599999999997,0.349258
77.7762,-2.00672,0.420828
77.8301,-1.98215,0.49
77.8866,-1.9525400000000002,0.556828
77.9456,-1.9177799999999998,0.620841
78.0068,-1.87792,0.681168
78.0699,-1.83313,0.736704
78.1349,-1.7835599999999998,0.786203
78.2021,-1.72933,0.828252
78.2717,-1.6704400000000001,0.861124
78.3445,-1.60684,0.882541
78.4218,-1.5383200000000001,0.8892950000000001
78.5052,-1.4645299999999999,0.8765620000000001
78.5983,-1.38452,0.8361649999999999
78.7091,-1.29626,0.751433
78.8343,-1.21051,0.610721
78.9595,-1.14481,0.43386800000000003
79.0848,-1.1024200000000002,0.243195
79.2196,-1.08251,0.0595159
79.3545,-1.08333,-0.0566067
79.4893,-1.09293,-0.0655269
79.5965,-1.0962100000000001,0.0179835
79.7053,-1.08592,0.184424
79.7986,-1.05964,0.387254
79.892,-1.01207,0.639933
79.9853,-0.938667,0.9406479999999999
80.0787,-0.834799,1.2941
80.1802,-0.6809029999999999,1.75413
80.2556,-0.533555,2.16413
80.3212,-0.378344,2.5803599999999998
80.3867,-0.19380799999999998,3.0590599999999997
80.4445,-0.00370395,3.52821
80.5023,0.21429099999999998,4.018619999999999
80.5564,0.44373999999999997,4.44996
80.5988,0.638367,4.719040000000001
80.6412,0.8421860000000001,4.87504
80.6766,1.01516,4.88238
80.7119,1.18605,4.75453
80.7473,1.3499,4.48479
80.7827,1.50186,4.08593
80.8207,1.64717,3.54996
80.8554,1.76101,3.00727
80.8901,1.85578,2.4571400000000003
80.9248,1.93185,1.93442
80.9599,1.99118,1.45766
80.9974,2.03747,1.01811
81.035,2.06868,0.654633
81.0669,2.0853900000000003,0.40200199999999997
81.0988,2.09479,0.19439800000000002
81.1307,2.0982,0.025395400000000002
81.1626,2.09675,-0.111267
81.195,2.0912599999999997,-0.223014
81.2285,2.08219,-0.314761
81.2634,2.06985,-0.38963000000000003
81.2999,2.0544700000000002,-0.449916
81.3383,2.0362299999999998,-0.497312
81.3789,2.0152900000000002,-0.533003
81.4219,1.9918099999999999,-0.557721
81.4675,1.966,-0.5717840000000001
81.516,1.9381400000000002,-0.5751350000000001
81.5676,1.90861,-0.567391
81.6226,1.87792,-0.54791
81.6811,1.8467,-0.515868
81.7438,1.81575,-0.470347
81.8112,1.786,-0.41043599999999997
81.8846,1.75857,-0.33532199999999995
81.9665,1.73481,-0.244275
82.0637,1.7164099999999998,-0.135229
82.1626,1.70812,-0.0354425
82.2614,1.7086,0.040086699999999996
82.3414,1.7134099999999999,0.07591460000000001
82.4214,1.72003,0.0850184
82.5014,1.72625,0.065991
82.5814,1.72986,0.0196928
82.6613,1.72875,-0.0511733
82.7413,1.72112,-0.142742
82.8213,1.7054799999999999,-0.250715
82.9013,1.68068,-0.37097600000000003
82.9825,1.6452799999999999,-0.5020640000000001
83.0738,1.59243,-0.656695
83.1907,1.5037200000000002,-0.8621489999999999
83.3208,1.37625,-1.09896
83.4509,1.2172399999999999,-1.34816
83.6053,0.984326,-1.67688
83.7124,0.790806,-1.94471
83.79899999999999,0.611624,-2.19979
83.8857,0.408435,-2.5006
83.9571,0.219729,-2.78681
84.0286,0.00950642,-3.10045
84.1011,-0.227075,-3.42009
84.1601,-0.43582299999999996,-3.64181
84.2114,-0.626089,-3.76603
84.2627,-0.820241,-3.7871599999999996
84.3139,-1.01211,-3.6726400000000003
84.3652,-1.19428,-3.40881
84.4165,-1.35935,-3.01116
84.4701,-1.50736,-2.49994
84.5163,-1.6120299999999999,-2.03124
84.5625,-1.6953,-1.57905
84.6087,-1.7586400000000002,-1.17258
84.6626,-1.8107900000000001,-0.776543
84.7074,-1.83952,-0.515706
84.7522,-1.85789,-0.31311100000000003
84.7971,-1.86835,-0.161683
84.8419,-1.8730200000000001,-0.053282
84.8867,-1.87365,0.020013
84.9315,-1.87165,0.065301
84.978,-1.86798,0.08917919999999999
85.0268,-1.8634099999999998,0.0951053
85.0787,-1.8586599999999998,0.0858523
85.1342,-1.85445,0.06412190000000001
85.1946,-1.85149,0.0328226
85.262,-1.85055,-0.00470959
85.3428,-1.8526200000000002,-0.0448218
85.41799999999999,-1.8570400000000002,-0.070411
85.4932,-1.8628,-0.0798744
85.5591,-1.86791,-0.07278739999999999
85.625,-1.8720700000000001,-0.0506806
85.6909,-1.87427,-0.013928399999999999
85.7569,-1.8736,0.036345
85.8228,-1.86922,0.0985008
85.8887,-1.8604,0.17061600000000002
85.9555,-1.8463200000000002,0.25185
86.0259,-1.82538,0.344007
86.1025,-1.79503,0.449449
86.1914,-1.74951,0.5755560000000001
86.2874,-1.68766,0.712911
86.3834,-1.61269,0.8485
86.4794,-1.52488,0.980138
86.5754,-1.42468,1.1064
86.6743,-1.30903,1.23024
86.7878,-1.16171,1.36479
86.9206,-0.970463,1.51532
87.06299999999999,-0.7431760000000001,1.6783400000000002
87.1799,-0.538421,1.8262200000000002
87.2802,-0.348028,1.9741799999999998
87.3805,-0.141458,2.14961
87.4808,0.0841195,2.35183
87.5811,0.33056599999999997,2.55965
87.6607,0.539836,2.69263
87.7403,0.756998,2.7498099999999996
87.8067,0.938767,2.70467
87.8732,1.11415,2.55612
87.9396,1.27626,2.30815
88.0061,1.4193,1.98849
88.068,1.5324799999999998,1.66334
88.13,1.62564,1.3477
88.19200000000001,1.70023,1.0670899999999999
88.2539,1.75888,0.834457
88.316,1.8047799999999998,0.651183
88.3782,1.8407200000000001,0.5123810000000001
88.4403,1.8691799999999998,0.40892399999999995
88.5024,1.89205,0.330903
88.5645,1.9106299999999998,0.26924899999999996
88.6267,1.9256900000000001,0.21647600000000003
88.6929,1.93828,0.163605
88.7725,1.9487299999999999,0.09824680000000001
88.8458,1.95356,0.0325455
88.9191,1.95333,-0.0401153
88.9923,1.9475099999999999,-0.119799
89.0656,1.9356200000000001,-0.20563299999999998
89.1388,1.91727,-0.296227
89.2172,1.8901299999999999,-0.396577
89.3115,1.84695,-0.519234
89.3964,1.79823,-0.628686
89.4812,1.74035,-0.734946
89.5661,1.67367,-0.835943
89.6509,1.5987,-0.929782
89.7358,1.51614,-1.01472
89.8226,1.42465,-1.0907799999999999
89.9168,1.31856,-1.1590799999999999
90.0252,1.18953,-1.21737
90.1477,1.0377399999999999,-1.25528
90.2786,0.872556,-1.26344
90.4095,0.708212,-1.2441
90.5404,0.547454,-1.212
90.6722,0.389277,-1.19347
90.7789,0.261158,-1.21538
90.8857,0.127699,-1.29809
90.9739,0.00777171,-1.4315799999999999
91.0621,-0.127049,-1.63721
91.1503,-0.283366,-1.91815
91.2386,-0.46729,-2.2578099999999997
91.3268,-0.682037,-2.60443
91.39299999999999,-0.861857,-2.8117799999999997
91.4487,-1.02142,-2.90745
91.5044,-1.18355,-2.90004
91.56,-1.34199,-2.77371
91.6157,-1.49017,-2.53424
91.6713,-1.62248,-2.20968
91.7185,-1.7195,-1.89851
91.7657,-1.8016,-1.5817700000000001
91.8129,-1.86905,-1.2802200000000001
91.8601,-1.9229,-1.00716
91.9179,-1.9725700000000002,-0.719729
91.9643,-2.0013400000000003,-0.526826
92.0106,-2.02188,-0.363721
92.057,-2.03545,-0.22573000000000001
92.1033,-2.04312,-0.107985
92.1497,-2.0457099999999997,-0.00605334
92.1961,-2.04386,0.0837927
92.2441,-2.03779,0.167346
92.2944,-2.02734,0.24697399999999997
92.3473,-2.01221,0.324253
92.40299999999999,-1.9920099999999998,0.40013699999999996
92.4615,-1.96639,0.47490600000000005
92.5225,-1.9351599999999998,0.548158
92.5856,-1.8983299999999999,0.618958
92.6503,-1.85607,0.686136
92.7165,-1.8085900000000001,0.74851
92.7841,-1.7560099999999998,0.8049109999999999
92.8536,-1.69829,0.854049
92.9256,-1.63527,0.8942829999999999
93.0011,-1.5666,0.9233379999999999
93.0814,-1.49174,0.93785
93.1689,-1.40973,0.932474
93.2687,-1.31821,0.897307
93.3839,-1.2190299999999998,0.81681
93.5087,-1.12495,0.683998
93.6334,-1.04992,0.514048
93.7582,-0.99739,0.3275
93.9187,-0.962874,0.11283499999999999
94.0791,-0.95583,-0.00219708
94.1947,-0.9560379999999999,0.0143917
94.2962,-0.950367,0.110449
94.3976,-0.9309780000000001,0.284554
94.4991,-0.890064,0.534194
94.6006,-0.820074,0.8577319999999999
94.7021,-0.713337,1.26015
94.805,-0.558471,1.7660099999999999
94.8756,-0.41953999999999997,2.18392
94.9472,-0.24572199999999997,2.6795299999999997
95.006,-0.0748333,3.14109
95.0648,0.124392,3.6397699999999995
95.1236,0.353206,4.13857
95.1709,0.557301,4.48991
95.2112,0.742942,4.70792
95.2515,0.935092,4.80583
95.2864,1.10289,4.76334
95.3214,1.2668700000000002,4.5863
95.3564,1.42229,4.2759599999999995
95.3914,1.5647799999999998,3.8519400000000004
95.4338,1.71517,3.2370900000000002
95.4676,1.81577,2.71323
95.5014,1.89873,2.19844
95.5352,1.96482,1.71947
95.5725,2.01999,1.25222
95.6074,2.05706,0.8793139999999999
95.6424,2.0822,0.568813
95.6773,2.0975,0.31505700000000003
95.7123,2.1048,0.110278
95.7473,2.10568,-0.0536779
95.7822,2.10144,-0.184364
95.8172,2.0931,-0.28828899999999996
95.8522,2.08153,-0.370809
95.8884,2.06683,-0.438262
95.9264,2.04908,-0.493266
95.9665,2.02838,-0.5372100000000001
96.0089,2.00485,-0.57096
96.0538,1.97859,-0.594939
96.1016,1.94982,-0.609164
96.1522,1.9188,-0.61328
96.206,1.8859299999999999,-0.606607
96.2632,1.8517400000000002,-0.588194
96.3239,1.8169099999999998,-0.556887
96.3887,1.78223,-0.5113800000000001
96.4583,1.74869,-0.45028
96.5341,1.71747,-0.372168
96.6186,1.69005,-0.275596
96.7184,1.6684299999999999,-0.158074
96.83,1.65767,-0.038321100000000004
96.9259,1.6580000000000001,0.040363300000000005
97.0218,1.6643299999999999,0.0853023
97.1017,1.6716099999999998,0.0919221
97.1817,1.6782400000000002,0.0689538
97.2617,1.6818799999999998,0.0174705
97.3416,1.68035,-0.059552499999999994
97.4216,1.6717799999999998,-0.157987
97.5016,1.6546299999999998,-0.273345
97.5815,1.62773,-0.40144
97.6655,1.58802,-0.5458609999999999
97.7601,1.52836,-0.717302
97.8775,1.4311200000000002,-0.940349
98.0234,1.27267,-1.2349
98.1529,1.0946,-1.52284
98.2823,0.8765069999999999,-1.8579900000000003
98.3715,0.698657,-2.13449
98.4487,0.523267,-2.41601
98.52600000000001,0.324349,-2.74473
98.5936,0.127807,-3.07088
98.6613,-0.0916389,-3.4177400000000002
98.7352,-0.357865,-3.7733199999999996
98.7862,-0.555195,-3.9560199999999996
98.8371,-0.759474,-4.03825
98.8812,-0.936876,-3.99445
98.9253,-1.1095899999999999,-3.8237699999999997
98.9693,-1.27193,-3.5248699999999995
99.014,-1.42065,-3.11116
99.0665,-1.56907,-2.5384
99.1092,-1.66708,-2.05291
99.1519,-1.7447400000000002,-1.5902
99.1956,-1.8048,-1.1666299999999998
99.2435,-1.8509799999999998,-0.777751
99.2852,-1.8775400000000002,-0.504641
99.32700000000001,-1.8939099999999998,-0.289189
99.3687,-1.90238,-0.124482
99.4104,-1.9049,-0.00270997
99.4522,-1.9031,0.08366749999999999
99.4939,-1.89832,0.14135999999999999
99.5373,-1.89133,0.177048
99.5829,-1.8828099999999999,0.19358399999999998
99.6311,-1.87343,0.193179
99.6824,-1.86385,0.17777300000000001
99.7376,-1.85477,0.149266
99.7977,-1.84697,0.10973599999999999
99.8643,-1.84125,0.0616125
99.94200000000001,-1.8386099999999999,0.00746701
100.0,-1.8392,-0.0269678
