,x,xdot
1e-06,-2e-07,-0.200001
6e-06,-1.20002e-06,-0.200006
3.1e-05,-6.20048e-06,-0.200031
0.000156,-3.12122e-05,-0.200156
0.000781,-0.000156505,-0.20078
0.003906,-0.0007888010000000001,-0.20388499999999998
0.019531,-0.00409349,-0.218998
0.07191410000000001,-0.016784900000000002,-0.264022
0.135857,-0.0350624,-0.304759
0.1998,-0.055345500000000006,-0.326071
0.263743,-0.0762581,-0.323716
0.32768600000000003,-0.09614310000000001,-0.293134
0.391629,-0.11303699999999998,-0.229275
0.447669,-0.123573,-0.14138
0.503708,-0.128235,-0.018740200000000002
0.559747,-0.12491400000000001,0.144624
0.615786,-0.11111800000000001,0.356659
0.663511,-0.0888674,0.583669
0.711236,-0.05457959999999999,0.8627940000000001
0.7589600000000001,-0.0055055,1.2054
0.7996880000000001,0.0505619,1.5579
0.8404149999999999,0.122261,1.9742099999999998
0.881143,0.21230100000000002,2.45875
0.9218709999999999,0.3234,3.00605
0.962598,0.45766899999999994,3.58969
0.999273,0.598766,4.095940000000001
1.02983,0.729537,4.44766
1.06039,0.8693059999999999,4.6748199999999995
1.0863,0.991442,4.72695
1.1122100000000001,1.11295,4.62378
1.1381299999999999,1.2297,4.36059
1.16404,1.3377299999999999,3.9569099999999997
1.19315,1.44482,3.38695
1.21666,1.5185899999999999,2.88422
1.2401799999999998,1.58049,2.38361
1.26369,1.63094,1.9138
1.28857,1.6729,1.4704700000000002
1.31322,1.70438,1.0948799999999999
1.33815,1.7276200000000002,0.779908
1.36015,1.7421900000000001,0.552042
1.38215,1.7522099999999998,0.36533499999999997
1.40415,1.75852,0.21368499999999999
1.42614,1.76183,0.0911846
1.44844,1.7627099999999998,-0.00866717
1.47139,1.7615299999999998,-0.0909433
1.49522,1.75852,-0.15885
1.52009,1.75384,-0.214875
1.5462,1.7476099999999999,-0.261024
1.57372,1.7398799999999999,-0.298925
1.60286,1.7307,-0.329881
1.6337899999999999,1.7200900000000001,-0.354904
1.66672,1.70806,-0.374736
1.70182,1.6946299999999999,-0.389862
1.73922,1.67983,-0.400523
1.77898,1.66376,-0.406731
1.82112,1.64658,-0.40830700000000003
1.8655400000000002,1.62849,-0.404929
1.9121400000000002,1.60981,-0.39618400000000004
1.9608299999999999,1.59085,-0.381614
2.01157,1.57199,-0.360745
2.06447,1.55362,-0.33310700000000004
2.11977,1.53613,-0.298254
2.17791,1.52,-0.255793
2.2396599999999998,1.5057399999999999,-0.205413
2.30647,1.49395,-0.146822
2.38187,1.4854399999999999,-0.07908330000000001
2.46325,1.4818799999999999,-0.00938404
2.53323,1.48311,0.0430093
2.60322,1.48765,0.0844276
2.66396,1.49358,0.109108
2.7247,1.50066,0.121922
2.7854400000000004,1.50814,0.122298
2.84618,1.5152700000000001,0.110384
2.90692,1.52132,0.0869483
2.96766,1.52562,0.0532018
3.0283900000000004,1.5276,0.0106096
3.08913,1.5267600000000001,-0.0392909
3.14987,1.52271,-0.0950294
3.21061,1.5151299999999999,-0.15529400000000002
3.2745,1.50308,-0.22235700000000003
3.34464,1.48481,-0.299138
3.42755,1.45614,-0.392897
3.5144699999999998,1.41762,-0.493755
3.6014,1.3702299999999998,-0.597068
3.68833,1.31372,-0.703731
3.7764,1.24678,-0.817646
3.8806800000000004,1.15391,-0.9670129999999999
3.97485,1.05554,-1.12788
4.06902,0.940011,-1.3365200000000002
4.14436,0.83114,-1.56608
4.20193,0.7344310000000001,-1.8048400000000002
4.24972,0.642204,-2.06688
4.29093,0.551254,-2.35909
4.33214,0.44661999999999996,-2.73509
4.3646,0.351992,-3.10807
4.39706,0.243932,-3.5653900000000003
4.42512,0.137383,-4.04027
4.45319,0.016387099999999998,-4.59525
4.48126,-0.12128900000000001,-5.2272099999999995
4.50932,-0.277561,-5.914569999999999
4.53822,-0.458812,-6.623939999999999
4.56079,-0.6139979999999999,-7.113160000000001
4.58056,-0.758067,-7.43465
4.60034,-0.907032,-7.5992
4.61771,-1.03905,-7.5751100000000005
4.63507,-1.1691,-7.37065
4.65244,-1.294,-6.9832600000000005
4.66981,-1.4107100000000001,-6.432519999999999
4.6889199999999995,-1.5266899999999999,-5.685219999999999
4.70587,-1.6168799999999999,-4.95279
4.72281,-1.69448,-4.20657
4.7397599999999995,-1.75962,-3.48909
4.75671,-1.81308,-2.8310400000000002
4.7758,-1.8607799999999999,-2.18244
4.79235,-1.89284,-1.70668
4.80889,-1.91767,-1.30864
4.82543,-1.93652,-0.9816520000000001
4.84197,-1.95049,-0.7168760000000001
4.85851,-1.9605299999999999,-0.504908
4.87505,-1.96744,-0.336752
4.8916,-1.97187,-0.204337
4.90814,-1.97436,-0.100728
4.92468,-1.97533,-0.020129400000000002
4.94174,-1.9751,0.043887300000000004
4.9595199999999995,-1.97385,0.0944258
4.97813,-1.9717099999999999,0.133617
4.9977,-1.96879,0.163217
5.01834,-1.96518,0.184697
5.04019,-1.96097,0.199287
5.06339,-1.9562400000000002,0.20800300000000002
5.0881,-1.95104,0.21166999999999997
5.11448,-1.9454599999999997,0.210944
5.14274,-1.93956,0.206331
5.17305,-1.9334200000000001,0.198214
5.20563,-1.92714,0.186871
5.24072,-1.92083,0.172507
5.278580000000001,-1.91462,0.15526700000000002
5.31964,-1.90865,0.13524
5.36474,-1.90307,0.11237799999999999
5.4161,-1.8979700000000002,0.086103
5.47222,-1.89393,0.0581309
5.52153,-1.8916400000000002,0.035042800000000006
5.57083,-1.8904400000000001,0.014054399999999998
5.6201300000000005,-1.89021,-0.00422917
5.6628300000000005,-1.89068,-0.0174779
5.70553,-1.89166,-0.028037799999999998
5.74822,-1.89303,-0.035701300000000005
5.79092,-1.89467,-0.0403281
5.83362,-1.8964299999999998,-0.041844900000000004
5.87632,-1.8982,-0.0402433
5.91902,-1.89983,-0.0355751
5.96172,-1.9011900000000002,-0.027945799999999996
6.00442,-1.9021700000000001,-0.017507400000000003
6.04712,-1.90265,-0.00445066
6.08982,-1.90252,0.0110029
6.13251,-1.90168,0.028608099999999997
6.17521,-1.90005,0.0481025
6.21855,-1.8975,0.0695407
6.2632900000000005,-1.8938700000000002,0.09310310000000001
6.30999,-1.88893,0.118902
6.35954,-1.8823400000000001,0.14720899999999998
6.4137900000000005,-1.87349,0.17879
6.4794599999999996,-1.8604900000000002,0.21703699999999998
6.53475,-1.84762,0.248554
6.5900300000000005,-1.8330400000000002,0.278823
6.64531,-1.81683,0.307261
6.69343,-1.80148,0.33007600000000004
6.74155,-1.7851,0.350699
6.78967,-1.76777,0.368763
6.837789999999999,-1.74965,0.383911
6.8859,-1.73088,0.395798
6.934019999999999,-1.7116200000000001,0.404094
6.982139999999999,-1.69205,0.40849
7.03026,-1.67238,0.40870700000000004
7.07838,-1.6527900000000002,0.404507
7.12707,-1.63329,0.395566
7.176760000000001,-1.6139700000000001,0.381454
7.227689999999999,-1.59502,0.361717
7.28015,-1.5767,0.335904
7.33449,-1.5593,0.303587
7.39117,-1.54318,0.264387
7.450889999999999,-1.52875,0.218002
7.51485,-1.51651,0.164177
7.58557,-1.50708,0.102338
7.67317,-1.5014299999999998,0.0277043
7.74282,-1.50139,-0.0253743
7.812469999999999,-1.50474,-0.06889400000000001
7.87257,-1.50976,-0.09636950000000001
7.93268,-1.51611,-0.11298699999999999
7.992780000000001,-1.52311,-0.117974
8.05288,-1.53005,-0.111226
8.11299,-1.53625,-0.0932428
8.17309,-1.54105,-0.064996
8.233189999999999,-1.54388,-0.027760000000000003
8.293289999999999,-1.54424,0.0170536
8.3534,-1.5417100000000001,0.06803569999999999
8.4135,-1.53596,0.123879
8.47456,-1.52657,0.184409
8.540230000000001,-1.51223,0.25264699999999995
8.61432,-1.4905700000000002,0.33234400000000003
8.71415,-1.45192,0.442596
8.79513,-1.4124,0.5336569999999999
8.87611,-1.36545,0.626104
8.957089999999999,-1.31093,0.7206670000000001
9.04229,-1.24516,0.8243889999999999
9.14137,-1.1571,0.9558030000000001
9.24038,-1.05508,1.1102299999999998
9.33939,-0.93575,1.3108
9.41652,-0.8267559999999999,1.52702
9.47503,-0.7311840000000001,1.751
9.523810000000001,-0.639994,1.9987599999999999
9.56594,-0.550186,2.27648
9.60807,-0.447054,2.63531
9.64127,-0.353817,2.9929
9.67448,-0.24737800000000001,3.4331199999999997
9.70314,-0.142621,3.89115
9.73179,-0.0236076,4.42871
9.76045,0.111945,5.04406
9.7891,0.266045,5.71802
9.81809,0.44188299999999997,6.40886
9.84158,0.5985189999999999,6.91126
9.86196,0.742978,7.244860000000001
9.88234,0.8927700000000001,7.42515
9.90012,1.02495,7.41662
9.9179,1.15541,7.22922
9.93568,1.2809,6.85877
9.95345,1.39829,6.3234699999999995
9.97273,1.5134299999999998,5.602069999999999
9.99006,1.6043100000000001,4.88181
10.0074,1.6825,4.14538
10.0247,1.7481099999999998,3.4359300000000004
10.042,1.8019,2.78479
10.0613,1.8493400000000002,2.15022
10.0782,1.88159,1.67927
10.0951,1.90655,1.28575
10.112,1.92546,0.963042
10.1289,1.93945,0.7023119999999999
10.1458,1.9494900000000002,0.49414300000000005
10.1627,1.9564,0.32952600000000004
10.1796,1.9608299999999999,0.200388
10.1965,1.96333,0.0997962
10.2134,1.9643400000000002,0.0219727
10.2309,1.96416,-0.0393425
10.249,1.9629900000000002,-0.0873338
10.267999999999999,1.9609599999999998,-0.124109
10.288,1.95819,-0.151395
10.3091,1.95478,-0.170639
10.3314,1.95082,-0.183049
10.3551,1.94639,-0.189626
10.3804,1.94157,-0.191184
10.4074,1.9364299999999999,-0.188375
10.4364,1.9310599999999998,-0.18170799999999998
10.4675,1.92556,-0.171575
10.5011,1.9200099999999998,-0.158269
10.5375,1.9145400000000001,-0.142001
10.5772,1.90927,-0.122896
10.6212,1.90435,-0.10091499999999999
10.6721,1.8998599999999999,-0.0753865
10.7243,1.8966,-0.0500986
10.7777,1.89457,-0.0260312
10.8228,1.89382,-0.00780704
10.868,1.89383,0.00802288
10.9131,1.8945,0.0210821
10.9582,1.89569,0.031072000000000002
11.0033,1.89725,0.037776599999999994
11.0484,1.89904,0.041063800000000004
11.0935,1.9009099999999999,0.040884500000000004
11.1386,1.90268,0.037267
11.1838,1.90422,0.030310200000000002
11.2289,1.90537,0.020174
11.274000000000001,1.90599,0.00706958
11.3191,1.9059700000000002,-0.00875121
11.3642,1.90517,-0.027005099999999997
11.4093,1.9035,-0.0473864
11.4544,1.9008599999999998,-0.069574
11.4996,1.8972,-0.093238
11.5462,1.89225,-0.11891900000000001
11.5957,1.8856700000000002,-0.147071
11.65,1.87685,-0.17848599999999998
11.7158,1.8638400000000002,-0.21661799999999998
11.7708,1.85105,-0.24783899999999998
11.8259,1.83657,-0.27781300000000003
11.880999999999998,1.8204900000000002,-0.305967
11.9289,1.8052599999999999,-0.328569
11.9769,1.7890000000000001,-0.348992
12.0249,1.7718200000000002,-0.36687600000000004
12.0728,1.75385,-0.381866
12.1208,1.7352299999999998,-0.393623
12.1688,1.7161400000000002,-0.401821
12.2168,1.6967400000000001,-0.406157
12.2647,1.67724,-0.406356
12.3127,1.65783,-0.402185
12.3612,1.63852,-0.393342
12.4106,1.6194,-0.379409
12.4613,1.60065,-0.35995
12.5134,1.58251,-0.33453
12.5674,1.56529,-0.302739
12.6237,1.54931,-0.264219
12.683,1.53498,-0.21868400000000002
12.7463,1.52278,-0.165892
12.8162,1.5133,-0.10530899999999999
12.9018,1.50742,-0.032706900000000004
12.9715,1.50704,0.0205308
13.0412,1.51007,0.0645599
13.1011,1.51483,0.0926467
13.161,1.52096,0.110176
13.2209,1.5278,0.116328
13.2807,1.5346600000000001,0.11093900000000001
13.3406,1.5408600000000001,0.0944358
13.4005,1.54576,0.0677212
13.4604,1.54879,0.0320111
13.5203,1.54945,-0.0113259
13.5802,1.54731,-0.0609068
13.6401,1.54205,-0.115434
13.6999,1.53341,-0.173758
13.7644,1.5201,-0.239686
13.8365,1.5000799999999999,-0.316048
13.927999999999999,1.46661,-0.415634
14.0087,1.42947,-0.504869
14.0894,1.3851,-0.595163
14.1701,1.33338,-0.686888
14.2522,1.27311,-0.782876
14.3427,1.19721,-0.895208
14.4476,1.09584,-1.04243
14.5524,0.9772799999999999,-1.22755
14.6351,0.868101,-1.42564
14.7002,0.768664,-1.6394400000000002
14.7529,0.676475,-1.87173
14.7978,0.586785,-2.13157
14.8372,0.497179,-2.42446
14.8767,0.394497,-2.79829
14.9086,0.29943200000000003,-3.1760599999999997
14.9405,0.19104300000000002,-3.63606
14.9686,0.0821451,-4.11949
14.9967,-0.0414246,-4.67909
15.0248,-0.18173,-5.30665
15.052999999999999,-0.340334,-5.97296
15.0806,-0.514054,-6.60438
15.1025,-0.6637390000000001,-7.02624
15.1244,-0.821268,-7.30815
15.1428,-0.95614,-7.38733
15.1611,-1.0908799999999998,-7.2899199999999995
15.1794,-1.22209,-7.00064
15.1977,-1.34628,-6.527419999999999
15.216,-1.46035,-5.90256
15.2346,-1.56331,-5.16604
15.2535,-1.6531200000000001,-4.3768199999999995
15.2723,-1.72813,-3.6021300000000003
15.2911,-1.7890599999999999,-2.88633
15.3099,-1.8373,-2.25616
15.3273,-1.87202,-1.76049
15.3446,-1.8988599999999998,-1.3460299999999998
15.362,-1.9191599999999998,-1.00652
15.3793,-1.9341599999999999,-0.732911
15.3966,-1.94491,-0.5152399999999999
15.414000000000001,-1.9523099999999998,-0.343869
15.4313,-1.9570599999999998,-0.210117
15.4487,-1.95977,-0.10652400000000001
15.466,-1.9609,-0.026882599999999996
15.4834,-1.96081,0.0338615
15.5016,-1.95974,0.0816868
15.5207,-1.9578099999999998,0.118274
15.5407,-1.95515,0.14532
15.5619,-1.95186,0.164277
15.5843,-1.94803,0.17636
15.6081,-1.94375,0.182578
15.6334,-1.9391,0.183753
15.6606,-1.93415,0.180545
15.6896,-1.9289900000000002,0.173475
15.7209,-1.92372,0.162945
15.7548,-1.9184400000000001,0.149257
15.7915,-1.91326,0.132628
15.8317,-1.90831,0.11317200000000001
15.8767,-1.90372,0.0907737
15.9303,-1.89957,0.0642751
15.9813,-1.8969099999999999,0.0402704
16.0322,-1.89543,0.0182602
16.0767,-1.895,0.00126074
16.1211,-1.8952799999999999,-0.013271799999999999
16.1655,-1.8961400000000002,-0.0250045
16.21,-1.89746,-0.033680699999999994
16.2544,-1.8990900000000002,-0.0391224
16.2988,-1.90088,-0.0412311
16.3432,-1.9027,-0.0399846
16.3877,-1.9043900000000002,-0.0354319
16.4321,-1.9058,-0.0276853
16.4765,-1.9068,-0.016912200000000002
16.521,-1.90726,-0.00332515
16.5654,-1.9070599999999998,0.012827200000000002
16.6098,-1.90609,0.031269
16.6543,-1.90425,0.0517049
16.6987,-1.90147,0.07382639999999999
16.7437,-1.8976099999999998,0.0976496
16.7908,-1.89241,0.123673
16.8409,-1.8855,0.15226199999999998
16.8963,-1.8761700000000001,0.184373
16.9674,-1.8616099999999998,0.22534200000000001
17.0208,-1.8487799999999999,0.255281
17.0741,-1.83438,0.283908
17.1275,-1.8185,0.310704
17.1809,-1.8012599999999999,0.33515500000000004
17.2343,-1.78278,0.356758
17.2811,-1.7656599999999998,0.372987
17.328,-1.7478599999999997,0.386316
17.3749,-1.7295,0.396433
17.4217,-1.71075,0.403043
17.4686,-1.6917799999999998,0.40587199999999996
17.5155,-1.67277,0.40467800000000004
17.5632,-1.65356,0.39911199999999997
17.6119,-1.63438,0.388766
17.6616,-1.61542,0.37322
17.7126,-1.5969,0.352046
17.7652,-1.5790799999999998,0.324821
17.8197,-1.56227,0.291155
17.8767,-1.54681,0.250716
17.9369,-1.53312,0.203247
18.0017,-1.5217100000000001,0.148489
18.0744,-1.5132,0.08555800000000001
18.1538,-1.50906,0.019581400000000002
18.2217,-1.50947,-0.030403500000000003
18.2895,-1.51298,-0.0709948
18.3487,-1.5179799999999999,-0.0965677
18.4079,-1.5242,-0.11166199999999998
18.467,-1.5309700000000002,-0.11561700000000001
18.5262,-1.53765,-0.10838699999999998
18.5853,-1.54359,-0.09046950000000001
18.6445,-1.54817,-0.06279030000000001
18.7036,-1.55085,-0.026546299999999995
18.7628,-1.55116,0.0169404
18.822,-1.54873,0.06634780000000001
18.8811,-1.54322,0.12044300000000001
18.9416,-1.53417,0.179451
19.0066,-1.52037,0.24590700000000001
19.0796,-1.4996,0.32321300000000003
19.1757,-1.46353,0.427594
19.2556,-1.4258600000000001,0.515664
19.3355,-1.3811200000000001,0.604688
19.4154,-1.32922,0.695075
19.4975,-1.26825,0.790722
19.5887,-1.19106,0.903541
19.6933,-1.08911,1.0504200000000001
19.7978,-0.9700280000000001,1.23593
19.8799,-0.86085,1.43444
19.9441,-0.762356,1.64694
19.9963,-0.6705369999999999,1.8790200000000001
20.041,-0.5810609999999999,2.13899
20.0802,-0.49155600000000005,2.43229
20.1195,-0.389022,2.80632
20.1513,-0.29387399999999997,3.18493
20.1832,-0.185405,3.6455699999999998
20.215,-0.060811300000000006,4.1996
20.2424,0.06195169999999999,4.75508
20.2699,0.200856,5.37247
20.2978,0.35967899999999997,6.0309
20.3245,0.529111,6.63363
20.3462,0.6776340000000001,7.03897
20.3679,0.8335290000000001,7.302219999999999
20.3862,0.967859,7.366210000000001
20.4044,1.10178,7.25328
20.4227,1.2319,6.950139999999999
20.441,1.35479,6.46666
20.4595,1.46868,5.82839
20.4776,1.5679100000000001,5.10802
20.4962,1.6554400000000002,4.33327
20.5147,1.72868,3.57462
20.5332,1.78834,2.8736599999999997
20.5518,1.8357400000000001,2.2555
20.5692,1.8705900000000002,1.75931
20.5866,1.8975099999999998,1.34455
20.604,1.91787,1.00494
20.6215,1.9329,0.731412
20.6389,1.9436799999999999,0.51395
20.6563,1.95108,0.342873
20.6737,1.9558400000000002,0.20946599999999999
20.6911,1.95855,0.106242
20.7086,1.9596799999999999,0.026974599999999998
20.726,1.9596,-0.033403800000000004
20.7442,1.9585400000000002,-0.08081669999999999
20.7634,1.95662,-0.11701900000000001
20.7835,1.9539900000000001,-0.143709
20.8047,1.95072,-0.16233399999999998
20.8272,1.9469299999999998,-0.17410599999999998
20.851,1.9426900000000002,-0.18003
20.8765,1.93809,-0.180925
20.9037,1.9332,-0.177453
20.9329,1.92812,-0.170132
20.9643,1.92294,-0.159365
20.9983,1.91776,-0.145456
21.0352,1.9126900000000002,-0.12862
21.0758,1.9078700000000002,-0.10896099999999999
21.1214,1.9034200000000001,-0.0863147
21.1768,1.8993900000000001,-0.059149400000000005
21.2268,1.8970200000000002,-0.035944300000000005
21.2768,1.89576,-0.014789199999999999
21.320999999999998,1.8954799999999998,0.00164302
21.3651,1.8958700000000002,0.015577100000000002
21.4092,1.8968200000000002,0.026699599999999997
21.4534,1.89818,0.0347721
21.4975,1.8998400000000002,0.039633499999999995
21.5416,1.90163,0.0411997
21.5858,1.90343,0.039460300000000004
21.6299,1.90507,0.034473000000000004
21.674,1.90642,0.0263563
21.7182,1.90735,0.015280799999999999
21.7623,1.90773,0.00145972
21.8065,1.9074400000000002,-0.0148595
21.8506,1.9063900000000003,-0.0334039
21.8947,1.90447,-0.05388250000000001
21.9389,1.9016099999999998,-0.0759921
21.984,1.8976400000000002,-0.099979
22.0313,1.8923,-0.126201
22.0818,1.8852,-0.15503699999999998
22.1379,1.87558,-0.187563
22.2003,1.8627599999999997,-0.223509
22.2543,1.8498599999999998,-0.253847
22.3084,1.83535,-0.28286500000000003
22.3624,1.81932,-0.310023
22.4164,1.8018900000000002,-0.33478800000000003
22.4635,1.7856599999999998,-0.354015
22.5106,1.7685799999999998,-0.370688
22.5577,1.75078,-0.384477
22.6048,1.7324099999999998,-0.39506199999999997
22.6519,1.7136200000000001,-0.402143
22.6991,1.69459,-0.405438
22.7462,1.6754900000000001,-0.404698
22.7938,1.65629,-0.399622
22.8424,1.6371200000000001,-0.38982
22.8919,1.61815,-0.374875
22.9427,1.5996,-0.35436100000000004
22.9951,1.58172,-0.327857
23.0493,1.5648,-0.294968
23.105999999999998,1.5492,-0.255358
23.1657,1.53531,-0.20876399999999998
23.2299,1.5236299999999998,-0.154943
23.3013,1.5147700000000002,-0.09316920000000001
23.3834,1.50997,-0.0245366
23.4517,1.5100799999999999,0.0264
23.5201,1.51337,0.0680894
23.5794,1.51824,0.0945669
23.6387,1.5243799999999998,0.110608
23.698,1.53115,0.115496
23.7574,1.53786,0.109133
23.8167,1.54388,0.091984
23.875999999999998,1.5485799999999998,0.0649505
23.9353,1.55142,0.029222700000000004
23.9947,1.5519,-0.0138733
24.054000000000002,1.54965,-0.0630033
24.1133,1.54433,-0.11691700000000001
24.1736,1.53554,-0.175427
24.2381,1.52211,-0.241225
24.3104,1.50193,-0.317511
24.4033,1.46776,-0.418121
24.4834,1.43077,-0.5061439999999999
24.5635,1.38669,-0.5950880000000001
24.6435,1.33544,-0.6852779999999999
24.725,1.2758,-0.7794939999999999
24.8145,1.20117,-0.8888459999999999
24.934,1.08535,-1.05518
25.0323,0.9734950000000001,-1.22872
25.1151,0.86411,-1.42588
25.1798,0.765297,-1.63731
25.2324,0.673401,-1.86791
25.2773,0.5839449999999999,-2.1262
25.3168,0.494533,-2.41763
25.3562,0.392104,-2.78963
25.3882,0.29717899999999997,-3.16602
25.4201,0.18895699999999999,-3.62439
25.4483,0.0801528,-4.10645
25.4765,-0.0433162,-4.66449
25.5047,-0.18351199999999998,-5.29021
25.5329,-0.341993,-5.95434
25.5605,-0.51527,-6.58225
25.5825,-0.66479,-7.00205
25.6045,-0.822126,-7.28198
25.6229,-0.956901,-7.3597399999999995
25.6412,-1.09152,-7.2611
25.6596,-1.22258,-6.97098
25.678,-1.34659,-6.49755
25.6964,-1.46044,-5.87327
25.7149,-1.56285,-5.1408
25.7338,-1.65229,-4.3556099999999995
25.7526,-1.7269999999999999,-3.58521
25.7714,-1.7877,-2.8734900000000003
25.7903,-1.8357700000000001,-2.2469099999999997
25.8077,-1.87045,-1.7529700000000001
25.8251,-1.89725,-1.34006
25.8425,-1.9175200000000001,-1.00193
25.8599,-1.9325,-0.729533
25.8773,-1.94324,-0.5129130000000001
25.8947,-1.95062,-0.34245
25.9121,-1.95537,-0.209483
25.9295,-1.9580799999999998,-0.10657
25.9469,-1.9592200000000002,-0.0275192
25.9645,-1.95915,0.0332526
25.9828,-1.9580799999999998,0.08053660000000001
26.0019,-1.95618,0.11657999999999999
26.0221,-1.95354,0.143121
26.0433,-1.95029,0.161609
26.0658,-1.94651,0.173254
26.0897,-1.94229,0.179058
26.1152,-1.9377099999999998,0.179841
26.1424,-1.93285,0.176262
26.1717,-1.9277900000000001,0.16884100000000002
26.2032,-1.9226400000000001,0.15798099999999998
26.2372,-1.9175,0.143985
26.2742,-1.91248,0.12706800000000001
26.3149,-1.9077099999999998,0.107329
26.3607,-1.9033099999999998,0.08458260000000001
26.416999999999998,-1.89933,0.05710930000000001
26.4666,-1.89707,0.0342233
26.5163,-1.8959,0.013408100000000001
26.5659,-1.89569,-0.00469409
26.6085,-1.89618,-0.017628099999999997
26.651,-1.89715,-0.027912799999999998
26.6935,-1.89851,-0.0353454
26.736,-1.90012,-0.039789599999999994
26.7785,-1.90185,-0.041175199999999995
26.820999999999998,-1.90357,-0.0394956
26.8635,-1.90516,-0.0348023
26.906,-1.9064900000000002,-0.0271995
26.9485,-1.9074400000000002,-0.0168364
26.991,-1.90789,-0.00389983
27.0335,-1.90773,0.011393200000000001
27.076,-1.9068900000000002,0.028802499999999998
27.1186,-1.90526,0.0480711
27.1617,-1.90273,0.0692778
27.2063,-1.89913,0.0925831
27.2529,-1.8942299999999999,0.118095
27.3022,-1.8877099999999998,0.14607699999999998
27.3562,-1.8789799999999999,0.177276
27.4214,-1.8662,0.214959
27.4766,-1.8534700000000002,0.246187
27.5317,-1.83906,0.27618400000000004
27.5869,-1.82303,0.304373
27.6348,-1.8079,0.326948
27.6827,-1.79174,0.34736300000000003
27.7307,-1.77465,0.36525799999999997
27.7786,-1.75678,0.380283
27.8265,-1.73826,0.392097
27.8744,-1.7192599999999998,0.400378
27.9223,-1.69995,0.40482199999999996
27.9702,-1.6805299999999999,0.405157
28.0182,-1.6611900000000002,0.401149
28.0661,-1.64215,0.39261599999999997
28.1153,-1.62315,0.37901799999999997
28.1657,-1.60448,0.359954
28.2177,-1.5864200000000002,0.335008
28.2714,-1.56924,0.303778
28.3273,-1.5532700000000002,0.265913
28.3862,-1.53892,0.221131
28.449,-1.52664,0.169201
28.5181,-1.517,0.10964000000000002
28.6015,-1.51083,0.0389129
28.6717,-1.51004,-0.015158600000000001
28.7418,-1.51275,-0.06029109999999999
28.8017,-1.51728,-0.0893183
28.8617,-1.52325,-0.107957
28.9216,-1.53,-0.115326
28.9815,-1.53684,-0.11119200000000001
29.0414,-1.5431,-0.0959223
29.1014,-1.54813,-0.0703709
29.1613,-1.55135,-0.0357211
29.2212,-1.55226,0.006675199999999999
29.2812,-1.55043,0.0554373
29.3411,-1.54551,0.10926
29.401,-1.53725,0.166977
29.4648,-1.52455,0.231607
29.5357,-1.5055100000000001,0.306062
29.6234,-1.47454,0.400642
29.7042,-1.43861,0.48917299999999997
29.7849,-1.3955,0.578642
29.8657,-1.34512,0.669249
29.9465,-1.28735,0.76198
30.0339,-1.2161799999999998,0.867232
30.1423,-1.11447,1.0125600000000001
30.2508,-0.9953540000000001,1.1925299999999999
30.3361,-0.885892,1.3830799999999999
30.4046,-0.7842640000000001,1.59291
30.4592,-0.691545,1.8183900000000002
30.5054,-0.6018359999999999,2.07039
30.5459,-0.5125970000000001,2.3545
30.5863,-0.410321,2.71885
30.6188,-0.316285,3.0861
30.6513,-0.209033,3.5352699999999997
30.6797,-0.102018,4.00612
30.7081,0.0194789,4.554209999999999
30.7365,0.157606,5.17385
30.765,0.31409899999999996,5.83979
30.7961,0.506909,6.55233
30.8183,0.657407,6.98175
30.8405,0.816025,7.271839999999999
30.8589,0.951052,7.35695
30.8773,1.08606,7.26593
30.8958,1.21764,6.98273
30.9142,1.34226,6.51459
30.9326,1.45678,5.89339
30.9514,1.56064,5.1554
30.9702,1.6501299999999999,4.37321
30.989,1.72498,3.6044400000000003
31.0077,1.78587,2.89302
31.0265,1.83417,2.2656400000000003
31.044,1.8692400000000002,1.7676599999999998
31.0614,1.8963400000000001,1.35125
31.0789,1.91685,1.01025
31.0963,1.93199,0.735582
31.1138,1.94285,0.517231
31.1312,1.95032,0.345483
31.1487,1.95513,0.21158400000000002
31.1661,1.9578799999999998,0.10801199999999998
31.1836,1.9590400000000001,0.0285068
31.201,1.95898,-0.0320239
31.2193,1.9579400000000002,-0.07947810000000001
31.2384,1.95606,-0.115694
31.2586,1.95344,-0.142379
31.2798,1.9502099999999998,-0.160985
31.3023,1.9464400000000002,-0.172727
31.3262,1.9422400000000002,-0.17861
31.3516,1.93767,-0.179457
31.3788,1.93282,-0.175932
31.408,1.9277900000000001,-0.16855699999999998
31.4395,1.92265,-0.157737
31.4735,1.9175200000000001,-0.143778
31.5105,1.91251,-0.126895
31.5511,1.90775,-0.10719100000000001
31.5969,1.90336,-0.084483
31.653000000000002,1.8993900000000001,-0.057069299999999996
31.7027,1.89714,-0.034187999999999996
31.7523,1.8959599999999999,-0.0133775
31.802,1.89576,0.00471933
31.8445,1.89625,0.0176455
31.886999999999997,1.8972200000000001,0.0279228
31.9295,1.89858,0.0353484
31.971999999999998,1.90019,0.039786300000000004
32.0145,1.90192,0.0411666
32.056999999999995,1.9036400000000002,0.039482300000000005
32.0995,1.90523,0.0347854
32.1421,1.9065599999999998,0.027179900000000003
32.1846,1.9075,0.016815
32.2271,1.90795,0.00387768
32.2696,1.9078,-0.0114152
32.3121,1.90695,-0.028823599999999998
32.3546,1.9053200000000001,-0.048090499999999994
32.3978,1.9027900000000002,-0.0692963
32.4423,1.8991900000000002,-0.09260039999999999
32.4889,1.8942900000000003,-0.118111
32.5382,1.8877700000000002,-0.146091
32.5922,1.87904,-0.17729
32.6574,1.86625,-0.214977
32.7126,1.85353,-0.24619699999999997
32.7678,1.83912,-0.276185
32.8229,1.8231,-0.30436399999999997
32.8708,1.8079599999999998,-0.326933
32.9187,1.7918,-0.34734299999999996
32.9667,1.77472,-0.365233
33.0146,1.75685,-0.380252
33.0625,1.73833,-0.39206199999999997
33.1104,1.71933,-0.400338
33.1583,1.70003,-0.404778
33.2062,1.68061,-0.40510999999999997
33.2541,1.6612799999999999,-0.4011
33.3021,1.6422400000000001,-0.39256599999999997
33.3513,1.62324,-0.37896799999999997
33.4017,1.60458,-0.359906
33.4536,1.5865200000000002,-0.334964
33.5073,1.56934,-0.30374
33.5633,1.55338,-0.265883
33.6221,1.53903,-0.221113
33.685,1.52675,-0.16919800000000002
33.754,1.51712,-0.10965499999999999
33.8374,1.51095,-0.0389525
33.9076,1.51016,0.015108100000000001
33.9777,1.51286,0.060235500000000004
34.0376,1.51739,0.08926419999999999
34.0975,1.52335,0.10790999999999999
34.1575,1.53009,0.115292
34.2174,1.53694,0.111175
34.2773,1.5432,0.0959263
34.3372,1.54823,0.07039880000000001
34.3972,1.55145,0.035774400000000005
34.4571,1.55236,-0.00659577
34.516999999999996,1.55053,-0.055331899999999996
34.5769,1.5456299999999998,-0.10912899999999999
34.6369,1.53738,-0.166822
34.7007,1.5246899999999999,-0.231417
34.7715,1.50567,-0.305822
34.8591,1.47475,-0.400291
34.9399,1.43886,-0.48879300000000003
35.0206,1.39578,-0.578228
35.1014,1.34544,-0.668792
35.1821,1.2877100000000001,-0.761465
35.2695,1.21665,-0.8665379999999999
35.3776,1.11534,-1.01121
35.4873,0.994899,-1.19307
35.5726,0.8854690000000001,-1.38358
35.6411,0.783904,-1.59333
35.6956,0.691208,-1.8188
35.7418,0.6015119999999999,-2.0708
35.7823,0.5122800000000001,-2.35493
35.8227,0.41001499999999996,-2.71929
35.8552,0.315975,-3.08658
35.8876,0.20872,-3.53579
35.916,0.101689,-4.00671
35.9445,-0.019824599999999998,-4.55484
35.9729,-0.157969,-5.17448
36.0013,-0.31447800000000004,-5.840319999999999
36.0324,-0.507459,-6.5530800000000005
36.0547,-0.657917,-6.981889999999999
36.0769,-0.816479,-7.2713
36.0953,-0.951485,-7.35584
36.1137,-1.08647,-7.264239999999999
36.1321,-1.218,-6.98053
36.1506,-1.34257,-6.51202
36.169000000000004,-1.4570299999999998,-5.890630000000001
36.1877,-1.56077,-5.1532
36.2067,-1.6510200000000002,-4.363580000000001
36.2257,-1.7263400000000002,-3.5882300000000003
36.2446,-1.7874700000000001,-2.87204
36.2636,-1.8358,-2.2420400000000003
36.281,-1.8704,-1.7493
36.2984,-1.89713,-1.33741
36.3158,-1.91735,-1.0001
36.3332,-1.9323,-0.728329
36.3506,-1.94301,-0.512187
36.368,-1.95038,-0.34208
36.3853,-1.95513,-0.20937199999999997
36.4027,-1.9578400000000002,-0.106646
36.4201,-1.95898,-0.0277295
36.4377,-1.95891,0.0329865
36.455999999999996,-1.95785,0.0802231
36.4752,-1.95595,0.116221
36.4953,-1.9533200000000002,0.142718
36.5166,-1.95008,0.161162
36.5391,-1.9463099999999998,0.172764
36.563,-1.94209,0.178526
36.5885,-1.9375200000000001,0.179268
36.6158,-1.93268,0.175649
36.645,-1.9276400000000002,0.16819
36.6765,-1.92251,0.15729400000000002
36.7106,-1.9173799999999999,0.143265
36.7476,-1.9123900000000003,0.126316
36.7884,-1.9076400000000002,0.106546
36.8343,-1.90327,0.0837596
36.8909,-1.8993099999999998,0.056142599999999994
36.9404,-1.8971,0.033407400000000004
36.9899,-1.8959700000000002,0.0127524
37.0394,-1.8958,-0.00518937
37.0819,-1.8963,-0.0180226
37.1244,-1.8972900000000001,-0.028203100000000002
37.1668,-1.89865,-0.035530400000000004
37.2093,-1.9002700000000001,-0.0398711
37.2518,-1.902,-0.0411572
37.2943,-1.90372,-0.0393839
37.3367,-1.9053,-0.0346045
37.3792,-1.90662,-0.0269241
37.4217,-1.90755,-0.016493099999999997
37.4642,-1.90798,-0.00349859
37.5067,-1.9078099999999998,0.011842
37.5491,-1.90695,0.0292887
37.5916,-1.9053,0.048584800000000004
37.6348,-1.90274,0.06983810000000001
37.6794,-1.8991099999999999,0.093193
37.726,-1.89418,0.11875799999999999
37.7755,-1.88762,0.146803
37.8296,-1.8788200000000002,0.178098
37.8954,-1.8658599999999999,0.21608400000000003
37.9503,-1.85312,0.24717199999999998
38.0053,-1.8387,0.277018
38.0603,-1.8226900000000001,0.30505
38.1082,-1.8075400000000001,0.32755
38.1561,-1.79135,0.347881
38.204,-1.77425,0.365685
38.2519,-1.75637,0.380612
38.2998,-1.73785,0.392322
38.3477,-1.71885,0.400493
38.3956,-1.69955,0.40482399999999996
38.4435,-1.6801400000000002,0.405044
38.4914,-1.66082,0.40092
38.5392,-1.6418099999999998,0.39227199999999995
38.5885,-1.62281,0.37854699999999997
38.639,-1.60417,0.359346
38.6909,-1.5861299999999998,0.334255
38.7447,-1.5689799999999998,0.302875
38.8007,-1.55305,0.264854
38.8596,-1.53875,0.21991599999999997
38.9226,-1.52653,0.167827
38.9918,-1.51696,0.10808800000000002
39.0759,-1.5109,0.0369281
39.1457,-1.51023,-0.0166729
39.2156,-1.51302,-0.061302499999999996
39.2754,-1.51759,-0.0899812
39.3353,-1.52358,-0.10827300000000001
39.3951,-1.53033,-0.115319
39.4549,-1.53715,-0.11090499999999999
39.5148,-1.54338,-0.0954103
39.5746,-1.54836,-0.0696937
39.6344,-1.55154,-0.034938
39.6943,-1.55239,0.00751009
39.7541,-1.55051,0.0562776
39.8139,-1.54556,0.11006800000000001
39.8738,-1.53726,0.167723
39.9376,-1.5245,0.23242100000000002
40.0086,-1.50537,0.307002
40.0967,-1.47415,0.402011
40.1774,-1.43816,0.49042600000000003
40.258,-1.39501,0.5797680000000001
40.3387,-1.3446,0.670244
40.4194,-1.28682,0.762844
40.5068,-1.21553,0.868151
40.6156,-1.11342,1.01395
40.7243,-0.9937889999999999,1.19478
40.8095,-0.884352,1.3855899999999999
40.8777,-0.78295,1.59533
40.9322,-0.690301,1.82099
40.9783,-0.600625,2.07325
41.0187,-0.511391,2.3576799999999998
41.0591,-0.409125,2.7223599999999997
41.0915,-0.315048,3.09003
41.123999999999995,-0.207754,3.5396300000000003
41.1524,-0.100645,4.01104
41.1808,0.0209548,4.5596
41.2092,0.15919,5.17948
41.2377,0.315785,5.845219999999999
41.2689,0.509413,6.55905
41.291000000000004,0.65974,6.98583
41.3132,0.818108,7.2728399999999995
41.3316,0.953048,7.355410000000001
41.35,1.08792,7.261760000000001
41.3684,1.2193200000000002,6.976189999999999
41.3869,1.34372,6.50626
41.4053,1.4580000000000002,5.88406
41.424,1.56134,5.14824
41.4429,1.65133,4.360130000000001
41.4618,1.7264599999999999,3.5864300000000005
41.4808,1.78745,2.8717599999999996
41.4997,1.8357,2.24294
41.5171,1.87032,1.74995
41.5345,1.89707,1.33785
41.5519,1.9173099999999998,1.0003799999999998
41.5693,1.9322599999999999,0.728495
41.5867,1.94298,0.512273
41.6041,1.95035,0.342114
41.6215,1.9551,0.209375
41.6389,1.9578099999999998,0.10663299999999999
41.6563,1.95895,0.0277113
41.6739,1.95888,-0.032992099999999996
41.6922,1.9578200000000001,-0.08021589999999999
41.7113,1.95592,-0.116203
41.7315,1.9533,-0.142689
41.7527,1.95005,-0.161124
41.7752,1.94628,-0.172717
41.7992,1.94207,-0.178471
41.8247,1.9375,-0.179206
41.8519,1.9326599999999998,-0.17557999999999999
41.8812,1.9276200000000001,-0.16811500000000001
41.9127,1.9224900000000003,-0.157212
41.9467,1.91737,-0.143177
41.9838,1.9123700000000001,-0.126224
42.0246,1.90763,-0.106449
42.0705,1.90326,-0.08365539999999999
42.1272,1.8993099999999998,-0.0560173
42.1767,1.8971099999999999,-0.033301599999999994
42.2261,1.89598,-0.0126675
42.2756,1.8958099999999998,0.00525349
42.3181,1.89631,0.018073699999999998
42.3605,1.8973099999999998,0.028240699999999997
42.403,1.89867,0.0355545
42.4455,1.90028,0.03988169999999999
42.488,1.9020099999999998,0.0411549
42.5304,1.9037400000000002,0.0393695
42.5729,1.9053200000000001,0.0345788
42.6154,1.9066299999999998,0.0268884
42.6578,1.90756,0.016448400000000002
42.7003,1.90799,0.00344634
42.7428,1.90782,-0.0119006
42.7853,1.90695,-0.0293522
42.8277,1.9053,-0.0486519
42.871,1.90274,-0.0699114
42.9156,1.8991099999999999,-0.09327289999999999
42.9622,1.8941700000000001,-0.118845
43.0116,1.8876,-0.146899
43.0658,1.8788,-0.178206
43.1316,1.8658099999999997,-0.216234
43.1866,1.85307,-0.24730300000000002
43.2415,1.83865,-0.277129
43.2965,1.82264,-0.30514
43.3444,1.80748,-0.32763000000000003
43.3923,1.7913,-0.347951
43.4402,1.7742,-0.365743
43.4881,1.7563099999999998,-0.380656
43.5359,1.7377900000000002,-0.392353
43.5838,1.71879,-0.400509
43.6317,1.6994900000000002,-0.404826
43.6796,1.68008,-0.40503
43.7275,1.66077,-0.400891
43.7754,1.6417599999999999,-0.392228
43.8246,1.62277,-0.378485
43.8751,1.60412,-0.359266
43.9271,1.58608,-0.334156
43.9808,1.56894,-0.302755
44.0369,1.55302,-0.26471300000000003
44.0958,1.53872,-0.21975300000000003
44.1587,1.52651,-0.16764300000000001
44.2281,1.51695,-0.107879
44.3122,1.5109,-0.0366589
44.382,1.51026,0.0168791
44.4518,1.51305,0.06144109999999999
44.5116,1.51763,0.0900725
44.5715,1.52362,0.10831700000000001
44.6313,1.53037,0.115319
44.6911,1.53719,0.110866
44.7509,1.54341,0.09534019999999999
44.8107,1.54839,0.06960039999999999
44.8706,1.55156,0.0348293
44.9304,1.5524,-0.00762688
44.9902,1.5505200000000001,-0.0563962
45.05,1.54556,-0.11018299999999999
45.1099,1.53726,-0.167831
45.1737,1.52449,-0.232539
45.2447,1.50534,-0.307139
45.3329,1.47409,-0.402213
45.4135,1.4380899999999999,-0.49061400000000005
45.4942,1.39493,-0.579939
45.5748,1.34451,-0.670399
45.6555,1.28673,-0.762984
45.743,1.2154200000000002,-0.8683059999999999
45.8518,1.11323,-1.01419
45.9606,0.9935129999999999,-1.19519
46.0457,0.8840809999999999,-1.38606
46.1139,0.782718,-1.59579
46.1683,0.690081,-1.8215
46.2145,0.60041,-2.07381
46.2548,0.511175,-2.35831
46.2952,0.40891,-2.72306
46.3277,0.314825,-3.09082
46.3601,0.20752199999999998,-3.54051
46.3885,0.100395,-4.01203
46.4169,-0.0212249,-4.5606800000000005
46.4453,-0.15948099999999998,-5.180619999999999
46.4738,-0.316096,-5.84633
46.505,-0.5098779999999999,-6.560410000000001
46.5271,-0.660175,-6.9867
46.5493,-0.818497,-7.27314
46.5677,-0.953421,-7.355239999999999
46.5861,-1.08827,-7.2611
46.6045,-1.21963,-6.97509
46.6229,-1.344,-6.50482
46.6413,-1.45824,-5.88243
46.66,-1.5614700000000001,-5.147
46.678999999999995,-1.6514,-4.35925
46.6979,-1.72649,-3.58596
46.7168,-1.78745,-2.87165
46.7357,-1.83568,-2.24313
46.7531,-1.8703,-1.7500799999999999
46.7705,-1.89705,-1.33794
46.7879,-1.9172900000000002,-1.00043
46.8053,-1.93225,-0.728525
46.8227,-1.94297,-0.512288
46.8401,-1.9503400000000002,-0.342118
46.8575,-1.9550900000000002,-0.20937399999999998
46.8749,-1.9578,-0.10662999999999999
46.8923,-1.9589400000000001,-0.0277084
46.9099,-1.9588700000000001,0.0329908
46.9282,-1.9578099999999998,0.08021039999999999
46.9474,-1.9559099999999998,0.116193
46.9675,-1.9532900000000002,0.142676
46.9888,-1.9500400000000002,0.161108
47.0113,-1.9462700000000002,0.172698
47.0352,-1.94206,0.17845
47.0607,-1.9374900000000002,0.17918199999999998
47.088,-1.93265,0.175554
47.1172,-1.9276099999999998,0.16808599999999999
47.1487,-1.92248,0.157182
47.1828,-1.91736,0.143145
47.2199,-1.9123700000000001,0.12618900000000002
47.2606,-1.90763,0.10641300000000001
47.3066,-1.90326,0.0836169
47.3633,-1.8993099999999998,0.0559711
47.4127,-1.8971099999999999,0.033262599999999996
47.4622,-1.89598,0.0126361
47.5117,-1.8958099999999998,-0.00527717
47.5541,-1.89632,-0.0180926
47.5966,-1.8973099999999998,-0.028254599999999998
47.6391,-1.89868,-0.035563300000000006
47.6815,-1.90029,-0.0398856
47.724,-1.90202,-0.0411541
47.7665,-1.9037400000000002,-0.0393641
47.8089,-1.9053200000000001,-0.034569300000000004
47.8514,-1.9066400000000001,-0.0268751
47.8939,-1.90757,-0.016431900000000003
47.9364,-1.9080000000000001,-0.00342701
47.9788,-1.90782,0.0119222
48.0213,-1.90695,0.0293757
48.0638,-1.9053,0.048676699999999996
48.107,-1.90274,0.0699385
48.1516,-1.8991099999999999,0.0933024
48.1982,-1.8941700000000001,0.118877
48.2477,-1.8876,0.14693399999999998
48.3019,-1.8787900000000002,0.17824600000000002
48.3677,-1.8658,0.21628899999999998
48.4227,-1.85305,0.24735100000000002
48.4776,-1.83864,0.27716999999999997
48.5326,-1.82263,0.305174
48.5804,-1.8074700000000001,0.32766
48.6283,-1.79128,0.347977
48.6762,-1.7741799999999999,0.365764
48.7241,-1.7562900000000001,0.380673
48.772,-1.73777,0.392364
48.8199,-1.7187700000000001,0.400515
48.8678,-1.69947,0.404826
48.9157,-1.6800599999999999,0.405025
48.9636,-1.66075,0.40088
49.0114,-1.6417400000000002,0.39221100000000003
49.0607,-1.62275,0.37846199999999997
49.1112,-1.6041,0.359237
49.1631,-1.58607,0.334119
49.2169,-1.56892,0.30271
49.2729,-1.55301,0.26466100000000004
49.3319,-1.53871,0.21969299999999997
49.3948,-1.5265,0.167574
49.4641,-1.51695,0.107802
49.5483,-1.51091,0.0365594
49.6181,-1.51026,-0.0169553
49.6879,-1.51306,-0.061492200000000004
49.7477,-1.51765,-0.09010610000000001
49.8075,-1.5236399999999999,-0.108333
49.8674,-1.5303799999999999,-0.115319
49.9272,-1.5372,-0.11085199999999999
49.986999999999995,-1.54342,-0.0953143
50.0468,-1.5484,-0.0695658
50.1066,-1.55156,-0.034789099999999996
50.1664,-1.55241,0.00766997
50.2262,-1.5505200000000001,0.0564399
50.2861,-1.54556,0.110225
50.3459,-1.53726,0.16787
50.4098,-1.5244799999999998,0.23258299999999998
50.4808,-1.5053299999999998,0.30719
50.5689,-1.47407,0.402287
50.6496,-1.4380700000000002,0.49068199999999995
50.7302,-1.3949,0.580002
50.8109,-1.34448,0.670456
50.8915,-1.2867,0.763034
50.979,-1.21538,0.8683620000000001
51.0878,-1.11317,1.0142799999999998
51.1966,-0.9934139999999999,1.19534
51.2817,-0.883984,1.3862299999999999
51.35,-0.7826350000000001,1.59596
51.4043,-0.690002,1.82168
51.4505,-0.600332,2.07401
51.4909,-0.5110979999999999,2.35853
51.5312,-0.408833,2.7233
51.5637,-0.314745,3.0911
51.5961,-0.20743899999999998,3.5408199999999996
51.6245,-0.10030499999999999,4.01238
51.6529,0.0213218,4.56107
51.6814,0.159585,5.181030000000001
51.7098,0.316207,5.8467199999999995
51.74100000000001,0.510046,6.56089
51.7631,0.660331,6.987010000000001
51.7853,0.818637,7.27325
51.8037,0.9535540000000001,7.355169999999999
51.8221,1.0884,7.260860000000001
51.8405,1.21974,6.97468
51.858999999999995,1.3441,6.5043
51.8774,1.45832,5.88184
51.8961,1.56152,5.14656
51.915,1.65143,4.3589400000000005
51.9339,1.7265,3.5857900000000003
51.9528,1.78745,2.87162
51.9717,1.8356700000000001,2.2431900000000002
51.9891,1.8702900000000002,1.75013
52.0065,1.89705,1.33797
52.0239,1.9172900000000002,1.00045
52.0413,1.9322400000000002,0.728535
52.0587,1.94297,0.512292
52.0761,1.9503400000000002,0.342119
52.0935,1.9550900000000002,0.209373
52.1109,1.9578,0.106629
52.1283,1.9589400000000001,0.0277075
52.1459,1.9588700000000001,-0.0329901
52.1642,1.9578099999999998,-0.0802082
52.1834,1.9559099999999998,-0.11619000000000002
52.2035,1.95328,-0.142671
52.2248,1.9500400000000002,-0.161102
52.2473,1.9462700000000002,-0.172691
52.2712,1.94206,-0.17844100000000002
52.2967,1.9374900000000002,-0.179172
52.324,1.93265,-0.175543
52.3532,1.9276099999999998,-0.168075
52.3847,1.92248,-0.15717
52.4188,1.91736,-0.14313199999999998
52.4559,1.9123700000000001,-0.126176
52.4966,1.90762,-0.10639900000000001
52.5426,1.90326,-0.083602
52.5993,1.8993099999999998,-0.055953300000000004
52.6488,1.8971099999999999,-0.0332476
52.6982,1.89598,-0.0126241
52.7477,1.8958099999999998,0.00528626
52.7901,1.89632,0.0180998
52.8326,1.8973099999999998,0.028259899999999998
52.8751,1.89868,0.0355667
52.9176,1.90029,0.039887099999999995
52.96,1.90202,0.041153699999999994
53.0025,1.9037400000000002,0.039362
53.045,1.9053200000000001,0.0345656
53.0874,1.9066400000000001,0.026869999999999998
53.1299,1.90757,0.0164255
53.1724,1.9080000000000001,0.00341959
53.2148,1.90783,-0.0119305
53.2573,1.90695,-0.0293847
53.2998,1.9053,-0.0486862
53.343,1.90274,-0.0699489
53.3876,1.8991099999999999,-0.0933138
53.4342,1.8941700000000001,-0.11888900000000001
53.4837,1.8876,-0.146948
53.5379,1.8787900000000002,-0.178261
53.6037,1.86579,-0.21631
53.6587,1.85305,-0.24736999999999998
53.7136,1.83863,-0.277186
53.7686,1.8226200000000001,-0.305187
53.8165,1.8074599999999998,-0.32767199999999996
53.8643,1.7912700000000001,-0.347987
53.9122,1.77417,-0.365772
53.9601,1.7562799999999998,-0.380679
54.008,1.7377599999999997,-0.392369
54.0559,1.7187599999999998,-0.400518
54.1038,1.6994599999999997,-0.404826
54.1517,1.68005,-0.405023
54.1996,1.66074,-0.400876
54.2475,1.64173,-0.392205
54.2967,1.62274,-0.37845300000000004
54.3472,1.6041,-0.359225
54.3991,1.58606,-0.33410500000000004
54.4529,1.56892,-0.302693
54.5089,1.5530000000000002,-0.26464099999999996
54.5679,1.53871,-0.21966999999999998
54.6308,1.5265,-0.167548
54.7002,1.51695,-0.107772
54.7843,1.51091,-0.0365211
54.8541,1.51027,0.0169846
54.9239,1.5130700000000001,0.0615119
54.9837,1.51765,0.090119
55.0436,1.5236399999999999,0.10834
55.1034,1.53039,0.115319
55.1632,1.53721,0.110846
55.223,1.5434299999999999,0.0953043
55.2828,1.54841,0.0695525
55.3426,1.5515700000000001,0.0347736
55.4024,1.55241,-0.00768655
55.4623,1.5505200000000001,-0.0564567
55.5221,1.54556,-0.110242
55.5819,1.53726,-0.16788599999999998
55.6458,1.5244799999999998,-0.2326
55.7168,1.5053299999999998,-0.307209
55.805,1.47406,-0.40231500000000003
55.8856,1.4380600000000001,-0.490709
55.9663,1.39489,-0.580026
56.0469,1.34447,-0.670478
56.1275,1.2866799999999998,-0.763054
56.215,1.21536,-0.868384
56.3239,1.11314,-1.01432
56.4327,0.993376,-1.1954
56.5178,0.8839459999999999,-1.38629
56.586000000000006,0.7826029999999999,-1.59602
56.6404,0.689971,-1.82175
56.6865,0.600302,-2.07409
56.7269,0.5110680000000001,-2.35862
56.7673,0.408803,-2.7234
56.7997,0.314714,-3.09121
56.8321,0.207407,-3.54094
56.8605,0.100271,-4.01251
56.8889,-0.021359,-4.56121
56.9174,-0.159625,-5.18118
56.9458,-0.31625,-5.84687
56.977,-0.5101100000000001,-6.5610800000000005
56.9992,-0.660391,-6.9871300000000005
57.0213,-0.818691,-7.273289999999999
57.0397,-0.953606,-7.35515
57.0581,-1.08844,-7.26077
57.0765,-1.21979,-6.974530000000001
57.095,-1.3441299999999998,-6.50409
57.1134,-1.45835,-5.88161
57.1321,-1.5615299999999999,-5.146380000000001
57.151,-1.6514400000000002,-4.35882
57.1699,-1.7265,-3.5857300000000003
57.1888,-1.7874400000000001,-2.8716
57.2077,-1.8356599999999998,-2.24322
57.2251,-1.8702900000000002,-1.75015
57.2425,-1.89704,-1.33798
57.2599,-1.9172900000000002,-1.0004600000000001
57.2773,-1.9322400000000002,-0.728538
57.2947,-1.9429599999999998,-0.5122939999999999
57.3121,-1.9503400000000002,-0.34212
57.3295,-1.9550900000000002,-0.209373
57.3469,-1.9578,-0.106629
57.3643,-1.9589400000000001,-0.0277071
57.3819,-1.9588700000000001,0.0329898
57.4002,-1.9578099999999998,0.0802074
57.4194,-1.9559099999999998,0.11618800000000001
57.4395,-1.95328,0.14266900000000002
57.4608,-1.9500400000000002,0.161099
57.4833,-1.9462700000000002,0.172688
57.5072,-1.94206,0.178438
57.5327,-1.9374900000000002,0.179169
57.56,-1.9326400000000001,0.17554
57.5892,-1.9276099999999998,0.168071
57.6207,-1.92248,0.157165
57.6548,-1.91736,0.143127
57.6919,-1.9123700000000001,0.126171
57.7326,-1.90762,0.106393
57.7786,-1.90326,0.08359630000000001
57.8353,-1.8993099999999998,0.0559465
57.8848,-1.8971099999999999,0.0332418
57.9342,-1.89598,0.012619400000000001
57.9837,-1.8958099999999998,-0.00528978
58.0261,-1.89632,-0.018102599999999996
58.0686,-1.8973099999999998,-0.028261900000000003
58.1111,-1.89868,-0.035568
58.1535,-1.90029,-0.0398877
58.196000000000005,-1.90202,-0.0411536
58.2385,-1.90375,-0.0393612
58.281000000000006,-1.90533,-0.034564199999999996
58.3234,-1.9066400000000001,-0.026868
58.3659,-1.90757,-0.0164231
58.4084,-1.9080000000000001,-0.00341672
58.4508,-1.90783,0.0119337
58.4933,-1.9069599999999998,0.0293882
58.5358,-1.9053,0.0486899
58.57899999999999,-1.90274,0.0699529
58.6236,-1.8991099999999999,0.0933181
58.6702,-1.8941700000000001,0.118894
58.7197,-1.88759,0.146953
58.7739,-1.87878,0.178267
58.8397,-1.86579,0.21631799999999998
58.8947,-1.8530400000000002,0.24737699999999999
58.9496,-1.83863,0.277192
59.0046,-1.8226200000000001,0.305192
59.0525,-1.8074599999999998,0.327676
59.1003,-1.7912700000000001,0.34799
59.1482,-1.77417,0.36577600000000005
59.1961,-1.7562799999999998,0.380682
59.244,-1.7377599999999997,0.39237
59.2919,-1.7187599999999998,0.400519
59.3398,-1.6994599999999997,0.404826
59.3877,-1.68005,0.405022
59.4356,-1.66074,0.40087399999999995
59.4835,-1.64173,0.392202
59.5327,-1.62274,0.37845
59.5832,-1.6041,0.359221
59.6351,-1.58606,0.334099
59.6889,-1.56892,0.302687
59.7449,-1.5530000000000002,0.264633
59.8039,-1.53871,0.21966100000000002
59.8668,-1.5265,0.16753800000000002
59.9362,-1.51695,0.107761
60.0204,-1.51091,0.036506300000000005
60.0901,-1.51027,-0.0169959
60.1599,-1.5130700000000001,-0.061519500000000005
60.2197,-1.51765,-0.090124
60.2796,-1.5236399999999999,-0.10834200000000001
60.3394,-1.53039,-0.115319
60.3992,-1.53721,-0.11084400000000001
60.458999999999996,-1.5434299999999999,-0.0953004
60.5188,-1.54841,-0.0695474
60.5786,-1.5515700000000001,-0.0347677
60.6384,-1.55241,0.00769296
60.6983,-1.5505200000000001,0.0564632
60.7581,-1.54556,0.110248
60.8179,-1.53726,0.167892
60.8818,-1.5244799999999998,0.232606
60.9528,-1.50532,0.307217
61.041000000000004,-1.47406,0.402326
61.1216,-1.43805,0.49071899999999996
61.2022,-1.39488,0.580036
61.2829,-1.34447,0.6704859999999999
61.3635,-1.2866799999999998,0.763061
61.451,-1.21536,0.868392
61.5599,-1.11313,1.01433
61.6687,-0.993361,1.1954200000000001
61.7538,-0.8839319999999999,1.38632
61.821999999999996,-0.78259,1.59605
61.8763,-0.68996,1.8217700000000001
61.9225,-0.600291,2.07412
61.9629,-0.5110560000000001,2.35865
62.0032,-0.408792,2.72344
62.0357,-0.314702,3.09125
62.0681,-0.207394,3.5409800000000002
62.0965,-0.100257,4.01256
62.1249,0.0213735,4.5612699999999995
62.1534,0.159641,5.18124
62.1818,0.316267,5.84693
62.213,0.510135,6.56115
62.2351,0.6604140000000001,6.98717
62.2573,0.818711,7.2733
62.2757,0.953626,7.35514
62.2941,1.08846,7.260730000000001
62.3125,1.2198,6.974469999999999
62.3309,1.34415,6.50402
62.3494,1.45836,5.88152
62.368,1.56154,5.146319999999999
62.387,1.6514400000000002,4.35877
62.4059,1.7265,3.5857
62.4248,1.7874400000000001,2.8715900000000003
62.4437,1.8356599999999998,2.24323
62.4611,1.8702900000000002,1.75015
62.4785,1.89704,1.33798
62.4959,1.9172900000000002,1.0004600000000001
62.5133,1.9322400000000002,0.72854
62.5307,1.9429599999999998,0.5122939999999999
62.5481,1.9503400000000002,0.34212
62.5655,1.9550900000000002,0.209373
62.5829,1.9578,0.106628
62.6003,1.9589400000000001,0.027707
62.6179,1.9588700000000001,-0.0329897
62.6362,1.9578099999999998,-0.080207
62.6554,1.9559099999999998,-0.11618800000000001
62.6755,1.95328,-0.14266900000000002
62.6968,1.9500400000000002,-0.161098
62.7193,1.9462700000000002,-0.17268699999999998
62.7432,1.94206,-0.17843699999999998
62.7687,1.9374900000000002,-0.17916700000000002
62.79600000000001,1.9326400000000001,-0.175538
62.8252,1.9276099999999998,-0.168069
62.8567,1.92248,-0.157164
62.8908,1.91736,-0.143125
62.9279,1.9123700000000001,-0.126169
62.9686,1.90762,-0.10639100000000001
63.0146,1.90326,-0.0835941
63.0713,1.8993099999999998,-0.0559438
63.1208,1.8971099999999999,-0.033239599999999994
63.1702,1.89598,-0.0126176
63.2197,1.8958099999999998,0.00529113
63.2621,1.89632,0.0181037
63.3046,1.8973099999999998,0.0282627
63.3471,1.89868,0.0355685
63.3895,1.90029,0.039887900000000004
63.431999999999995,1.9020299999999999,0.0411535
63.4745,1.90375,0.039360900000000004
63.5169,1.90533,0.0345636
63.5594,1.9066400000000001,0.0268673
63.6019,1.90757,0.0164221
63.6444,1.9080000000000001,0.00341561
63.6868,1.90783,-0.011935
63.7293,1.9069599999999998,-0.0293895
63.7718,1.9053,-0.0486913
63.815,1.90274,-0.0699545
63.8596,1.8991099999999999,-0.0933198
63.9062,1.8941700000000001,-0.118896
63.9557,1.88759,-0.146955
64.0099,1.87878,-0.17827
64.0757,1.86579,-0.216321
64.1307,1.8530400000000002,-0.24738000000000002
64.1856,1.83863,-0.277194
64.2406,1.8226200000000001,-0.305194
64.2884,1.80745,-0.327678
64.3363,1.7912700000000001,-0.347992
64.3842,1.77417,-0.365777
64.4321,1.7562799999999998,-0.380683
64.48,1.7377599999999997,-0.392371
64.5279,1.7187599999999998,-0.400519
64.5758,1.6994599999999997,-0.404826
64.6237,1.68005,-0.405022
64.6716,1.66074,-0.40087399999999995
64.7194,1.64173,-0.392201
64.7687,1.62274,-0.378449
64.8192,1.60409,-0.359219
64.8711,1.58606,-0.334097
64.9249,1.56891,-0.302684
64.9809,1.5530000000000002,-0.26463000000000003
65.0399,1.53871,-0.219658
65.1028,1.5265,-0.167534
65.1721,1.51695,-0.10775599999999999
65.2563,1.51091,-0.036500599999999994
65.3261,1.51027,0.0170003
65.3959,1.5130700000000001,0.0615225
65.4557,1.51765,0.090126
65.5156,1.5236399999999999,0.10834300000000001
65.5754,1.53039,0.115319
65.6352,1.53721,0.11084300000000001
65.695,1.5434299999999999,0.09529889999999999
65.7548,1.54841,0.0695454
65.8146,1.5515700000000001,0.0347654
65.8744,1.55241,-0.00769543
65.9342,1.5505200000000001,-0.056465699999999994
65.9941,1.54556,-0.11025
66.0539,1.53726,-0.16789400000000002
66.1177,1.5244799999999998,-0.232609
66.1888,1.50532,-0.30722
66.2769,1.47405,-0.402331
66.3576,1.43805,-0.49072299999999996
66.4382,1.39488,-0.5800390000000001
66.5189,1.34446,-0.670489
66.5995,1.2866799999999998,-0.7630640000000001
66.687,1.21536,-0.868395
66.7958,1.11313,-1.01433
66.9047,0.9933559999999999,-1.19543
66.9898,0.883926,-1.3863299999999998
67.058,0.7825850000000001,-1.59606
67.1123,0.689955,-1.82178
67.1585,0.600286,-2.07413
67.1989,0.5110520000000001,-2.35867
67.2392,0.408787,-2.72345
67.2717,0.314698,-3.09127
67.3041,0.207389,-3.5410000000000004
67.3325,0.100252,-4.012580000000001
67.3609,-0.021379099999999998,-4.5612900000000005
67.3893,-0.159647,-5.18127
67.4178,-0.316273,-5.84695
67.449,-0.5101439999999999,-6.56118
67.4711,-0.660423,-6.987189999999999
67.4933,-0.818719,-7.27331
67.5117,-0.953633,-7.35514
67.5301,-1.08847,-7.26072
67.5485,-1.21981,-6.97445
67.5669,-1.34415,-6.50399
67.5853,-1.4583700000000002,-5.88149
67.604,-1.56154,-5.1462900000000005
67.623,-1.6514400000000002,-4.35875
67.6419,-1.7265,-3.58569
67.6608,-1.7874400000000001,-2.8715900000000003
67.6797,-1.8356599999999998,-2.24323
67.6971,-1.8702900000000002,-1.75016
67.7145,-1.89704,-1.33798
67.7319,-1.9172900000000002,-1.0004600000000001
67.7493,-1.9322400000000002,-0.728541
67.7667,-1.9429599999999998,-0.512295
67.7841,-1.9503400000000002,-0.34212
67.8015,-1.9550900000000002,-0.209373
67.8189,-1.9578,-0.106628
67.8363,-1.9589400000000001,-0.027706900000000003
67.8539,-1.9588700000000001,0.0329897
67.8722,-1.9578099999999998,0.0802069
67.8914,-1.9559099999999998,0.11618699999999998
67.9115,-1.95328,0.14266800000000002
67.9328,-1.9500400000000002,0.161098
67.9553,-1.9462700000000002,0.17268699999999998
67.9792,-1.94206,0.17843599999999998
68.0047,-1.9374900000000002,0.17916700000000002
68.032,-1.9326400000000001,0.175537
68.0612,-1.9276099999999998,0.168068
68.0927,-1.92248,0.157163
68.1268,-1.91736,0.143125
68.1638,-1.9123700000000001,0.126168
68.2046,-1.90762,0.10639000000000001
68.2506,-1.90326,0.0835933
68.3073,-1.8993099999999998,0.0559428
68.3567,-1.8971099999999999,0.033238699999999996
68.4062,-1.89598,0.0126169
68.4557,-1.8958099999999998,-0.00529166
68.4981,-1.89632,-0.018104099999999998
68.5406,-1.8973099999999998,-0.028263
68.5831,-1.89868,-0.035568699999999995
68.6255,-1.90029,-0.039888
68.668,-1.9020299999999999,-0.0411535
68.7105,-1.90375,-0.0393608
68.7529,-1.90533,-0.0345634
68.7954,-1.9066400000000001,-0.026867000000000002
68.8379,-1.90757,-0.0164217
68.8803,-1.9080000000000001,-0.00341518
68.9228,-1.90783,0.0119354
68.9653,-1.9069599999999998,0.02939
69.0078,-1.9053,0.0486919
69.051,-1.90274,0.0699551
69.0956,-1.8991099999999999,0.0933205
69.1422,-1.8941700000000001,0.118897
69.1917,-1.88759,0.146956
69.2459,-1.87878,0.17827
69.3117,-1.86579,0.21632300000000002
69.3667,-1.8530400000000002,0.247381
69.4216,-1.8386200000000001,0.27719499999999997
69.4766,-1.8226200000000001,0.305194
69.5244,-1.80745,0.327679
69.5723,-1.7912700000000001,0.347992
69.6202,-1.77416,0.365777
69.6681,-1.7562799999999998,0.380683
69.71600000000001,-1.7377599999999997,0.392371
69.7639,-1.7187599999999998,0.400519
69.8118,-1.6994599999999997,0.404826
69.8597,-1.68005,0.405022
69.9075,-1.66074,0.400873
69.9554,-1.64173,0.392201
70.0047,-1.62274,0.378448
70.0551,-1.60409,0.359219
70.1071,-1.58606,0.334096
70.1609,-1.56891,0.302683
70.2169,-1.5530000000000002,0.264629
70.2758,-1.53871,0.219656
70.3388,-1.5265,0.167533
70.4081,-1.51695,0.10775499999999999
70.4923,-1.51091,0.0364984
70.5621,-1.51027,-0.017002
70.6319,-1.5130700000000001,-0.0615236
70.6917,-1.51765,-0.09012669999999999
70.7515,-1.5236399999999999,-0.10834300000000001
70.8114,-1.53039,-0.115319
70.8712,-1.53721,-0.11084300000000001
70.931,-1.5434299999999999,-0.0952983
70.9908,-1.54841,-0.0695446
71.0506,-1.5515700000000001,-0.0347645
71.1104,-1.55241,0.00769639
71.1702,-1.5505200000000001,0.05646659999999999
71.23,-1.54556,0.110251
71.2899,-1.53726,0.16789500000000002
71.3537,-1.5244799999999998,0.23260999999999998
71.4248,-1.50532,0.307221
71.5129,-1.47405,0.402332
71.5936,-1.43805,0.490724
71.6742,-1.39488,0.580041
71.7549,-1.34446,0.670491
71.8355,-1.2866799999999998,0.763066
71.923,-1.21536,0.868397
72.0318,-1.11313,1.01434
72.1406,-0.993353,1.19543
72.2257,-0.8839239999999999,1.3863299999999998
72.294,-0.7825840000000001,1.59606
72.3483,-0.6899529999999999,1.8217900000000002
72.3945,-0.6002850000000001,2.0741400000000003
72.4349,-0.51105,2.35867
72.4752,-0.40878600000000004,2.7234599999999998
72.5077,-0.31469600000000003,3.09127
72.5401,-0.207387,3.54101
72.5685,-0.10025,4.01259
72.5969,0.0213812,4.5613
72.6253,0.159649,5.18127
72.6537,0.316276,5.84696
72.685,0.5101479999999999,6.56119
72.7071,0.6604270000000001,6.9872
72.7293,0.8187220000000001,7.27331
72.7477,0.953636,7.35513
72.7661,1.08847,7.26071
72.7845,1.21981,6.9744399999999995
72.8029,1.34416,6.50398
72.8213,1.4583700000000002,5.881480000000001
72.84,1.56155,5.14628
72.8589,1.6514400000000002,4.35874
72.8779,1.7265,3.58569
72.8968,1.7874400000000001,2.8715900000000003
72.9157,1.8356599999999998,2.24323
72.9331,1.8702900000000002,1.75016
72.9505,1.89704,1.33799
72.9679,1.9172900000000002,1.0004600000000001
72.9853,1.9322400000000002,0.728541
73.0027,1.9429599999999998,0.512295
73.0201,1.9503400000000002,0.34212
73.0375,1.9550900000000002,0.209373
73.0549,1.9578,0.106628
73.0723,1.9589400000000001,0.027706900000000003
73.0899,1.9588700000000001,-0.0329897
73.1082,1.9578099999999998,-0.0802068
73.1273,1.9559099999999998,-0.11618699999999998
73.1475,1.95328,-0.14266800000000002
73.1688,1.9500400000000002,-0.161098
73.1913,1.9462700000000002,-0.17268599999999998
73.2152,1.94206,-0.17843599999999998
73.2407,1.9374900000000002,-0.17916700000000002
73.2679,1.9326400000000001,-0.175537
73.2972,1.9276099999999998,-0.168068
73.3287,1.92248,-0.157163
73.3628,1.91736,-0.143124
73.3998,1.9123700000000001,-0.126168
73.4406,1.90762,-0.10639000000000001
73.4865,1.90326,-0.0835929
73.5433,1.8993099999999998,-0.055942399999999996
73.5927,1.8971099999999999,-0.0332384
73.6422,1.89598,-0.0126167
73.6916,1.8958099999999998,0.00529186
73.7341,1.89632,0.0181043
73.7766,1.8973099999999998,0.028263200000000002
73.819,1.89868,0.035568800000000005
73.8615,1.90029,0.039888
73.904,1.9020299999999999,0.0411535
73.9465,1.90375,0.0393607
73.9889,1.90533,0.034563300000000005
74.0314,1.9066400000000001,0.026866900000000003
74.0739,1.90757,0.016421599999999998
74.1163,1.9080000000000001,0.00341502
74.1588,1.90783,-0.011935600000000001
74.2013,1.9069599999999998,-0.0293902
74.2437,1.9053,-0.0486921
74.28699999999999,1.90274,-0.0699553
74.3316,1.8991099999999999,-0.09332069999999999
74.3782,1.8941700000000001,-0.118897
74.4276,1.88759,-0.146956
74.4818,1.87878,-0.178271
74.5477,1.86579,-0.21632300000000002
74.6026,1.8530400000000002,-0.247381
74.6576,1.8386200000000001,-0.27719499999999997
74.7125,1.8226099999999998,-0.305195
74.7604,1.80745,-0.327679
74.8083,1.7912700000000001,-0.347993
74.8562,1.77416,-0.365777
74.9041,1.7562799999999998,-0.380683
74.952,1.7377599999999997,-0.392371
74.9999,1.7187599999999998,-0.400519
75.0478,1.6994599999999997,-0.404826
75.0956,1.68005,-0.405022
75.1435,1.66074,-0.400873
75.1914,1.64173,-0.392201
75.2407,1.62274,-0.378448
75.2911,1.60409,-0.359218
75.3431,1.58606,-0.334096
75.3969,1.56891,-0.302683
75.4529,1.5530000000000002,-0.264629
75.5118,1.5387,-0.219656
75.5748,1.5265,-0.167532
75.6441,1.51695,-0.107754
75.7283,1.51091,-0.0364975
75.7981,1.51027,0.0170026
75.8679,1.5130700000000001,0.061524
75.9277,1.51766,0.090127
75.9875,1.52365,0.10834300000000001
76.0473,1.53039,0.115319
76.1072,1.53721,0.11084300000000001
76.167,1.5434299999999999,0.09529810000000001
76.2268,1.54841,0.0695443
76.2866,1.5515700000000001,0.0347641
76.3464,1.55241,-0.00769676
76.4062,1.5505200000000001,-0.056466999999999996
76.46600000000001,1.54556,-0.110252
76.5258,1.53726,-0.16789500000000002
76.5897,1.5244799999999998,-0.23260999999999998
76.6607,1.50532,-0.307221
76.7489,1.47405,-0.402333
76.8296,1.43805,-0.490725
76.9102,1.39488,-0.580041
76.9909,1.34446,-0.670491
77.0715,1.2866799999999998,-0.763066
77.15899999999999,1.21536,-0.868397
77.2678,1.11313,-1.01434
77.3766,0.993352,-1.19543
77.4617,0.8839229999999999,-1.3863299999999998
77.5299,0.782583,-1.59606
77.5843,0.6899529999999999,-1.8217900000000002
77.6305,0.600284,-2.0741400000000003
77.6708,0.51105,-2.35867
77.7112,0.408785,-2.7234599999999998
77.7436,0.314695,-3.09128
77.7761,0.207387,-3.54101
77.8045,0.10025,-4.01259
77.8329,-0.021381999999999998,-4.56131
77.8613,-0.15965,-5.18128
77.8897,-0.316276,-5.84696
77.921,-0.510149,-6.56119
77.9431,-0.660428,-6.9872
77.9653,-0.818724,-7.27331
77.9837,-0.9536379999999999,-7.35513
78.0021,-1.08847,-7.26071
78.0205,-1.21981,-6.9744399999999995
78.0389,-1.34416,-6.50397
78.0573,-1.4583700000000002,-5.881469999999999
78.07600000000001,-1.56155,-5.14628
78.0949,-1.6514400000000002,-4.35874
78.1138,-1.7265,-3.58569
78.1328,-1.7874400000000001,-2.8715900000000003
78.1517,-1.8356599999999998,-2.24323
78.1691,-1.8702900000000002,-1.75016
78.1865,-1.89704,-1.33799
78.2039,-1.9172900000000002,-1.0004600000000001
78.2213,-1.9322400000000002,-0.728541
78.2387,-1.9429599999999998,-0.512295
78.2561,-1.9503400000000002,-0.34212
78.2735,-1.9550900000000002,-0.209373
78.2909,-1.9578,-0.106628
78.3083,-1.9589400000000001,-0.027706900000000003
78.3259,-1.9588700000000001,0.0329897
78.3442,-1.9578099999999998,0.0802068
78.3633,-1.9559099999999998,0.11618699999999998
78.3835,-1.95328,0.14266800000000002
78.4047,-1.9500400000000002,0.161098
78.4273,-1.9462700000000002,0.17268599999999998
78.4512,-1.94206,0.17843599999999998
78.4767,-1.9374900000000002,0.17916700000000002
78.5039,-1.9326400000000001,0.175537
78.5332,-1.9276099999999998,0.168068
78.5647,-1.92248,0.157162
78.5988,-1.91736,0.143124
78.6358,-1.9123700000000001,0.126168
78.6766,-1.90762,0.10639000000000001
78.7225,-1.90326,0.0835928
78.7793,-1.8993099999999998,0.055942200000000004
78.8287,-1.8971099999999999,0.033238199999999996
78.8782,-1.89598,0.0126166
78.9276,-1.8958099999999998,-0.00529194
78.9701,-1.89632,-0.0181044
79.0126,-1.8973099999999998,-0.028263200000000002
79.055,-1.89868,-0.035568800000000005
79.0975,-1.90029,-0.039888099999999996
79.14,-1.9020299999999999,-0.0411535
79.1824,-1.90375,-0.0393607
79.2249,-1.90533,-0.034563300000000005
79.2674,-1.9066400000000001,-0.0268668
79.3099,-1.90757,-0.016421599999999998
79.3523,-1.9080000000000001,-0.00341495
79.3948,-1.90783,0.011935700000000002
79.4373,-1.9069599999999998,0.0293903
79.4797,-1.9053,0.0486922
79.523,-1.90274,0.0699554
79.5676,-1.8991099999999999,0.09332080000000001
79.6142,-1.8941700000000001,0.118897
79.6636,-1.88759,0.146956
79.7178,-1.87878,0.178271
79.7837,-1.86579,0.21632300000000002
79.8386,-1.8530400000000002,0.24738200000000002
79.8936,-1.8386200000000001,0.27719499999999997
79.9485,-1.8226099999999998,0.305195
79.9964,-1.80745,0.327679
80.0443,-1.7912700000000001,0.347993
80.0922,-1.77416,0.36577800000000005
80.1401,-1.7562799999999998,0.380683
80.188,-1.7377599999999997,0.392371
80.2359,-1.7187599999999998,0.400519
80.2837,-1.6994599999999997,0.404826
80.3316,-1.68005,0.405022
80.3795,-1.6607299999999998,0.400873
80.4274,-1.64173,0.392201
80.4766,-1.62274,0.378448
80.5271,-1.60409,0.359218
80.5791,-1.58606,0.334096
80.6329,-1.56891,0.302683
80.6889,-1.5530000000000002,0.26462800000000003
80.7478,-1.5387,0.219656
80.8108,-1.5265,0.167532
80.8801,-1.51695,0.107754
80.9643,-1.51091,0.0364972
81.0341,-1.51027,-0.0170029
81.1039,-1.5130700000000001,-0.061524199999999994
81.1637,-1.51766,-0.0901271
81.2235,-1.52365,-0.10834300000000001
81.2833,-1.53039,-0.115319
81.3431,-1.53721,-0.11084300000000001
81.403,-1.5434299999999999,-0.09529800000000001
81.4628,-1.54841,-0.0695442
81.5226,-1.5515700000000001,-0.034763999999999996
81.5824,-1.55241,0.0076969
81.6422,-1.5505200000000001,0.0564672
81.702,-1.54556,0.110252
81.7618,-1.53726,0.16789500000000002
81.8257,-1.5244799999999998,0.23260999999999998
81.8967,-1.50532,0.307221
81.9849,-1.47405,0.402333
82.0656,-1.43805,0.490725
82.1462,-1.39488,0.580041
82.2269,-1.34446,0.670491
82.3075,-1.2866799999999998,0.763066
82.395,-1.21536,0.868397
82.5038,-1.11313,1.01434
82.6126,-0.993352,1.19543
82.6977,-0.8839229999999999,1.3863299999999998
82.7659,-0.782583,1.59606
82.8203,-0.689952,1.8217900000000002
82.8665,-0.600284,2.0741400000000003
82.9068,-0.511049,2.35867
82.9472,-0.408785,2.7234599999999998
82.9796,-0.314695,3.09128
83.0121,-0.20738600000000001,3.54101
83.0405,-0.100249,4.0126
83.0689,0.021382400000000003,4.56131
83.0973,0.15965,5.18128
83.1257,0.316277,5.84696
83.1569,0.51015,6.56119
83.1791,0.660428,6.9872
83.2013,0.818724,7.27331
83.2197,0.9536379999999999,7.35513
83.2381,1.08847,7.26071
83.2565,1.21981,6.97443
83.2749,1.34416,6.50397
83.2933,1.4583700000000002,5.881469999999999
83.31200000000001,1.56155,5.14628
83.3309,1.6514400000000002,4.35874
83.3498,1.7265,3.58569
83.3687,1.7874400000000001,2.8715900000000003
83.3877,1.8356599999999998,2.24323
83.4051,1.8702900000000002,1.75016
83.4225,1.89704,1.33799
83.4399,1.9172900000000002,1.0004600000000001
83.4573,1.9322400000000002,0.728541
83.4747,1.9429599999999998,0.512295
83.4921,1.9503400000000002,0.34212
83.5095,1.9550900000000002,0.209373
83.5269,1.9578,0.106628
83.5443,1.9589400000000001,0.027706900000000003
83.5619,1.9588700000000001,-0.0329897
83.5802,1.9578099999999998,-0.0802068
83.5993,1.9559099999999998,-0.11618699999999998
83.6195,1.95328,-0.14266800000000002
83.6407,1.9500400000000002,-0.161098
83.6632,1.9462700000000002,-0.17268599999999998
83.6872,1.94206,-0.17843599999999998
83.7127,1.9374900000000002,-0.17916700000000002
83.7399,1.9326400000000001,-0.175537
83.7692,1.9276099999999998,-0.168068
83.8007,1.92248,-0.157162
83.8347,1.91736,-0.143124
83.8718,1.9123700000000001,-0.126168
83.9126,1.90762,-0.10639000000000001
83.9585,1.90326,-0.0835928
84.0153,1.8993099999999998,-0.055942200000000004
84.0647,1.8971099999999999,-0.033238199999999996
84.1142,1.89598,-0.012616500000000001
84.1636,1.8958099999999998,0.00529197
84.2061,1.89632,0.0181044
84.2486,1.8973099999999998,0.028263200000000002
84.291,1.89868,0.035568800000000005
84.3335,1.90029,0.039888099999999996
84.376,1.9020299999999999,0.0411535
84.4184,1.90375,0.0393607
84.4609,1.90533,0.034563300000000005
84.5034,1.9066400000000001,0.0268668
84.5458,1.90757,0.016421500000000002
84.5883,1.9080000000000001,0.00341493
84.6308,1.90783,-0.011935700000000002
84.6732,1.9069599999999998,-0.0293903
84.7157,1.9053,-0.0486922
84.7589,1.90274,-0.0699554
84.8036,1.8991099999999999,-0.0933209
84.8502,1.8941700000000001,-0.118897
84.8996,1.88759,-0.146956
84.9538,1.87878,-0.178271
85.0197,1.86579,-0.21632300000000002
85.0746,1.8530400000000002,-0.24738200000000002
85.1296,1.8386200000000001,-0.277196
85.1845,1.8226099999999998,-0.305195
85.2324,1.80745,-0.327679
85.2803,1.7912700000000001,-0.347993
85.3282,1.77416,-0.36577800000000005
85.3761,1.7562799999999998,-0.380683
85.42399999999999,1.7377599999999997,-0.392371
85.4718,1.7187599999999998,-0.400519
85.5197,1.6994599999999997,-0.404826
85.5676,1.68005,-0.405022
85.6155,1.6607299999999998,-0.400873
85.6634,1.64173,-0.392201
85.7126,1.62274,-0.378448
85.7631,1.60409,-0.359218
85.8151,1.58606,-0.334096
85.8688,1.56891,-0.302683
85.9249,1.5530000000000002,-0.26462800000000003
85.9838,1.5387,-0.219656
86.0468,1.5265,-0.167532
86.1161,1.51695,-0.107754
86.2003,1.51091,-0.0364971
86.2701,1.51027,0.017003
86.3399,1.5130700000000001,0.061524300000000004
86.3997,1.51766,0.09012719999999999
86.4595,1.52365,0.10834300000000001
86.5193,1.53039,0.115319
86.5791,1.53721,0.11084300000000001
86.6389,1.5434299999999999,0.09529800000000001
86.6988,1.54841,0.0695442
86.7586,1.5515700000000001,0.0347639
86.8184,1.55241,-0.00769696
86.8782,1.5505200000000001,-0.0564672
86.93799999999999,1.54556,-0.110252
86.9978,1.53726,-0.16789500000000002
87.0617,1.5244799999999998,-0.23260999999999998
87.1327,1.50532,-0.307221
87.2209,1.47405,-0.402333
87.3015,1.43805,-0.490725
87.3822,1.39488,-0.580041
87.4628,1.34446,-0.670491
87.5435,1.2866799999999998,-0.763066
87.631,1.21536,-0.868397
87.7398,1.11313,-1.01434
87.8486,0.993352,-1.19543
87.9337,0.8839229999999999,-1.3863299999999998
88.0019,0.782582,-1.59606
88.0563,0.689952,-1.8217900000000002
88.1025,0.600284,-2.0741400000000003
88.1428,0.511049,-2.35867
88.1832,0.408785,-2.7234599999999998
88.2156,0.314695,-3.09128
88.2481,0.20738600000000001,-3.54101
88.2765,0.100249,-4.0126
88.3049,-0.0213825,-4.56131
88.3333,-0.15965,-5.18128
88.3617,-0.316277,-5.84696
88.3929,-0.51015,-6.56119
88.4151,-0.660429,-6.9872
88.4372,-0.818724,-7.27331
88.4557,-0.9536379999999999,-7.35513
88.4741,-1.08848,-7.26071
88.4925,-1.21981,-6.97443
88.5109,-1.34416,-6.50397
88.5293,-1.4583700000000002,-5.881469999999999
88.54799999999999,-1.56155,-5.1462699999999995
88.5669,-1.6514400000000002,-4.35874
88.5858,-1.7265,-3.58569
88.6047,-1.7874400000000001,-2.8715900000000003
88.6236,-1.8356599999999998,-2.24323
88.641,-1.8702900000000002,-1.75016
88.6584,-1.89704,-1.33799
88.6758,-1.9172900000000002,-1.0004600000000001
88.6932,-1.9322400000000002,-0.728541
88.7106,-1.9429599999999998,-0.512295
88.728,-1.9503400000000002,-0.34212
88.7454,-1.9550900000000002,-0.209373
88.7628,-1.9578,-0.106628
88.7803,-1.9589400000000001,-0.027706900000000003
88.7978,-1.9588700000000001,0.0329897
88.8161,-1.9578099999999998,0.0802068
88.8353,-1.9559099999999998,0.11618699999999998
88.8555,-1.95328,0.14266800000000002
88.8767,-1.9500400000000002,0.161098
88.8992,-1.9462700000000002,0.17268599999999998
88.9231,-1.94206,0.17843599999999998
88.9486,-1.9374900000000002,0.17916700000000002
88.9759,-1.9326400000000001,0.175537
89.0052,-1.9276099999999998,0.168068
89.0367,-1.92248,0.157162
89.0707,-1.91736,0.143124
89.1078,-1.9123700000000001,0.126168
89.1486,-1.90762,0.10639000000000001
89.1945,-1.90326,0.0835927
89.2512,-1.8993099999999998,0.055942200000000004
89.3007,-1.8971099999999999,0.033238199999999996
89.3502,-1.89598,0.012616500000000001
89.3996,-1.8958099999999998,-0.00529198
89.4421,-1.89632,-0.0181044
89.4845,-1.8973099999999998,-0.028263200000000002
89.527,-1.89868,-0.035568800000000005
89.5695,-1.90029,-0.039888099999999996
89.61200000000001,-1.9020299999999999,-0.0411535
89.6544,-1.90375,-0.0393607
89.6969,-1.90533,-0.034563300000000005
89.7394,-1.9066400000000001,-0.0268668
89.7818,-1.90757,-0.016421500000000002
89.8243,-1.9080000000000001,-0.00341492
89.8668,-1.90783,0.011935700000000002
89.9092,-1.9069599999999998,0.0293903
89.9517,-1.9053,0.0486922
89.9949,-1.90274,0.0699554
90.0396,-1.8991099999999999,0.0933209
90.0862,-1.8941700000000001,0.118897
90.1356,-1.88759,0.146956
90.1898,-1.87878,0.178271
90.2557,-1.86579,0.21632300000000002
90.3106,-1.8530400000000002,0.24738200000000002
90.3656,-1.8386200000000001,0.277196
90.4205,-1.8226099999999998,0.305195
90.4684,-1.80745,0.327679
90.5163,-1.7912700000000001,0.347993
90.5642,-1.77416,0.36577800000000005
90.6121,-1.7562799999999998,0.380683
90.6599,-1.7377599999999997,0.392371
90.7078,-1.7187599999999998,0.400519
90.7557,-1.6994599999999997,0.404826
90.8036,-1.68005,0.405022
90.8515,-1.6607299999999998,0.400873
90.8994,-1.64173,0.392201
90.9486,-1.62274,0.378448
90.9991,-1.60409,0.359218
91.0511,-1.58606,0.334096
91.1048,-1.56891,0.302683
91.1609,-1.5530000000000002,0.26462800000000003
91.2198,-1.5387,0.219656
91.2828,-1.5265,0.167532
91.3521,-1.51695,0.107754
91.4363,-1.51091,0.036497
91.5061,-1.51027,-0.017003
91.5759,-1.5130700000000001,-0.061524300000000004
91.6357,-1.51766,-0.09012719999999999
91.6955,-1.52365,-0.10834300000000001
91.7553,-1.53039,-0.115319
91.8151,-1.53721,-0.11084300000000001
91.8749,-1.5434299999999999,-0.09529800000000001
91.9347,-1.54841,-0.0695442
91.9946,-1.5515700000000001,-0.0347639
92.0544,-1.55241,0.00769698
92.1142,-1.5505200000000001,0.0564672
92.17399999999999,-1.54556,0.110252
92.2338,-1.53726,0.16789500000000002
92.2977,-1.5244799999999998,0.23260999999999998
92.3687,-1.50532,0.307221
92.4569,-1.47405,0.402333
92.5375,-1.43805,0.490725
92.6182,-1.39488,0.580041
92.6988,-1.34446,0.670491
92.7795,-1.2866799999999998,0.763066
92.867,-1.21535,0.868397
92.9758,-1.11313,1.01434
93.0846,-0.993352,1.19543
93.1697,-0.8839229999999999,1.3863299999999998
93.2379,-0.782582,1.59606
93.2923,-0.689952,1.8217900000000002
93.3384,-0.600284,2.0741400000000003
93.3788,-0.511049,2.35867
93.4192,-0.408785,2.7234599999999998
93.4516,-0.314695,3.09128
93.484,-0.20738600000000001,3.54101
93.5125,-0.100249,4.0126
93.5409,0.0213825,4.56131
93.5693,0.15965,5.18128
93.5977,0.316277,5.84697
93.6289,0.51015,6.56119
93.6511,0.660429,6.9872
93.6732,0.818724,7.27331
93.6916,0.9536379999999999,7.35513
93.7101,1.08848,7.26071
93.7285,1.21981,6.97443
93.7469,1.34416,6.50397
93.7653,1.4583700000000002,5.881469999999999
93.78399999999999,1.56155,5.1462699999999995
93.8029,1.6514400000000002,4.35874
93.8218,1.7265,3.58569
93.8407,1.7874400000000001,2.8715900000000003
93.8596,1.8356599999999998,2.24323
93.87700000000001,1.8702900000000002,1.75016
93.8944,1.89704,1.33799
93.9118,1.9172900000000002,1.0004600000000001
93.9292,1.9322400000000002,0.728541
93.9466,1.9429599999999998,0.512295
93.964,1.9503400000000002,0.34212
93.9814,1.9550900000000002,0.209373
93.9988,1.9578,0.106628
94.0162,1.9589400000000001,0.027706900000000003
94.0338,1.9588700000000001,-0.0329897
94.0521,1.9578099999999998,-0.0802068
94.0713,1.9559099999999998,-0.11618699999999998
94.0914,1.95328,-0.14266800000000002
94.1127,1.9500400000000002,-0.161098
94.1352,1.9462700000000002,-0.17268599999999998
94.1591,1.94206,-0.17843599999999998
94.1846,1.9374900000000002,-0.17916700000000002
94.2119,1.9326400000000001,-0.175537
94.2412,1.9276099999999998,-0.168068
94.2727,1.92248,-0.157162
94.3067,1.91736,-0.143124
94.3438,1.9123700000000001,-0.126168
94.3845,1.90762,-0.10639000000000001
94.4305,1.90326,-0.0835927
94.4872,1.8993099999999998,-0.055942099999999995
94.5367,1.8971099999999999,-0.033238199999999996
94.5861,1.89598,-0.012616500000000001
94.6356,1.8958099999999998,0.00529198
94.6781,1.89632,0.0181044
94.7205,1.8973099999999998,0.028263200000000002
94.76299999999999,1.89868,0.035568800000000005
94.8055,1.90029,0.039888099999999996
94.8479,1.9020299999999999,0.0411535
94.8904,1.90375,0.0393607
94.9329,1.90533,0.034563300000000005
94.9753,1.9066400000000001,0.0268668
95.0178,1.90757,0.016421500000000002
95.0603,1.9080000000000001,0.00341492
95.1028,1.90783,-0.011935700000000002
95.1452,1.9069599999999998,-0.0293903
95.1877,1.9053,-0.0486922
95.2309,1.90274,-0.0699554
95.2755,1.8991099999999999,-0.0933209
95.3221,1.8941700000000001,-0.118897
95.3716,1.88759,-0.146956
95.4258,1.87878,-0.178271
95.4917,1.86579,-0.21632300000000002
95.5466,1.8530400000000002,-0.24738200000000002
95.6015,1.8386200000000001,-0.277196
95.6565,1.8226099999999998,-0.305195
95.7044,1.80745,-0.327679
95.7523,1.7912700000000001,-0.347993
95.8002,1.77416,-0.36577800000000005
95.848,1.7562799999999998,-0.380683
95.8959,1.7377599999999997,-0.392371
95.9438,1.7187599999999998,-0.400519
95.9917,1.6994599999999997,-0.404826
96.0396,1.68005,-0.405022
96.0875,1.6607299999999998,-0.400873
96.1354,1.64173,-0.392201
96.1846,1.62274,-0.378448
96.2351,1.60409,-0.359218
96.2871,1.58606,-0.334096
96.3408,1.56891,-0.302683
96.3968,1.5530000000000002,-0.26462800000000003
96.4558,1.5387,-0.219656
96.5188,1.5265,-0.167532
96.5881,1.51695,-0.107754
96.6723,1.51091,-0.036497
96.7421,1.51027,0.017003
96.8119,1.5130700000000001,0.061524300000000004
96.8717,1.51766,0.09012719999999999
96.9315,1.52365,0.10834300000000001
96.9913,1.53039,0.115319
97.0511,1.53721,0.11084300000000001
97.1109,1.5434299999999999,0.09529800000000001
97.1707,1.54841,0.0695442
97.2305,1.5515700000000001,0.0347639
97.2904,1.55241,-0.00769699
97.3502,1.5505200000000001,-0.0564673
97.41,1.54556,-0.110252
97.4698,1.53726,-0.16789500000000002
97.5337,1.5244799999999998,-0.23260999999999998
97.6047,1.50532,-0.307221
97.6929,1.47405,-0.402333
97.7735,1.43805,-0.490725
97.8542,1.39488,-0.580041
97.9348,1.34446,-0.670492
98.0155,1.2866799999999998,-0.763066
98.103,1.21535,-0.868397
98.2118,1.11313,-1.01434
98.3206,0.993352,-1.19543
98.4057,0.8839229999999999,-1.3863299999999998
98.4739,0.782582,-1.59606
98.5283,0.689952,-1.8217900000000002
98.5744,0.600284,-2.0741400000000003
98.6148,0.511049,-2.35867
98.6552,0.408785,-2.7234599999999998
98.6876,0.314695,-3.09128
98.72,0.20738600000000001,-3.54101
98.7484,0.100249,-4.0126
98.7769,-0.021382599999999998,-4.56131
98.8053,-0.15965,-5.18128
98.8337,-0.316277,-5.84697
98.8649,-0.51015,-6.56119
98.8871,-0.660429,-6.9872
98.9092,-0.818724,-7.27331
98.9276,-0.9536379999999999,-7.35513
98.946,-1.08848,-7.26071
98.9645,-1.21981,-6.97443
98.9829,-1.34416,-6.50397
99.0013,-1.4583700000000002,-5.881469999999999
99.02,-1.56155,-5.1462699999999995
99.0389,-1.6514400000000002,-4.35874
99.0578,-1.7265,-3.58569
99.0767,-1.7874400000000001,-2.8715900000000003
99.0956,-1.8356599999999998,-2.24323
99.113,-1.8702900000000002,-1.75016
99.1304,-1.89704,-1.33799
99.1478,-1.9172900000000002,-1.0004600000000001
99.1652,-1.9322400000000002,-0.728541
99.1826,-1.9429599999999998,-0.512295
99.2,-1.9503400000000002,-0.34212
99.2174,-1.9550900000000002,-0.209373
99.2348,-1.9578,-0.106628
99.2522,-1.9589400000000001,-0.027706900000000003
99.2698,-1.9588700000000001,0.0329897
99.2881,-1.9578099999999998,0.0802068
99.3073,-1.9559099999999998,0.11618699999999998
99.3274,-1.95328,0.14266800000000002
99.3487,-1.9500400000000002,0.161098
99.3712,-1.9462700000000002,0.17268599999999998
99.3951,-1.94206,0.17843599999999998
99.4206,-1.9374900000000002,0.17916700000000002
99.4479,-1.9326400000000001,0.175537
99.4771,-1.9276099999999998,0.168068
99.5086,-1.92248,0.157162
99.5427,-1.91736,0.143124
99.5798,-1.9123700000000001,0.126168
99.6205,-1.90762,0.10639000000000001
99.6665,-1.90326,0.0835927
99.7232,-1.8993099999999998,0.055942099999999995
99.7727,-1.8971099999999999,0.033238199999999996
99.8221,-1.89598,0.012616500000000001
99.8716,-1.8958099999999998,-0.00529198
99.914,-1.89632,-0.0181044
99.9565,-1.8973099999999998,-0.028263200000000002
99.999,-1.89868,-0.035568800000000005
100.0,-1.89872,-0.0357069
