,gamma,gamma_dot
0.11441647482837529,0.705717,0.523271
0.22883294965675058,0.51808,0.261477
0.34324942448512585,0.5278729999999999,0.191381
0.45766589931350116,0.313346,0.039823500000000005
0.5720823741418765,0.27913699999999997,0.194589
0.6864988489702517,0.237577,0.0852752
0.8009153237986271,0.177369,0.00026307
0.9153317986270023,0.153199,0.0
1.0297482734553776,0.0610078,0.00710229
1.144164748283753,0.07216189999999999,0.13936500000000002
1.2585812231121283,0.0,0.246325
1.3729976979405034,0.0103826,0.054661699999999994
1.4874141727688788,0.00385712,0.0248219
1.6018306475972541,0.0,0.0713313
1.7162471224256293,0.0,0.20282
1.8306635972540046,0.0,0.0412024
1.94508007208238,0.0,0.0255167
2.059496546910755,0.0,0.0
2.1739130217391307,0.12648399999999999,0.0403758
2.288329496567506,0.0621448,0.0
2.402745971395881,0.21446500000000002,0.0
2.5171624462242566,0.218469,0.0
2.6315789210526317,0.0,0.26397600000000004
2.745995395881007,0.10372100000000001,0.0
2.8604118707093824,0.565264,0.21516
2.9748283455377575,0.7572810000000001,0.656524
3.0892448203661327,0.8229770000000001,0.199996
3.2036612951945083,0.375718,0.27619699999999997
3.3180777700228834,0.24345300000000003,0.266439
3.4324942448512585,0.418951,0.10993900000000001
3.546910719679634,0.34065,0.233465
3.6613271945080093,0.282953,0.214892
3.7757436693363844,0.23884699999999998,0.0
3.89016014416476,0.197655,0.019059200000000002
4.004576618993135,0.24315599999999998,0.0018925
4.11899309382151,0.238393,0.027097000000000003
4.233409568649885,0.0689698,0.00588966
4.347826043478261,0.0384394,0.259438
4.4622425183066365,0.0346106,0.10061200000000001
4.576658993135012,0.0,0.148285
4.691075467963387,0.0,0.0
4.805491942791762,0.0,0.115705
4.919908417620137,0.0,0.00612764
5.034324892448513,0.0,0.0
5.148741367276888,0.00974614,0.111936
5.263157842105263,0.05869780000000001,0.028586900000000002
5.3775743169336385,0.233917,0.0
5.491990791762014,0.149387,0.0
5.606407266590389,0.291673,0.0
5.720823741418765,0.226427,0.22425799999999999
5.83524021624714,0.633671,0.06626169999999999
5.949656691075515,0.627637,0.290197
6.06407316590389,0.673308,0.478177
6.178489640732265,0.688068,0.515264
6.2929061155606405,0.286235,0.289917
6.4073225903890165,0.30495500000000003,0.2148
6.521739065217392,0.398954,0.0477135
6.636155540045767,0.344562,0.23143200000000003
6.750572014874142,0.30266,0.129355
6.864988489702517,0.284316,0.014078799999999999
6.979404964530892,0.0,0.0
7.093821439359268,0.19663,0.0
7.208237914187643,0.142351,0.0390663
7.3226543890160185,0.11261700000000001,0.0
7.437070863844394,0.0448095,0.0
7.551487338672769,0.0501303,0.15099400000000002
7.665903813501145,0.0331279,0.00295363
7.78032028832952,0.00794709,0.00308798
7.894736763157895,0.0,0.0
8.00915323798627,0.0,0.0120011
8.123569712814646,0.0,0.0
8.23798618764302,0.0,0.00526555
8.352402662471397,0.0,0.0
8.46681913729977,0.174023,0.00184375
8.581235612128147,0.0,0.0
8.695652086956523,0.061924099999999996,0.21634499999999998
8.810068561784897,0.301571,0.00645227
8.924485036613273,0.155844,0.22521300000000002
9.038901511441647,0.534084,0.24697399999999997
9.153317986270023,0.575905,0.359267
9.267734461098398,0.54642,0.18497
9.382150935926774,0.340464,0.283946
9.49656741075515,0.262665,0.22633899999999998
9.610983885583524,0.380275,0.101485
9.7254003604119,0.313844,0.041681499999999996
9.839816835240274,0.31052199999999996,0.0939655
9.95423331006865,0.294619,0.0
10.068649784897026,0.235623,0.0
10.1830662597254,0.19650399999999998,0.00249002
10.297482734553776,0.178106,0.183159
10.41189920938215,0.293229,0.0
10.526315684210527,0.156788,0.00974455
10.640732159038901,0.06699060000000001,0.0592536
10.755148633867277,0.0,0.017937
10.869565108695653,0.0452671,0.0
10.983981583524027,0.0,0.0
11.098398058352403,0.007937699999999999,0.00660474
11.212814533180778,0.0249289,0.0
11.327231008009154,0.0,0.00462679
11.44164748283753,0.0,0.0
11.556063957665904,0.05006119999999999,0.0
11.67048043249428,0.171321,0.0
11.784896907322654,0.050239599999999995,0.0
11.89931338215103,0.278974,0.0641148
12.013729856979406,0.26569,0.0
12.12814633180778,0.484574,0.178801
12.242562806636156,0.524137,0.31103800000000004
12.35697928146453,0.516792,0.326314
12.471395756292907,0.42540200000000006,0.310324
12.585812231121281,0.36683699999999997,0.124821
12.700228705949657,0.347084,0.0540639
12.814645180778033,0.34278400000000003,0.0
12.929061655606407,0.28891100000000003,0.0
13.043478130434783,0.26610900000000004,0.00789793
13.157894605263158,0.240835,0.12233499999999999
13.272311080091534,0.199509,0.20546999999999999
13.38672755491991,0.17195,0.0
13.501144029748284,0.137132,0.0
13.61556050457666,0.109615,0.0
13.729976979405034,0.08303680000000001,0.00161016
13.84439345423341,0.057880499999999994,0.0
13.958809929061784,0.0,3.08828e-05
14.07322640389016,0.0,0.0031252
14.187642878718536,0.00358189,0.010319
14.30205935354691,0.0,0.0
14.416475828375287,0.0,0.00279427
14.530892303203661,0.0303645,0.0
14.645308778032037,0.0,0.0
14.759725252860413,0.19185,0.00261416
14.874141727688787,0.07578689999999999,0.0
14.988558202517163,0.138079,0.233229
15.102974677345538,0.0799186,0.0
15.217391152173914,0.34825300000000003,0.245117
15.33180762700229,0.37958600000000003,0.324495
15.446224101830664,0.703936,0.290013
15.56064057665904,0.266409,0.0966889
15.675057051487414,0.355964,0.117454
15.78947352631579,0.276217,0.162852
15.903890001144164,0.27137100000000003,0.0480051
16.01830647597254,0.275278,0.0599563
16.132722950800915,0.251248,0.0
16.247139425629292,0.27634699999999995,0.0
16.361555900457667,0.20818299999999998,0.06545930000000001
16.47597237528604,0.16806600000000002,0.00457001
16.590388850114415,0.137272,0.000276256
16.704805324942793,0.10938099999999999,0.00037172
16.819221799771167,0.202706,0.0
16.93363827459954,0.07316310000000001,0.0
17.04805474942792,0.050057800000000006,0.0
17.162471224256294,0.0154184,0.0
17.276887699084668,0.031002,0.00857844
17.391304173913046,0.0,0.0
17.50572064874142,0.0,0.0252988
17.620137123569794,0.13431300000000002,0.0
17.73455359839817,0.177714,0.000130091
17.848970073226546,0.06602999999999999,0.0
17.96338654805492,0.117665,0.0
18.077803022883295,0.106075,0.0
18.192219497711672,0.22023,0.00512754
18.306635972540047,0.326994,0.0358164
18.42105244736842,0.405587,0.176445
18.535468922196795,0.759357,0.288609
18.649885397025173,0.318504,0.165694
18.764301871853547,0.233855,0.187917
18.87871834668192,0.25454299999999996,0.0
18.9931348215103,0.28908,0.067381
19.107551296338674,0.22869899999999999,0.0
19.221967771167048,0.23734899999999998,0.0049339
19.336384245995426,0.221831,0.0
19.4508007208238,0.20721900000000001,0.00230491
19.565217195652174,0.161545,0.0
19.67963367048055,0.13480599999999998,0.0
19.794050145308926,0.11338699999999999,0.0
19.9084666201373,0.14163499999999998,0.0
20.022883094965675,0.089287,0.000758572
20.137299569794052,0.0529028,0.0
20.251716044622427,0.046350300000000004,0.0
20.3661325194508,0.010710899999999999,0.00412732
20.480548994279175,0.00534962,0.0132685
20.594965469107553,0.0,0.0
20.709381943935927,0.0,0.0
20.8237984187643,0.0,0.0583044
20.93821489359268,0.0,0.0
21.052631368421054,0.0466517,0.0
21.167047843249428,0.0,0.00605197
21.281464318077802,0.143049,0.10690899999999999
21.39588079290618,0.266354,0.26588
21.510297267734554,0.273818,0.302904
21.62471374256293,0.670234,0.20496
21.739130217391306,0.199095,0.0673722
21.85354669221968,0.20902300000000001,0.0203079
21.967963167048055,0.195191,0.05288480000000001
22.082379641876432,0.21020500000000003,0.0
22.196796116704807,0.192058,0.10401800000000001
22.31121259153318,0.190418,0.157383
22.425629066361555,0.198436,0.0
22.540045541189933,0.169456,0.00159844
22.654462016018307,0.169485,0.00331819
22.76887849084668,0.132799,0.00329967
22.88329496567506,0.110082,0.0
22.997711440503434,0.08936749999999999,0.0
23.112127915331808,0.0569034,0.013367400000000002
23.226544390160182,0.0568073,0.0647928
23.34096086498856,0.0289774,0.117434
23.455377339816934,0.0465179,0.0421261
23.56979381464531,0.121609,0.133582
23.684210289473686,0.0173292,0.0006702839999999999
23.79862676430206,0.0566576,0.0149594
23.913043239130435,0.1343,0.0
24.027459713958812,0.0293134,0.0
24.141876188787187,0.10791700000000001,0.0
24.25629266361556,0.17511400000000002,0.159676
24.370709138443935,0.17541099999999998,0.007684399999999999
24.485125613272313,0.22733000000000003,0.18751199999999998
24.599542088100687,0.29082399999999997,0.338354
24.71395856292906,0.611395,0.210387
24.82837503775744,0.185823,0.184383
24.942791512585814,0.16208399999999998,0.0
25.057207987414188,0.174274,0.047194099999999996
25.171624462242562,0.200973,0.0506689
25.28604093707094,0.222531,0.0
25.400457411899314,0.18628599999999998,0.00599733
25.51487388672769,0.183089,0.0
25.629290361556066,0.160459,0.0
25.74370683638444,0.153128,0.00115933
25.858123311212815,0.134831,3.0994699999999997e-05
25.972539786041192,0.106357,0.0
26.086956260869567,0.0879942,0.0
26.20137273569794,0.0780849,0.0
26.315789210526315,0.05529119999999999,0.0
26.430205685354693,0.0815677,0.0
26.544622160183067,0.0338267,0.0
26.65903863501144,0.022040200000000003,0.030699
26.77345510983982,0.0,0.0188453
26.887871584668193,0.0,0.0467036
27.002288059496568,0.0,0.00318743
27.116704534324942,0.064105,0.0396367
27.23112100915332,0.118854,0.0644589
27.345537483981694,0.146546,0.0
27.45995395881007,0.0431534,0.0
27.574370433638446,0.289993,0.19341
27.68878690846682,0.17970799999999998,0.18173399999999998
27.803203383295195,0.146839,0.18752
27.91761985812357,0.156193,0.123172
28.032036332951947,0.128893,0.0953206
28.14645280778032,0.184758,0.05365319999999999
28.260869282608695,0.172914,0.0227719
28.375285757437073,0.18993800000000002,0.201931
28.489702232265447,0.168653,0.0
28.60411870709382,0.151103,0.0109223
28.7185351819222,0.15181,0.0
28.832951656750573,0.139174,0.00454755
28.947368131578948,0.126969,0.0
29.061784606407322,0.10550699999999999,0.0958227
29.1762010812357,0.08884210000000001,0.00010613799999999999
29.290617556064074,0.071154,0.0
29.40503403089245,0.0576791,0.00151315
29.519450505720826,0.0,0.0
29.6338669805492,0.0,0.0
29.748283455377575,0.0271741,0.0
29.86269993020595,0.0037156999999999997,0.05424880000000001
29.977116405034327,0.0,0.039024699999999996
30.0915328798627,0.0,0.11391
30.205949354691075,0.0,0.0
30.320365829519453,0.0439171,0.0
30.434782304347827,0.116872,0.00396874
30.5491987791762,0.158832,0.0829347
30.66361525400458,0.170751,0.176282
30.778031728832953,0.181561,0.213273
30.892448203661328,0.16691199999999998,0.126609
31.006864678489702,0.148581,0.16939400000000002
31.12128115331808,0.175561,0.0662441
31.235697628146454,0.186435,0.0282925
31.35011410297483,0.178393,0.0545614
31.464530577803206,0.18876500000000002,0.0177996
31.57894705263158,0.18224500000000002,0.0125237
31.693363527459955,0.150418,0.00915505
31.80778000228833,0.14069700000000002,0.0120362
31.922196477116707,0.11734100000000001,0.0
32.03661295194508,0.0968165,0.0
32.151029426773455,0.104539,0.0
32.26544590160183,0.08436569999999999,0.00165845
32.379862376430204,0.0707306,0.12700799999999998
32.494278851258585,0.0694385,0.0
32.60869532608696,0.044189099999999995,0.00887582
32.72311180091533,0.0334755,0.020871900000000002
32.83752827574371,0.06297140000000001,0.024519
32.95194475057208,0.0185792,0.019051
33.066361225400456,0.010266899999999999,0.0377324
33.18077770022883,0.0,0.0
33.29519417505721,0.00505583,0.0459728
33.409610649885586,0.058069,0.053849400000000006
33.52402712471396,0.149092,0.0056841
33.638443599542335,0.155344,0.0
33.75286007437071,0.14343599999999998,0.16860999999999998
33.86727654919908,0.101437,0.246862
33.981693024027464,0.12281700000000001,0.155808
34.09610949885584,0.12212100000000001,0.08022760000000001
34.21052597368421,0.139782,0.05371889999999999
34.32494244851259,0.105874,0.0
34.43935892334096,0.143404,0.025263499999999998
34.553775398169336,0.13915,0.0
34.66819187299771,0.152998,0.00283202
34.78260834782609,0.140508,0.00274305
34.897024822654465,0.13203,0.0
35.01144129748284,0.0669704,0.0072098
35.125857772311214,0.111073,0.0014347000000000001
35.24027424713959,0.0982307,0.0
35.35469072196796,0.0817645,0.18576199999999998
35.46910719679634,0.0687008,0.0865053
35.58352367162472,0.0315111,0.00207959
35.69794014645309,0.027979400000000005,0.027079200000000005
35.81235662128147,0.012417000000000001,0.033231699999999996
35.92677309610984,0.0152845,0.035992699999999996
36.041189570938215,0.0,0.0
36.15560604576659,0.05831669999999999,0.26342
36.270022520594964,0.00101697,0.00021998799999999998
36.384438995423345,0.01027,0.00208525
36.49885547025172,0.050089800000000004,0.00335535
36.61327194508009,0.5893550000000001,0.0034691
36.72768841990847,0.074429,0.031249799999999998
36.84210489473684,0.11189400000000001,0.143968
36.956521369565216,0.08233710000000001,0.106769
37.07093784439359,0.07790230000000001,0.0
37.18535431922197,0.0706439,0.0
37.299770794050346,0.0215636,0.0252145
37.41418726887872,0.100789,0.056891599999999994
37.528603743707095,0.13304100000000002,0.021522200000000002
37.64302021853547,0.18804300000000002,0.033434500000000006
37.75743669336384,0.169005,0.0
37.87185316819222,0.140793,0.00846882
37.9862696430206,0.130298,0.00710842
38.10068611784897,0.12523399999999998,0.00180794
38.21510259267735,0.112651,0.0955585
38.32951906750572,0.09685260000000001,0.0
38.443935542334096,0.09053710000000001,0.0267988
38.55835201716247,0.0737042,0.118288
38.67276849199085,0.05681749999999999,0.111872
38.787184966819225,0.058445800000000006,0.0
38.9016014416476,0.0334284,0.0234553
39.016017916475974,0.055433,0.0281323
39.13043439130435,0.12231500000000001,0.0
39.24485086613272,0.00722033,0.0
39.3592673409611,0.00138226,0.000386505
39.47368381578948,0.0,0.00516029
39.58810029061785,0.066207,0.00845175
39.70251676544623,0.11905999999999999,0.0
39.8169332402746,0.0643926,0.0
39.931349715102975,0.0818176,0.122302
40.04576618993135,0.884706,0.0693954
40.16018266475972,0.06891289999999999,0.124573
40.274599139588105,0.045053300000000004,0.0
40.38901561441648,0.08624730000000001,0.0498899
40.50343208924485,0.0,0.0164542
40.61784856407323,0.13630699999999998,0.0
40.7322650389016,0.132237,0.0
40.846681513729976,0.164393,0.00865213
40.96109798855835,0.117224,0.00793475
41.07551446338673,0.114293,0.00703166
41.189930938215106,0.121179,0.00114558
41.30434741304348,0.114659,0.0
41.418763887871854,0.10061200000000001,0.00227659
41.53318036270023,0.0949602,0.00458434
41.6475968375286,0.046224699999999994,0.0
41.76201331235698,0.0,0.0112614
41.87642978718536,0.017826400000000003,0.0
41.99084626201373,0.008601799999999998,0.0192489
42.10526273684211,0.0628485,0.00534982
42.21967921167048,0.0,0.0
42.334095686498856,0.0121368,0.0
42.44851216132723,0.0,0.0
42.562928636155604,0.0,0.00043103900000000003
42.677345110983985,0.0,0.0
42.79176158581236,0.046106699999999994,0.0436549
42.906178060640734,0.044969199999999994,0.110893
43.02059453546911,0.0812174,0.0
43.13501101029748,0.050227999999999995,0.113425
43.24942748512586,0.05284880000000001,0.11822200000000001
43.36384395995424,0.04670440000000001,0.07346889999999999
43.47826043478261,0.041162,0.0
43.59267690961099,0.06994249999999999,0.00687171
43.70709338443936,0.11973099999999999,0.016950299999999998
43.821509859267735,0.202307,0.00158405
43.93592633409611,0.181135,0.00810212
44.05034280892448,0.158249,0.00740892
44.164759283752865,0.13931500000000002,0.00628155
44.27917575858124,0.139212,0.0
44.39359223340961,0.12125699999999999,0.0
44.50800870823799,0.10776600000000001,0.00608944
44.62242518306636,0.10605999999999999,0.0477671
44.736841657894736,0.0970742,0.0924985
44.85125813272311,0.0706351,0.18808
44.96567460755149,0.059081600000000005,0.110181
45.080091082379866,0.0458157,0.0
45.19450755720824,0.0374221,0.0
45.308924032036614,0.0,0.0
45.42334050686499,0.020972,0.0
45.53775698169336,0.0165487,0.029664199999999998
45.65217345652174,0.0128255,0.0
45.76658993135012,0.0,0.0009581889999999999
