,gamma,gamma_dot
0.14124293644067798,0.0,0.168021
0.28248587288135596,0.564078,0.128951
0.42372880932203394,0.597188,0.0
0.5649717457627119,0.42751000000000006,0.020902200000000003
0.7062146822033899,0.38209099999999996,0.163947
0.8474576186440679,0.339425,0.330173
0.9887005550847459,0.139573,0.165278
1.1299434915254238,0.035732,0.19976300000000002
1.2711864279661018,0.0,0.21233000000000002
1.4124293644067798,0.00105154,0.0447985
1.5536723008474578,0.0,0.0
1.6949152372881358,0.0,0.240988
1.8361581737288137,0.0,0.203679
1.9774011101694917,0.0,0.341758
2.1186440466101697,0.0,0.30496999999999996
2.2598869830508477,0.0,0.0
2.4011299194915257,0.0,0.0867197
2.5423728559322036,0.0,0.0
2.6836157923728816,0.0,0.0
2.8248587288135596,0.7833439999999999,0.13559100000000002
2.9661016652542376,0.664405,0.8716870000000001
3.1073446016949156,0.27455100000000005,0.667503
3.2485875381355935,0.682805,0.0
3.3898304745762715,0.0,0.0597443
3.5310734110169495,0.34844400000000003,0.0
3.6723163474576275,0.33313200000000004,0.0
3.8135592838983055,0.372797,0.455279
3.9548022203389834,0.357047,0.470937
4.096045156779661,0.149573,0.159093
4.237288093220339,0.08159730000000001,0.274875
4.378531029661017,0.011424799999999999,0.0
4.519773966101695,0.0,0.050424300000000005
4.661016902542373,0.0,0.0
4.802259838983051,0.0,0.24565
4.943502775423729,0.0,0.0
5.084745711864407,0.0,0.31950100000000003
5.225988648305085,0.0,0.0
5.367231584745763,0.0,0.0
5.508474521186441,0.0,0.08588939999999999
5.649717457627119,0.0,0.0
5.790960394067797,0.36592199999999997,0.0
5.932203330508475,0.770997,0.33150999999999997
6.073446266949153,0.80833,0.858525
6.214689203389831,0.24235399999999999,0.849783
6.355932139830509,0.6671199999999999,0.0
6.497175076271187,0.0,0.06296979999999999
6.638418012711865,0.0,0.0
6.779660949152543,0.32943,0.0
6.920903885593221,0.29380100000000003,0.319294
7.062146822033899,0.342915,0.32685
7.203389758474577,0.148355,0.167509
7.344632694915255,0.0886592,0.192449
7.485875631355933,0.0259957,0.154353
7.627118567796611,0.00123858,0.0
7.768361504237289,0.0,0.0
7.909604440677967,0.0,0.115951
8.050847377118645,0.0,0.0499337
8.192090313559323,0.0,0.33421799999999996
8.33333325,0.0,0.284704
8.474576186440679,0.0,0.0
8.615819122881357,0.0,0.134997
8.757062059322035,0.0,0.0
8.898304995762713,0.36481399999999997,0.0
9.03954793220339,0.7322890000000001,0.8197620000000001
9.180790868644069,0.723426,0.855484
9.322033805084747,0.5815060000000001,0.8471200000000001
9.463276741525425,0.665764,0.46112200000000003
9.604519677966103,0.0,0.0614989
9.74576261440678,0.0,0.0
9.887005550847459,0.344794,0.0331042
10.028248487288137,0.265656,0.36694499999999997
10.169491423728815,0.28327399999999997,0.327113
10.310734360169493,0.153861,0.0903381
10.45197729661017,0.0819217,0.0
10.593220233050848,0.0177785,0.0
10.734463169491526,0.000868006,0.0498264
10.875706105932204,0.0,0.0
11.016949042372882,0.0,0.114856
11.15819197881356,0.0,0.0461399
11.299434915254238,0.0,0.29994
11.440677851694916,0.0,0.283631
11.581920788135594,0.0,0.0
11.723163724576272,0.0,0.0871717
11.86440666101695,0.0,0.00357335
12.005649597457628,0.36196500000000004,0.0
12.146892533898306,0.48437399999999997,0.052478
12.288135470338984,0.728241,0.846462
12.429378406779662,0.822292,0.642258
12.57062134322034,0.662745,0.600424
12.711864279661018,0.0,0.0593456
12.853107216101696,0.0,0.0230718
12.994350152542374,0.0,0.0455314
13.135593088983052,0.289773,0.455984
13.27683602542373,0.274404,0.426497
13.418078961864408,0.151955,0.167242
13.559321898305086,0.041494,0.0
13.700564834745764,0.0119322,0.0
13.841807771186442,0.000781126,0.0
13.98305070762712,0.0,0.0
14.124293644067798,0.0,0.11669500000000001
14.265536580508476,0.0,0.048673900000000006
14.406779516949154,0.0,0.350839
14.548022453389832,0.0,0.31664899999999996
14.68926538983051,0.0,0.0
14.830508326271188,0.0,0.12534
14.971751262711866,0.0,0.0
15.112994199152544,0.35651900000000003,0.0
15.254237135593222,0.477786,0.0
15.3954800720339,0.718968,0.604661
15.536723008474578,0.23669899999999996,0.795003
15.677965944915256,0.667205,0.260108
15.819208881355934,0.0,0.06100930000000001
15.960451817796612,0.0,0.0
16.10169475423729,0.355551,0.0223438
16.24293769067797,0.29136999999999996,0.358659
16.384180627118646,0.279916,0.323173
16.525423563559322,0.16786199999999998,0.158951
16.6666665,0.04248590000000001,0.0
16.80790943644068,0.0268012,0.117256
16.949152372881358,0.0,0.045638
17.090395309322034,0.0,0.0
17.231638245762714,0.0,0.11553499999999998
17.372881182203393,0.0,0.0446094
17.51412411864407,0.0,0.545743
17.655367055084746,0.0,0.288465
17.796609991525425,0.0,0.0
17.937852927966105,0.0,0.085663
18.07909586440678,0.0,0.0
18.220338800847458,0.349429,0.0
18.361581737288137,0.469042,0.164787
18.502824673728817,0.703766,0.788033
18.644067610169493,0.79442,0.242037
18.78531054661017,0.6714829999999999,0.272357
18.92655348305085,0.0,0.0
19.06779641949153,0.0,0.0
19.209039355932205,0.0,0.0733919
19.35028229237288,0.262832,0.315287
19.49152522881356,0.0914087,0.312315
19.63276816525424,0.150199,0.166914
19.774011101694917,0.0412286,0.0
19.915254038135593,0.0284096,0.113801
20.056496974576273,0.0,0.0
20.197739911016953,0.0,0.0
20.33898284745763,0.0,0.117575
20.480225783898305,0.0,0.0472353
20.621468720338985,0.0,0.36044
20.762711656779665,0.0,0.12321300000000002
20.90395459322034,0.0,0.0
21.045197529661017,0.0,0.12328399999999999
21.186440466101697,0.0,0.00305244
21.327683402542377,0.343279,0.0
21.468926338983053,0.46158999999999994,0.11560999999999999
21.61016927542373,0.692753,0.845757
21.75141221186441,0.782012,0.471396
21.89265514830509,0.676832,0.202119
22.033898084745765,0.0,0.056892599999999995
22.17514102118644,0.0,0.0
22.31638395762712,0.256348,0.191405
22.4576268940678,0.20628600000000002,0.362564
22.598869830508477,0.20967199999999997,0.419378
22.740112766949153,0.177399,0.282752
22.881355703389833,0.0642728,0.0
23.022598639830512,0.0279064,0.123643
23.16384157627119,0.0,0.0436043
23.305084512711865,0.0,0.0
23.446327449152545,0.0,0.0
23.587570385593224,0.0,0.0406472
23.7288133220339,0.0,0.0908345
23.870056258474577,0.0,0.0
24.011299194915257,0.0,0.0
24.152542131355936,0.0,0.127594
24.293785067796613,0.0,0.00577885
24.43502800423729,0.339319,0.0
24.57627094067797,0.45666999999999996,0.110975
24.71751387711865,0.682595,0.809317
24.858756813559324,0.771645,0.472608
24.99999975,0.673676,0.26332
25.14124268644068,0.176561,0.0587732
25.28248562288136,0.0,0.0
25.423728559322036,0.0,0.0
25.564971495762713,0.08155060000000001,0.30435999999999996
25.706214432203392,0.133266,0.47630200000000006
25.847457368644072,0.168738,0.16297
25.98870030508475,0.0170605,0.0
26.129943241525424,0.0275137,0.0
26.271186177966104,0.00102016,0.0516739
26.412429114406784,0.0,0.0
26.55367205084746,0.0,0.0
26.694914987288136,0.0,0.0423164
26.836157923728816,0.0,0.229783
26.977400860169496,0.0,0.269757
27.118643796610172,0.0,0.0
27.25988673305085,0.0,0.128834
27.401129669491528,0.0,0.0037111999999999996
27.542372605932208,0.336949,0.0
27.683615542372884,0.454002,0.233355
27.82485847881356,0.6809890000000001,0.813609
27.96610141525424,0.768087,0.750663
28.10734435169492,0.316909,0.201578
28.248587288135596,0.459319,0.154972
28.389830224576272,0.0,0.0256165
28.531073161016952,0.0,0.017335
28.67231609745763,0.29580300000000004,0.35368299999999997
28.813559033898308,0.1179,0.46312700000000007
28.954801970338984,0.167034,0.07618319999999999
29.096044906779664,0.0620052,0.0938502
29.237287843220344,0.0270226,0.0
29.37853077966102,0.0034118000000000004,0.0
29.519773716101696,0.0,0.0
29.661016652542376,0.0,0.22796799999999998
29.802259588983055,0.0,0.038494400000000005
29.94350252542373,0.0,0.304695
30.084745461864408,0.0,0.287585
30.225988398305088,0.0,0.0
30.367231334745767,0.0,0.0
30.508474271186444,0.0,0.00380688
30.64971720762712,0.332301,0.0
30.7909601440678,0.448243,0.0948102
30.93220308050848,0.66964,0.799053
31.073446016949156,0.756376,0.76427
31.21468895338983,0.668775,0.265525
31.35593188983051,0.17585499999999998,0.0
31.49717482627119,0.0,0.0274309
31.638417762711867,0.0,0.278578
31.779660699152544,0.260024,0.457157
31.920903635593223,0.208402,0.40972200000000003
32.0621465720339,0.16554000000000002,0.162457
32.20338950847458,0.0169307,0.0758532
32.344632444915256,0.0265732,0.0
32.48587538135594,0.0,0.0
32.627118317796615,0.0,0.0
32.76836125423729,0.0,0.12353099999999999
32.90960419067797,0.0,0.24008400000000002
33.050847127118644,0.0,0.0
33.19209006355933,0.0,0.269748
33.333333,0.0,0.0
33.47457593644068,0.0,0.13902899999999999
33.61581887288136,0.0,0.00375012
33.75706180932204,0.388358,0.0
33.898304745762715,0.517207,0.221956
34.03954768220339,0.667374,0.79246
34.18079061864407,0.752026,0.46462
34.32203355508475,0.245204,0.200991
34.46327649152543,0.0,0.156925
34.6045194279661,0.0,0.0242879
34.74576236440679,0.0,0.0
34.88700530084746,0.226323,0.461541
35.02824823728814,0.17321199999999998,0.289238
35.169491173728815,0.163149,0.0747314
35.31073411016949,0.0156622,0.135978
35.451977046610175,0.0260116,0.11944300000000001
35.59321998305085,0.00133516,0.0471134
35.73446291949153,0.0,0.0
35.87570585593221,0.0,0.270794
36.01694879237289,0.0,0.057942999999999995
36.15819172881356,0.0,0.306473
36.29943466525424,0.0,0.288901
36.440677601694915,0.0,0.0
36.5819205381356,0.0,0.058431899999999995
36.723163474576275,0.0,0.0
36.86440641101695,0.38337899999999997,0.0
37.005649347457634,0.510584,0.0909593
37.14689228389831,0.654512,0.791215
37.28813522033899,0.738648,0.759596
37.42937815677966,0.314542,0.262209
37.57062109322034,0.17502,0.15653399999999998
37.71186402966102,0.0,0.0247228
37.8531069661017,0.0,0.022937799999999998
37.994349902542375,0.170759,0.374335
38.13559283898306,0.201037,0.399331
38.276835775423734,0.10611199999999998,0.07005019999999999
38.41807871186441,0.0361043,0.0
38.55932164830509,0.025537099999999997,0.1237
38.70056458474576,0.000328471,0.0972647
38.841807521186446,0.0,0.0
38.98305045762712,0.0,0.185141
39.1242933940678,0.0,0.24006599999999997
39.26553633050848,0.0,0.359323
39.40677926694916,0.0,0.319984
39.548022203389834,0.0,0.0
39.68926513983051,0.0,0.08269639999999999
39.83050807627119,0.0,0.00381878
39.97175101271187,0.378498,0.0
40.112993949152546,0.505425,0.147626
40.25423688559322,0.6589079999999999,0.8041689999999999
40.395479822033906,0.733269,0.756367
40.53672275847458,0.557836,0.0
40.67796569491526,0.169153,0.159753
40.819208631355934,0.397597,0.0
40.96045156779661,0.0,0.0203295
41.101694504237294,0.19629000000000002,0.289752
41.24293744067797,0.104026,0.257162
41.384180377118646,0.158657,0.0730357
41.52542331355933,0.015382,0.189222
41.666666250000006,0.014934799999999998,0.119629
41.80790918644068,0.00286986,0.06716939999999999
41.94915212288136,0.0,0.0
42.090395059322034,0.0,0.270906
42.23163799576272,0.0,0.0
42.372880932203394,0.0,0.361464
42.51412386864407,0.0,0.290567
42.65536680508475,0.0,0.0
42.79660974152543,0.0,0.0619861
42.937852677966106,0.0,0.0
43.07909561440678,0.37241199999999997,0.0
43.22033855084746,0.497424,0.149643
43.36158148728814,0.636704,0.78089
43.50282442372882,0.717783,0.7515350000000001
43.644067360169494,0.476488,0.278825
43.78531029661018,0.26508699999999996,0.215725
43.92655323305085,0.0,0.021618099999999998
44.06779616949153,0.0,0.0
44.209039105932206,0.273117,0.20337
44.35028204237288,0.21576900000000002,0.258781
44.491524978813565,0.101962,0.0677195
44.63276791525424,0.0339298,0.0425116
44.77401085169492,0.0242778,0.0
44.9152537881356,0.00188539,0.0933117
45.05649672457628,0.0,0.0
45.19773966101695,0.0,0.282991
45.33898259745763,0.0,0.212213
45.480225533898306,0.0,0.317377
45.62146847033899,0.0,0.330463
45.762711406779665,0.0,0.0
45.90395434322034,0.0,0.12331199999999999
46.045197279661025,0.0,0.00392046
46.1864402161017,0.366666,0.0
46.32768315254238,0.47943,0.196913
46.46892608898305,0.640576,0.82031
46.61016902542373,0.7110390000000001,0.44366000000000005
46.75141196186441,0.44506899999999994,0.199347
46.89265489830509,0.0,0.21247399999999997
47.033897834745765,0.0,0.0201798
47.17514077118645,0.0,0.0347515
47.316383707627125,0.21339,0.192592
47.4576266440678,0.28195,0.0890595
47.59886958050848,0.185468,0.06429630000000001
47.740112516949154,0.0356982,0.0
47.88135545338984,0.020624700000000003,0.0
48.02259838983051,0.0,0.0
48.16384132627119,0.0,0.0
48.30508426271187,0.0,0.271948
48.44632719915255,0.0,0.0397765
48.587570135593225,0.0,0.317822
48.7288130720339,0.0,0.292844
48.87005600847458,0.0,0.0
49.01129894491526,0.0,0.15004
49.15254188135594,0.0,0.0
49.29378481779661,0.359079,0.0
49.4350277542373,0.481422,0.281711
49.57627069067797,0.732256,0.770016
49.71751362711865,0.724795,0.767126
49.858756563559325,0.47471199999999997,0.287955
49.9999995,0.49473999999999996,0.21638600000000002
50.141242436440685,0.0,0.022828099999999997
50.28248537288136,0.0,0.0404289
50.42372830932204,0.31393699999999997,0.25002199999999997
50.56497124576272,0.233611,0.0869603
50.7062141822034,0.0973919,0.0651242
50.84745711864407,0.0714553,0.0
50.98870005508475,0.022977,0.120816
51.129942991525425,0.00185622,0.0327982
51.27118592796611,0.0,0.0
51.412428864406785,0.0,0.285885
51.55367180084746,0.0,0.247648
51.694914737288144,0.0,0.47303599999999996
51.83615767372882,0.0,0.331529
51.9774006101695,0.0,0.0
52.11864354661017,0.0,0.125134
52.25988648305085,0.0,0.0
52.40112941949153,0.352189,0.0
52.54237235593221,0.461872,0.153544
52.683615292372885,0.618322,0.785475
52.82485822881357,0.684218,0.785832
52.966101165254244,0.47664399999999996,0.280426
53.10734410169492,0.271179,0.249493
53.2485870381356,0.21022800000000003,0.0
53.38982997457627,0.0,0.0353023
53.531072911016956,0.314691,0.3544
53.67231584745763,0.276589,0.08934910000000001
53.81355878389831,0.154997,0.0681346
53.95480172033899,0.0644763,0.0
54.09604465677967,0.0222597,0.116444
54.237287593220344,0.00193652,0.0
54.37853052966102,0.0,0.0
54.5197734661017,0.0,0.29024099999999997
54.66101640254238,0.0,0.24140100000000003
54.802259338983056,0.0,0.444237
54.94350227542373,0.0,0.304793
55.084745211864416,0.0,0.0
55.22598814830509,0.0,0.156872
55.36723108474577,0.0,0.00425148
55.508474021186444,0.342638,0.0
55.64971695762712,0.46162299999999995,0.09882139999999999
55.790959894067804,0.739911,0.781621
55.93220283050848,0.662359,0.760284
56.073445766949156,0.47475200000000006,0.303128
56.21468870338984,0.0,0.194971
56.355931639830516,0.126462,0.0
56.49717457627119,0.0,0.0209405
