,x,xdot
1e-06,-2.00001e-07,-0.20000199999999999
6e-06,-1.20003e-06,-0.20001
3.1e-05,-6.20077e-06,-0.20005
0.000156,-3.12195e-05,-0.20025
0.000781,-0.000156688,-0.20125099999999999
0.003906,-0.000793457,-0.206289
0.019531,-0.00421795,-0.232273
0.0567904,-0.014112799999999998,-0.300456
0.0994778,-0.028842400000000004,-0.39256399999999997
0.142165,-0.0479237,-0.505549
0.17906,-0.0687303,-0.62657
0.215955,-0.0945187,-0.7770130000000001
0.252849,-0.12654300000000002,-0.9663860000000001
0.28439200000000003,-0.16009600000000002,-1.1679
0.315934,-0.200695,-1.41464
0.347476,-0.24990199999999999,-1.7150299999999998
0.379019,-0.30952399999999997,-2.07587
0.41056099999999995,-0.38151599999999997,-2.49892
0.44210299999999997,-0.467733,-2.97502
0.47843,-0.586272,-3.55062
0.5065850000000001,-0.692192,-3.96291
0.53474,-0.808505,-4.27701
0.5593199999999999,-0.9156299999999999,-4.41383
0.5839,-1.0240799999999999,-4.37986
0.60848,-1.1294,-4.15835
0.6330600000000001,-1.2271,-3.76641
0.6590630000000001,-1.31816,-3.22079
0.679802,-1.38,-2.74001
0.700541,-1.43182,-2.26039
0.72128,-1.47397,-1.8117
0.743152,-1.5089,-1.3926
0.76466,-1.5349899999999999,-1.04372
0.786442,-1.55446,-0.7545149999999999
0.8082239999999999,-1.56828,-0.524338
0.8300059999999999,-1.5776700000000001,-0.344984
0.8517879999999999,-1.58362,-0.207637
0.8735700000000001,-1.58696,-0.104047
0.895351,-1.5883399999999999,-0.0270704
0.917133,-1.58829,0.0291887
0.9389149999999999,-1.5871899999999999,0.06944789999999999
0.9615100000000001,-1.5852700000000002,0.09824989999999999
0.985273,-1.58269,0.117727
1.0104,-1.5795700000000001,0.12928199999999998
1.0370700000000002,-1.5760399999999999,0.134036
1.0655,-1.57223,0.132902
1.0959299999999998,-1.56827,0.126621
1.1286399999999999,-1.5643,0.11579
1.16398,-1.56046,0.100899
1.20246,-1.55693,0.08233589999999999
1.24491,-1.5539,0.06036609999999999
1.29318,-1.5516,0.03491319999999999
1.35537,-1.5504200000000001,0.00341319
1.4054,-1.55083,-0.019488099999999998
1.45544,-1.5523200000000001,-0.0392099
1.50548,-1.55469,-0.0550358
1.54942,-1.55735,-0.0653033
1.59336,-1.5603799999999999,-0.07192989999999999
1.63731,-1.56362,-0.0747972
1.68125,-1.5669,-0.0738916
1.7252,-1.57006,-0.06929210000000001
1.7691400000000002,-1.57294,-0.0611559
1.81309,-1.57538,-0.0497025
1.85703,-1.57726,-0.035197000000000006
1.90097,-1.57844,-0.0179351
1.94492,-1.5788,0.00176986
1.9888599999999999,-1.57825,0.023597999999999997
2.03393,-1.57665,0.047857199999999996
2.0805599999999997,-1.5738,0.0745971
2.12934,-1.56945,0.10396300000000001
2.1812,-1.56322,0.136326
2.23813,-1.55443,0.172673
2.3069900000000003,-1.54101,0.217023
2.36659,-1.52694,0.25505700000000003
2.42618,-1.51063,0.29216
2.48577,-1.49215,0.327771
2.54537,-1.4716,0.36133899999999997
2.6049599999999997,-1.44913,0.392314
2.66456,-1.4249100000000001,0.420141
2.72415,-1.39913,0.444254
2.78375,-1.37204,0.464066
2.84334,-1.34391,0.478966
2.90294,-1.3150600000000001,0.488314
2.96253,-1.2858399999999999,0.491439
3.02484,-1.2553,0.48729700000000004
3.09101,-1.22345,0.47371199999999997
3.1625,-1.19046,0.447329
3.2419700000000002,-1.15658,0.402462
3.33701,-1.12176,0.32606599999999997
3.4331300000000002,-1.09513,0.22403800000000001
3.52925,-1.07935,0.10155499999999999
3.6253800000000003,-1.07592,-0.0305829
3.7274800000000003,-1.0859,-0.16100599999999998
3.8126300000000004,-1.10331,-0.242125
3.8977800000000005,-1.12596,-0.282035
3.98293,-1.14993,-0.272552
4.06556,-1.17046,-0.21743400000000002
4.13693,-1.18336,-0.13992000000000002
4.20829,-1.1899600000000001,-0.0422812
4.27966,-1.18907,0.069052
4.35102,-1.17987,0.189992
4.42681,-1.16032,0.327793
4.5079199999999995,-1.12731,0.489241
4.58902,-1.08031,0.674988
4.65482,-1.03011,0.857057
4.720619999999999,-0.966454,1.08819
4.78643,-0.885044,1.40497
4.83715,-0.805506,1.75036
4.8745199999999995,-0.733925,2.09715
4.9054400000000005,-0.663511,2.47341
4.93193,-0.592726,2.8866400000000003
4.95522,-0.5203909999999999,3.34355
4.9785,-0.436129,3.91627
4.99719,-0.357788,4.48302
5.01589,-0.267784,5.167669999999999
5.03199,-0.179099,5.86878
5.048080000000001,-0.0782046,6.6863
5.06418,0.036835,7.626239999999999
5.08028,0.16794800000000001,8.68
5.09638,0.316725,9.8115
5.11268,0.48610699999999996,10.9541
5.12504,0.626329,11.7308
5.13592,0.757081,12.2758
5.1468,0.8927309999999999,12.6195
5.156280000000001,1.01292,12.7038
5.16575,1.1328200000000002,12.5529
5.17523,1.2501,12.1515
5.18471,1.3624100000000001,11.5076
5.19419,1.4675799999999999,10.6534
5.2051,1.57755,9.47918
5.214230000000001,1.65925,8.40752
5.22336,1.7310299999999998,7.31703
5.23249,1.7929700000000002,6.258430000000001
5.241619999999999,1.84555,5.2702599999999995
5.25138,1.89222,4.32043
5.26074,1.92884,3.5247
5.2701,1.95855,2.84405
5.27836,1.9798799999999999,2.3343700000000003
5.28661,1.9973299999999998,1.9026900000000002
5.2948699999999995,2.0115,1.54056
5.30313,2.02294,1.23911
5.31139,2.03212,0.9897360000000001
5.31965,2.0394200000000002,0.7844369999999999
5.32791,2.0451799999999998,0.616063
5.3364199999999995,2.0498,0.47455600000000003
5.3452,2.05342,0.356658
5.35426,2.0562,0.258921
5.36367,2.05824,0.178304
5.37346,2.05965,0.112169
5.38368,2.06051,0.058222300000000005
5.39438,2.06089,0.0144679
5.40563,2.0608400000000002,-0.0208298
5.41748,2.06042,-0.0491767
5.43002,2.05965,-0.0718743
5.44332,2.05857,-0.0900416
5.4575,2.0571900000000003,-0.10463399999999999
5.47265,2.05551,-0.116459
5.48893,2.05353,-0.126192
5.506480000000001,2.05124,-0.134391
5.52548,2.04862,-0.141502
5.546119999999999,2.04563,-0.147873
5.56859,2.04224,-0.153752
5.59302,2.03841,-0.15929100000000002
5.6194,2.0341400000000003,-0.16453299999999998
5.6475,2.02945,-0.169426
5.676880000000001,2.0244,-0.17385
5.7070099999999995,2.0191,-0.177673
5.737509999999999,2.01364,-0.180796
5.768009999999999,2.00808,-0.183149
5.7985,2.00247,-0.18470699999999998
5.829,1.9968299999999999,-0.185451
5.85949,1.99117,-0.185362
5.88999,1.98553,-0.184429
5.9208,1.97987,-0.182622
5.95161,1.97429,-0.179948
5.98276,1.9687299999999999,-0.176371
6.0139,1.9633099999999999,-0.171933
6.04558,1.9579400000000002,-0.16656300000000002
6.07765,1.9527,-0.160281
6.11017,1.9476,-0.153092
6.14323,1.9426700000000001,-0.144999
6.17696,1.93793,-0.13600399999999999
6.2115,1.9334,-0.126109
6.24709,1.9291099999999999,-0.11530699999999999
6.28404,1.9250599999999998,-0.10357100000000001
6.32291,1.9212799999999999,-0.090827
6.3648,1.91777,-0.07685449999999999
6.41292,1.9144599999999998,-0.06080990000000001
6.45699,1.9121,-0.0464442
6.50106,1.9103599999999998,-0.0326947
6.53891,1.90933,-0.021596
6.57675,1.90871,-0.0113305
6.61459,1.9084599999999998,-0.00205376
6.6524399999999995,1.9085400000000001,0.00609579
6.6902800000000004,1.9089099999999999,0.0129988
6.723669999999999,1.90943,0.0179748
6.757060000000001,1.91009,0.0218507
6.79045,1.91087,0.024587099999999997
6.82383,1.91172,0.0261586
6.85722,1.91261,0.026553500000000004
6.890610000000001,1.9134799999999998,0.0257733
6.9239999999999995,1.91431,0.023831900000000003
6.957389999999999,1.9150599999999998,0.0207552
6.9907699999999995,1.9156900000000001,0.0165797
7.02416,1.9161599999999999,0.011352
7.05755,1.9164299999999999,0.00512719
7.09094,1.9164900000000002,-0.00203152
7.1243300000000005,1.91629,-0.010054299999999999
7.158110000000001,1.9158,-0.0189736
7.192480000000001,1.91498,-0.028791200000000003
7.2276,1.91378,-0.0395005
7.26368,1.91215,-0.0511049
7.30098,1.9100099999999998,-0.0636292
7.3399399999999995,1.90727,-0.077142
7.38134,1.90378,-0.0918125
7.426889999999999,1.8992200000000001,-0.108117
7.484380000000001,1.89242,-0.128565
7.52755,1.88654,-0.143554
7.57072,1.8800299999999999,-0.158001
7.6139,1.8729099999999999,-0.171703
7.651680000000001,1.86621,-0.182929
7.68946,1.8591,-0.193305
7.727239999999999,1.85162,-0.202707
7.76502,1.8438,-0.211017
7.8028,1.83569,-0.218121
7.84058,1.82733,-0.22391599999999998
7.878360000000001,1.8187799999999998,-0.228304
7.9161399999999995,1.8101,-0.2312
7.95392,1.8013299999999999,-0.23253000000000001
7.9917,1.79255,-0.232235
8.02949,1.78381,-0.23027199999999998
8.067269999999999,1.7751700000000001,-0.226613
8.10505,1.7667,-0.221255
8.14283,1.75847,-0.214214
8.18061,1.7505400000000002,-0.205531
8.21839,1.7429599999999998,-0.195273
8.25617,1.7358,-0.183535
8.29466,1.7289900000000002,-0.170182
8.33415,1.7225599999999999,-0.15517899999999998
8.37497,1.7165700000000002,-0.138511
8.41755,1.7110599999999998,-0.12014100000000001
8.46267,1.70609,-0.0999414
8.512089999999999,1.7017,-0.0774637
8.57293,1.69783,-0.0501443
8.62054,1.69593,-0.0297346
8.66815,1.69497,-0.0107619
8.71575,1.69487,0.00627281
8.7563,1.6953900000000002,0.0189169
8.79684,1.69638,0.029597599999999998
8.83739,1.69776,0.0381247
8.877939999999999,1.69944,0.044355900000000004
8.91848,1.70133,0.048197699999999996
8.95903,1.7033200000000002,0.0496054
8.99957,1.7053200000000002,0.04858030000000001
9.04012,1.70723,0.0451661
9.08066,1.70895,0.039444099999999996
9.121210000000001,1.71039,0.031528
9.161760000000001,1.71148,0.021557800000000002
9.2023,1.71212,0.00969503
9.24285,1.7122400000000002,-0.00388288
9.283389999999999,1.7117799999999999,-0.0189866
9.323939999999999,1.71068,-0.035419
9.364980000000001,1.7088700000000001,-0.053198
9.4074,1.7062,-0.07256119999999999
9.45177,1.70252,-0.09363880000000001
9.49902,1.69755,-0.11670799999999999
9.55118,1.6907900000000002,-0.142548
9.61742,1.6802599999999999,-0.175275
9.66773,1.67083,-0.199575
9.71805,1.66019,-0.22298
9.768360000000001,1.64841,-0.24512199999999998
9.81867,1.6355600000000001,-0.26563400000000004
9.862689999999999,1.6235,-0.281958
9.90671,1.61076,-0.29651500000000003
9.95073,1.59742,-0.309067
9.99475,1.58358,-0.31938
10.0388,1.56934,-0.327227
10.0828,1.55481,-0.332389
10.1268,1.5401200000000002,-0.33466
10.1708,1.52539,-0.333851
10.2148,1.5107700000000002,-0.329798
10.2599,1.49607,-0.322153
10.3059,1.4815200000000002,-0.310607
10.3529,1.46727,-0.29483899999999996
10.4012,1.4535,-0.27452600000000005
10.450999999999999,1.44044,-0.24936
10.5027,1.42832,-0.21906799999999998
10.5567,1.41743,-0.18343099999999998
10.6139,1.4081,-0.142275
10.6758,1.4007399999999999,-0.09534110000000001
10.7465,1.39591,-0.0413037
10.8148,1.3948,0.00803913
10.8831,1.39687,0.051234800000000004
10.9393,1.4006,0.08005219999999999
10.9956,1.40574,0.101272
11.0519,1.41184,0.113978
11.1081,1.4184,0.117747
11.1576,1.42415,0.113724
11.207,1.42953,0.10315799999999999
11.2564,1.43424,0.0865485
11.3058,1.4379899999999999,0.0645198
11.3552,1.44054,0.037758099999999996
11.4046,1.44166,0.00695833
11.4552,1.4411399999999999,-0.028020499999999997
11.5074,1.4386700000000001,-0.06718330000000002
11.562000000000001,1.43382,-0.110749
11.62,1.4259899999999999,-0.15933
11.6834,1.41415,-0.21439899999999998
11.7572,1.39593,-0.280335
11.8344,1.3715700000000002,-0.350987
11.9116,1.3417,-0.42302700000000004
11.9887,1.3062200000000002,-0.496679
12.0659,1.26496,-0.572814
12.1431,1.21767,-0.653265
12.2317,1.1553799999999999,-0.755384
12.3158,1.0871899999999999,-0.870475
12.3999,1.00806,-1.01935
12.4734,0.92684,-1.20138
12.5355,0.845772,-1.42384
12.5816,0.774976,-1.6581599999999999
12.6195,0.7075100000000001,-1.9195400000000002
12.6517,0.641177,-2.21385
12.6798,0.5745319999999999,-2.5463
12.7078,0.49726099999999995,-2.97553
12.73,0.426861,-3.40406
12.7521,0.345885,-3.93571
12.7707,0.267797,-4.48134
12.7893,0.178583,-5.13541
12.8079,0.07607339999999999,-5.91405
12.8238,-0.0241848,-6.68823
12.8397,-0.13755599999999998,-7.55857
12.8557,-0.265446,-8.5058
12.8722,-0.414653,-9.52139
12.887,-0.561595,-10.3777
12.8993,-0.6939,-10.9841
12.9117,-0.832672,-11.4099
12.9222,-0.953476,-11.5722
12.9327,-1.07483,-11.5095
12.9432,-1.19424,-11.1986
12.9537,-1.3090700000000002,-10.64
12.9642,-1.4168399999999999,-9.86116
12.9755,-1.52265,-8.83525
12.9855,-1.60628,-7.82694
12.9956,-1.6796,-6.789510000000001
13.0056,-1.7426,-5.77644
13.0156,-1.7957299999999998,-4.8289
13.0261,-1.84135,-3.94233
13.0362,-1.8774,-3.18987
13.0465,-1.9069,-2.53573
13.0555,-1.9274099999999998,-2.0573200000000003
13.0644,-1.94397,-1.6536400000000002
13.0734,-1.95723,-1.31641
13.0824,-1.96773,-1.03696
13.0913,-1.97595,-0.8069029999999999
13.1003,-1.9823099999999998,-0.618492
13.1093,-1.9871900000000002,-0.463133
13.1186,-1.9908700000000001,-0.33427199999999996
13.1282,-1.99355,-0.22776300000000002
13.1381,-1.9953599999999998,-0.140232
13.1485,-1.99642,-0.0688011
13.1592,-1.9968400000000002,-0.010990999999999999
13.1705,-1.99669,0.0353435
13.1823,-1.99604,0.0720577
13.1947,-1.9949599999999998,0.100754
13.2078,-1.99348,0.12280899999999999
13.2218,-1.99165,0.139399
13.2366,-1.9894900000000002,0.151518
13.2524,-1.9870299999999999,0.159998
13.2693,-1.98427,0.16552
13.2875,-1.9812299999999998,0.168629
13.307,-1.9779099999999998,0.169748
13.3282,-1.97432,0.169189
13.3512,-1.9704599999999999,0.167163
13.3759,-1.9663599999999999,0.163806
13.4027,-1.9620400000000002,0.159195
13.4312,-1.95757,0.153381
13.4615,-1.9530299999999998,0.146412
13.4933,-1.9485,0.13835
13.5265,-1.94407,0.129255
13.5609,-1.9397900000000001,0.11917799999999999
13.5967,-1.9357099999999998,0.108143
13.6343,-1.9318799999999998,0.09613010000000001
13.6743,-1.92829,0.083023
13.7185,-1.92495,0.06841649999999999
13.7673,-1.922,0.052480099999999995
13.8089,-1.92009,0.039351599999999994
13.8505,-1.91871,0.0268945
13.8921,-1.9178400000000002,0.015338
13.9276,-1.91745,0.00636012
13.963,-1.91737,-0.00169185
13.9985,-1.91756,-0.00871346
14.034,-1.91798,-0.0146157
14.0694,-1.91858,-0.0193259
14.1049,-1.91933,-0.0227886
14.1403,-1.92019,-0.024965599999999998
14.1758,-1.9210900000000002,-0.025836
14.2112,-1.922,-0.0253958
14.2467,-1.92288,-0.0236568
14.2822,-1.92366,-0.020646099999999997
14.3176,-1.92432,-0.0164044
14.3531,-1.92481,-0.010985
14.3885,-1.9250900000000002,-0.00445275
14.424000000000001,-1.9251200000000002,0.00311802
14.4594,-1.9248599999999998,0.0116442
14.4949,-1.92428,0.021035400000000003
14.5304,-1.92336,0.0311952
14.5658,-1.9220599999999999,0.0420221
14.602,-1.9203299999999999,0.05364540000000001
14.6394,-1.91809,0.06617089999999999
14.6787,-1.91523,0.0796888
14.7206,-1.9115799999999998,0.0944049
14.7673,-1.90678,0.110937
14.8158,-1.9009900000000002,0.127944
14.8591,-1.89513,0.142755
14.9024,-1.88864,0.157013
14.9456,-1.88156,0.170519
14.9831,-1.87496,0.181453
15.0205,-1.8679700000000001,0.191552
15.058,-1.8606200000000002,0.200696
15.0955,-1.85295,0.208771
15.1329,-1.845,0.215669
15.1704,-1.8368099999999998,0.22128899999999999
15.2078,-1.82844,0.225539
15.2453,-1.8199299999999998,0.228338
15.2827,-1.81135,0.229615
15.3202,-1.80275,0.22931500000000002
15.3577,-1.7941900000000002,0.22739600000000001
15.3951,-1.7857299999999998,0.22383499999999998
15.4326,-1.7774400000000001,0.218627
15.47,-1.76937,0.21179
15.5075,-1.7615900000000002,0.20336300000000002
15.545,-1.75416,0.19341
15.5824,-1.74712,0.182024
15.6205,-1.74042,0.16908199999999998
15.6597,-1.7340900000000001,0.154549
15.7,-1.72817,0.13841099999999998
15.7421,-1.72272,0.12063299999999999
15.7866,-1.7177900000000002,0.101102
15.8351,-1.7134099999999999,0.0794304
15.8934,-1.70953,0.053610000000000005
15.9415,-1.70745,0.0331956
15.9895,-1.70632,0.014133700000000003
16.0316,-1.70605,-0.00104445
16.0736,-1.70638,-0.0144856
16.1157,-1.70724,-0.0259214
16.1578,-1.7085299999999999,-0.035131699999999995
16.1998,-1.71016,-0.041948900000000004
16.2419,-1.71203,-0.046260199999999994
16.2839,-1.71402,-0.0480078
16.326,-1.71603,-0.0471862
16.3681,-1.71795,-0.0438384
16.4101,-1.7196799999999999,-0.03805019999999999
16.4522,-1.72112,-0.0299442
16.4943,-1.72217,-0.0196733
16.5363,-1.72275,-0.00741458
16.5784,-1.7227700000000001,0.00663651
16.6204,-1.72217,0.0222713
16.6625,-1.72088,0.0392722
16.7046,-1.71885,0.0574159
16.7472,-1.7159900000000001,0.0767256
16.7918,-1.7121,0.0977009
16.8396,-1.7068900000000002,0.12071300000000001
16.8931,-1.69973,0.146783
16.9489,-1.6907900000000002,0.173764
17.0046,-1.6803599999999999,0.200071
17.0513,-1.67052,0.22121999999999997
17.098,-1.65972,0.241248
17.1447,-1.6480099999999998,0.259864
17.1914,-1.63547,0.276778
17.2381,-1.62219,0.291705
17.2849,-1.60826,0.30436599999999997
17.3316,-1.5938,0.314485
17.3783,-1.57893,0.3218
17.425,-1.56379,0.32606
17.4717,-1.5485200000000001,0.327032
17.5184,-1.53329,0.32451399999999997
17.5651,-1.51827,0.318338
17.6118,-1.5036200000000002,0.308381
17.6585,-1.4895200000000002,0.294585
17.7052,-1.4761600000000001,0.276964
17.7533,-1.46335,0.25492
17.803,-1.4513200000000002,0.22824299999999997
17.8547,-1.44031,0.196741
17.9091,-1.43061,0.16026400000000002
17.967,-1.42252,0.118655
18.0308,-1.41645,0.07138960000000001
18.11,-1.41309,0.014168
18.1715,-1.4134799999999998,-0.026213099999999996
18.233,-1.41619,-0.060609500000000004
18.2866,-1.42009,-0.08418889999999998
18.3401,-1.42508,-0.100816
18.3937,-1.43076,-0.109898
18.4473,-1.43672,-0.111221
18.5008,-1.44254,-0.104931
18.5544,-1.44783,-0.0914687
18.608,-1.45222,-0.071491
18.6615,-1.45538,-0.045782199999999995
18.7151,-1.45704,-0.015174799999999999
18.7687,-1.45694,0.019513299999999997
18.8222,-1.45489,0.05752090000000001
18.8758,-1.4507299999999999,0.09816810000000001
18.932000000000002,-1.4439600000000001,0.143001
18.9927,-1.43375,0.193365
19.0617,-1.41839,0.252228
19.1392,-1.39624,0.31966700000000003
19.2167,-1.36884,0.387993
19.2941,-1.3361100000000001,0.456995
19.3716,-1.29801,0.52691
19.4491,-1.25443,0.59859
19.5265,-1.20518,0.673825
19.6144,-1.14193,0.767753
19.702,-1.06999,0.8792479999999999
19.7896,-0.986906,1.02621
19.8627,-0.905891,1.2011
19.922,-0.8288610000000001,1.4069200000000002
19.9673,-0.760426,1.6283
20.0049,-0.6947300000000001,1.8779599999999999
20.0371,-0.6298729999999999,2.16108
20.0653,-0.5645439999999999,2.48248
20.0935,-0.488889,2.89767
20.1159,-0.419613,3.3148199999999997
20.1383,-0.339928,3.8329199999999997
20.1571,-0.262906,4.36634
20.1759,-0.17486300000000002,5.0065599999999995
20.1947,-0.073634,5.76973
20.2109,0.025509,6.53011
20.227,0.137712,7.3863
20.2432,0.264401,8.319980000000001
20.2599,0.41194200000000003,9.321
20.275,0.559018,10.1771
20.2876,0.691113,10.7828
20.3001,0.829793,11.2101
20.3108,0.9503950000000001,11.3747
20.3215,1.07159,11.315999999999999
20.3321,1.19086,11.0103
20.3428,1.3055299999999999,10.4582
20.3535,1.4131200000000002,9.6872
20.3649,1.51871,8.670819999999999
20.3751,1.60181,7.675889999999999
20.3853,1.67461,6.65318
20.3954,1.7371,5.6555
20.4056,1.7897599999999998,4.723330000000001
20.4162,1.83512,3.8483699999999996
20.4264,1.8706,3.1132299999999997
20.4368,1.8996400000000002,2.47425
20.4459,1.9199099999999998,2.0049099999999997
20.455,1.9362700000000002,1.6092899999999999
20.4641,1.94933,1.2791299999999999
20.4732,1.95966,1.00583
20.4822,1.96774,0.781083
20.4913,1.97397,0.597234
20.5005,1.97875,0.44560200000000005
20.51,1.9823400000000002,0.32000100000000004
20.5197,1.9849299999999999,0.21637699999999999
20.5298,1.9866700000000002,0.131409
20.5403,1.98767,0.062266699999999994
20.5512,1.9880400000000003,0.00650962
20.5627,1.98784,-0.0379705
20.5747,1.98717,-0.072996
20.5874,1.98606,-0.100138
20.6007,1.98458,-0.120746
20.6149,1.98275,-0.135969
20.63,1.9806099999999998,-0.146777
20.6461,1.9781799999999998,-0.153977
20.6634,1.97548,-0.15822999999999998
20.6819,1.97253,-0.16006099999999998
20.701999999999998,1.9693200000000002,-0.159875
20.7236,1.9658799999999998,-0.157968
20.7471,1.9622099999999998,-0.154541
20.7725,1.9583400000000002,-0.149723
20.8,1.9543099999999998,-0.143591
20.8295,1.95018,-0.136203
20.8609,1.94603,-0.127617
20.8942,1.9419400000000002,-0.117899
20.9293,1.93799,-0.10710599999999999
20.9665,1.93423,-0.09525360000000001
21.0063,1.9307,-0.08225360000000001
21.0505,1.9273799999999999,-0.0677068
21.0987,1.9245,-0.0520436
21.1401,1.92261,-0.03902
21.1816,1.92125,-0.0266668
21.2231,1.92039,-0.0152096
21.2584,1.9200099999999998,-0.00629895
21.2938,1.91993,0.00169094
21.3292,1.92012,0.00865706
21.3646,1.9205299999999998,0.0145115
21.4,1.92113,0.0191827
21.4353,1.92187,0.022615700000000002
21.4707,1.92272,0.024773
21.5061,1.9236099999999998,0.025633999999999997
21.5415,1.92451,0.0251946
21.5769,1.9253799999999999,0.0234666
21.6123,1.9261599999999999,0.020476499999999998
21.6476,1.92681,0.016264700000000003
21.683000000000003,1.9273,0.010884
21.7184,1.92757,0.00439825
21.7538,1.9276,-0.00311897
21.7892,1.92734,-0.0115855
21.8245,1.92677,-0.020911900000000004
21.8599,1.92585,-0.031002699999999998
21.8953,1.9245700000000001,-0.041757499999999996
21.9314,1.92285,-0.053304599999999994
21.9688,1.9206299999999998,-0.0657475
22.0079,1.91779,-0.0791738
22.0496,1.91418,-0.09378389999999999
22.0962,1.9094400000000002,-0.11017300000000001
22.145,1.9036400000000002,-0.12725699999999998
22.1939,1.8970099999999999,-0.143905
22.2339,1.8909900000000002,-0.156994
22.2739,1.8844599999999998,-0.169435
22.3139,1.87745,-0.181074
22.3539,1.86999,-0.191761
22.3939,1.86212,-0.20135
22.4339,1.8539,-0.209704
22.4692,1.84638,-0.21595100000000003
22.5045,1.83866,-0.22105100000000003
22.5398,1.8307900000000001,-0.224929
22.5751,1.8227900000000001,-0.22751799999999997
22.6104,1.81473,-0.22876
22.6457,1.80665,-0.228607
22.680999999999997,1.7986099999999998,-0.227025
22.7164,1.7906400000000002,-0.223991
22.7517,1.7828,-0.2195
22.787,1.77515,-0.21356
22.8228,1.76763,-0.206081
22.8591,1.7603,-0.197054
22.8961,1.75322,-0.18646300000000002
22.9337,1.74642,-0.1743
22.9723,1.73996,-0.160557
23.011999999999997,1.7338900000000002,-0.14523
23.0531,1.72826,-0.128299
23.0963,1.72312,-0.109699
23.1427,1.7185099999999998,-0.0892083
23.195,1.71445,-0.0659577
23.2451,1.7116900000000002,-0.0442182
23.2964,1.70997,-0.0231696
23.3393,1.70933,-0.00696476
23.3821,1.70935,0.00761051
23.425,1.70995,0.0202513
23.4678,1.71105,0.0307003
23.5107,1.71255,0.0387541
23.5485,1.7141099999999998,0.0437478
23.5862,1.71583,0.0467074
23.624000000000002,1.7176099999999999,0.047606300000000004
23.6617,1.7194,0.046451
23.6995,1.7211,0.0432781
23.7372,1.7226400000000002,0.038151599999999994
23.775,1.72395,0.031159199999999998
23.8127,1.7249700000000001,0.0224082
23.8505,1.7256200000000002,0.0120225
23.8883,1.72586,0.000138628
23.9266,1.7256099999999999,-0.0133062
23.9657,1.7248,-0.028281
24.0057,1.72334,-0.044768699999999995
24.046999999999997,1.7211299999999998,-0.0627806
24.0899,1.7180099999999998,-0.08237960000000001
24.1352,1.7138,-0.103735
24.1842,1.70815,-0.12729000000000001
24.2405,1.7002099999999998,-0.154579
24.2936,1.69133,-0.179988
24.3467,1.6811099999999999,-0.204664
24.3928,1.6711900000000002,-0.225194
24.439,1.6603400000000001,-0.24455700000000002
24.4852,1.6486299999999998,-0.262472
24.5313,1.6361299999999999,-0.27866199999999997
24.5775,1.62293,-0.29285300000000003
24.6237,1.60912,-0.30477600000000005
24.6698,1.5948200000000001,-0.31417
24.715999999999998,1.58015,-0.320783
24.7622,1.56525,-0.324378
24.8084,1.55025,-0.324739
24.8545,1.53531,-0.321675
24.9007,1.5206,-0.31503600000000004
24.9469,1.5062799999999998,-0.304713
24.993000000000002,1.49252,-0.290663
25.0398,1.47933,-0.272648
25.0879,1.46675,-0.250322
25.1375,1.45497,-0.22344699999999998
25.1892,1.44423,-0.191842
25.2435,1.43479,-0.155368
25.3015,1.42697,-0.11386199999999999
25.3658,1.42116,-0.0666987
25.4485,1.41811,-0.00801466
25.5083,1.41879,0.0301618
25.5681,1.4216,0.062476199999999996
25.628,1.42612,0.0872423
25.6787,1.43093,0.101395
25.7293,1.43628,0.10881700000000001
25.78,1.44184,0.109378
25.8307,1.44726,0.103225
25.8814,1.4522,0.09073350000000001
25.9321,1.45636,0.0724479
25.9828,1.45945,0.049016199999999996
26.0335,1.46125,0.021130200000000002
26.0841,1.46153,-0.010521700000000002
26.1348,1.46013,-0.0452891
26.1869,1.45678,-0.0836654
26.2417,1.45105,-0.12622
26.3003,1.44226,-0.17374900000000001
26.3655,1.42918,-0.22820900000000002
26.4465,1.40788,-0.29753
26.5177,1.3845,-0.359296
26.5889,1.35669,-0.421501
26.6602,1.32444,-0.48410600000000004
26.7314,1.2877100000000001,-0.547409
26.8026,1.24642,-0.6121880000000001
26.8791,1.19682,-0.685139
26.9686,1.13144,-0.779284
27.0567,1.0580399999999999,-0.8908360000000001
27.1448,0.97335,-1.0399
27.2168,0.8925930000000001,-1.21536
27.2735,0.818276,-1.41551
27.3179,0.750819,-1.635
27.355,0.685811,-1.88336
27.3869,0.62144,-2.16568
27.4149,0.556467,-2.48664
27.4429,0.48126499999999994,-2.90073
27.4652,0.412155,-3.3179800000000004
27.4875,0.33267199999999997,-3.83578
27.5063,0.25566700000000003,-4.36972
27.5251,0.16764600000000002,-5.01009
27.5439,0.066456,-5.77259
27.5601,-0.0330439,-6.53451
27.5763,-0.14566099999999998,-7.3913199999999994
27.5925,-0.272804,-8.32366
27.6094,-0.421993,-9.327010000000001
27.6243,-0.567421,-10.162
27.6368,-0.6988979999999999,-10.7533
27.6494,-0.8367530000000001,-11.1648
27.6601,-0.957003,-11.3166
27.6708,-1.07771,-11.245
27.6815,-1.19635,-10.9277
27.6921,-1.31029,-10.3668
27.7028,-1.41705,-9.59094
27.7145,-1.52309,-8.55898
27.7246,-1.60505,-7.56915
27.7348,-1.67678,-6.55555
27.745,-1.73832,-5.56952
27.7551,-1.7901599999999998,-4.65008
27.7659,-1.83532,-3.77776
27.7762,-1.87038,-3.0504599999999997
27.7865,-1.89852,-2.43123
27.7967,-1.92081,-1.9140400000000002
27.8057,-1.93623,-1.5389700000000002
27.8147,-1.94858,-1.22556
27.8236,-1.9583700000000002,-0.965667
27.8326,-1.96603,-0.751479
27.8417,-1.9720099999999998,-0.574088
27.8509,-1.97662,-0.42668199999999995
27.8605,-1.9800799999999998,-0.30457199999999995
27.8703,-1.9825599999999999,-0.203938
27.8805,-1.9842,-0.121544
27.8911,-1.98512,-0.0546186
27.9021,-1.98541,-0.0007712919999999999
27.9137,-1.9851599999999998,0.042063300000000005
27.9258,-1.9844400000000002,0.0756696
27.9386,-1.9832900000000002,0.10158500000000001
27.9522,-1.9817799999999999,0.121128
27.9665,-1.97993,0.135421
27.9818,-1.9777799999999999,0.14540899999999998
27.9981,-1.97535,0.151875
28.0156,-1.9726599999999999,0.15546
28.0344,-1.9697200000000001,0.156669
28.0548,-1.9665400000000002,0.155891
28.0768,-1.9631299999999998,0.153408
28.1006,-1.9595200000000002,0.14940799999999999
28.1264,-1.95573,0.144013
28.1544,-1.9517900000000001,0.137297
28.1844,-1.9477900000000001,0.12931600000000001
28.2165,-1.9437799999999998,0.120129
28.2507,-1.93986,0.10979900000000001
28.2869,-1.93609,0.09836389999999999
28.3256,-1.93252,0.0857888
28.3681,-1.92917,0.07182000000000001
28.4195,-1.9259099999999998,0.055070900000000006
28.4616,-1.92387,0.041729
28.5038,-1.92238,0.029027800000000003
28.5408,-1.9215,0.018581099999999996
28.5779,-1.921,0.00896709
28.615,-1.92083,0.000324399
28.651999999999997,-1.9209599999999998,-0.00722417
28.6891,-1.92135,-0.013573599999999998
28.7262,-1.92195,-0.018638
28.7589,-1.92262,-0.0219867
28.7916,-1.9233799999999999,-0.0242518
28.8243,-1.92419,-0.0254138
28.857,-1.92503,-0.0254657
28.8897,-1.9258400000000002,-0.024411900000000004
28.9224,-1.92661,-0.022268299999999998
28.9551,-1.9272900000000002,-0.019061
28.9878,-1.92785,-0.014825799999999998
29.0205,-1.92825,-0.0096072
29.0532,-1.9284599999999998,-0.00345746
29.0859,-1.9284599999999998,0.00356409
29.119,-1.92822,0.0114911
29.1526,-1.9276900000000001,0.020305
29.1868,-1.9268299999999998,0.029991399999999998
29.2218,-1.9256,0.0405426
29.2577,-1.9239400000000002,0.0519636
29.2949,-1.9217799999999998,0.0642814
29.3337,-1.9190200000000002,0.0775687
29.3751,-1.9155099999999998,0.09200449999999999
29.4209,-1.91094,0.10810499999999999
29.4717,-1.9049900000000002,0.125859
29.5151,-1.8992,0.140708
29.5586,-1.89277,0.155022
29.601999999999997,-1.8857400000000002,0.168598
29.6395,-1.8792200000000001,0.179553
29.6769,-1.8723,0.189689
29.7144,-1.8650200000000001,0.19888499999999998
29.7518,-1.85742,0.207029
29.7893,-1.84953,0.214011
29.8267,-1.8414,0.21973
29.8642,-1.83309,0.224095
29.9016,-1.82463,0.22702399999999998
29.9391,-1.8161,0.228446
29.9765,-1.8075400000000001,0.22830300000000003
30.014,-1.79902,0.226554
30.0514,-1.7905900000000001,0.223173
30.0889,-1.7823200000000001,0.218156
30.1263,-1.77427,0.211517
30.1638,-1.7665,0.203294
30.2012,-1.7590700000000001,0.193548
30.2387,-1.7520200000000001,0.182369
30.2766,-1.7453400000000001,0.16969800000000002
30.3155,-1.73902,0.155462
30.3556,-1.7331,0.139645
30.3973,-1.72763,0.122216
30.4414,-1.7226700000000001,0.103077
30.4892,-1.71825,0.0818937
30.5454,-1.7143400000000002,0.0571013
30.594,-1.71207,0.0363865
30.6427,-1.71078,0.0169662
30.6849,-1.71039,0.00159802
30.7271,-1.71062,-0.0120843
30.7692,-1.71138,-0.0238058
30.8114,-1.7126,-0.03333869999999999
30.8536,-1.71416,-0.04050669999999999
30.8958,-1.7159799999999998,-0.0451888
30.9379,-1.7179400000000002,-0.047318400000000004
30.9751,-1.7197,-0.0470681
31.0122,-1.7214099999999999,-0.0448492
31.0494,-1.72301,-0.0407111
31.0865,-1.7244099999999998,-0.0347267
31.1237,-1.72557,-0.0269894
31.1608,-1.7264,-0.0176094
31.198,-1.72685,-0.00671051
31.2359,-1.72688,0.00584248
31.2745,-1.72638,0.0199477
31.314,-1.7252900000000002,0.035569199999999995
31.3545,-1.7235099999999999,0.0526995
31.3964,-1.72091,0.0713688
31.4403,-1.71733,0.09167769999999999
31.487,-1.7125400000000002,0.11388399999999999
31.5384,-1.7060400000000002,0.138713
31.6031,-1.69605,0.16988599999999998
31.653000000000002,-1.6869900000000002,0.19337100000000002
31.7029,-1.67677,0.215996
31.7528,-1.66546,0.237402
31.8027,-1.6531200000000001,0.257234
31.846,-1.64162,0.272912
31.8893,-1.6294899999999999,0.286911
31.9327,-1.61679,0.299006
31.976,-1.60361,0.30898000000000003
32.0193,-1.59005,0.316619
32.0626,-1.57621,0.321723
32.106,-1.5622,0.3241
32.1493,-1.54816,0.32358000000000003
32.1926,-1.53421,0.320015
32.2366,-1.5202799999999999,0.313163
32.2813,-1.5064899999999999,0.302766
32.327,-1.49298,0.288558
32.3737,-1.47991,0.270276
32.4218,-1.4674399999999999,0.24767600000000004
32.4715,-1.45579,0.22054200000000002
32.5232,-1.44519,0.18870399999999998
32.5777,-1.4359,0.15203
32.6359,-1.42825,0.110345
32.7008,-1.4226299999999998,0.0629306
32.7724,-1.41996,0.012200200000000001
32.833,-1.4204299999999999,-0.026784699999999998
32.8936,-1.42309,-0.0599388
32.9466,-1.4269,-0.0827216
32.9995,-1.43173,-0.0988077
33.0525,-1.43723,-0.107644
33.1054,-1.443,-0.10903199999999999
33.1583,-1.44865,-0.103103
33.2113,-1.45379,-0.0902661
33.2642,-1.4580899999999999,-0.071133
33.3172,-1.46123,-0.0464378
33.3701,-1.4629299999999998,-0.016965
33.4231,-1.46295,0.016508500000000002
33.476,-1.46112,0.053253800000000004
33.5289,-1.45727,0.09261339999999998
33.5844,-1.45094,0.135986
33.644,-1.44139,0.184556
33.7112,-1.42711,0.240819
33.7903,-1.40541,0.30837600000000004
33.8693,-1.37834,0.376718
33.9379,-1.35046,0.43636400000000003
34.0064,-1.3184799999999999,0.49633900000000003
34.075,-1.28237,0.556966
34.1463,-1.24037,0.621499
34.2236,-1.18951,0.695048
34.3155,-1.1212799999999998,0.792384
34.4033,-1.04701,0.905533
34.491,-0.961268,1.05871
34.5615,-0.8807379999999999,1.23761
34.6159,-0.808226,1.4371
34.6592,-0.741424,1.6583400000000001
34.6956,-0.676774,1.90913
34.727,-0.612564,2.19449
34.7546,-0.547613,2.5190200000000003
34.7823,-0.47246800000000005,2.9367799999999997
34.8043,-0.40315500000000004,3.3586
34.8264,-0.323463,3.88115
34.8451,-0.246044,4.4206900000000005
34.8638,-0.157574,5.06663
34.8825,-0.0559188,5.83401
34.8987,0.044634,6.6038
34.9149,0.158421,7.46705
34.931,0.286813,8.402280000000001
34.9482,0.439651,9.41601
34.9627,0.582413,10.2167
34.9752,0.7129939999999999,10.7843
34.9876,0.8495659999999999,11.1689
34.9982,0.969317,11.298
35.0089,1.08928,11.203
35.0195,1.2069299999999998,10.8641
35.0301,1.31969,10.2859
35.0408,1.42515,9.49874
35.0527,1.5323200000000001,8.4332
35.0628,1.6125200000000002,7.447010000000001
35.0729,1.6826299999999998,6.44327
35.083,1.74273,5.47106
35.0931,1.7933400000000002,4.56722
35.104,1.8383200000000002,3.69346
35.1143,1.87248,2.98125
35.1246,1.89988,2.37566
35.1348,1.9215900000000001,1.87025
35.1438,1.93668,1.50231
35.1528,1.94875,1.1951399999999999
35.1617,1.9583,0.940594
35.1707,1.96577,0.730943
35.1798,1.9716,0.557082
35.1891,1.9760799999999998,0.41264399999999996
35.1987,1.97944,0.293065
35.2086,1.98183,0.19459300000000002
35.2188,1.9833900000000002,0.114049
35.2294,1.9842400000000002,0.048702800000000004
35.2406,1.98448,-0.00379779
35.2522,1.9841799999999998,-0.0454865
35.2644,1.98341,-0.07811950000000001
35.2773,1.9822400000000002,-0.103209
35.291,1.98069,-0.122052
35.3054,1.97882,-0.13575
35.3208,1.97665,-0.145228
35.3373,1.9742099999999998,-0.151256
35.355,1.9715,-0.15445599999999998
35.374,1.9685599999999999,-0.155323
35.3945,1.96538,-0.15423
35.4167,1.9619799999999998,-0.151451
35.4408,1.95838,-0.14716500000000002
35.4669,1.95461,-0.141488
35.4952,1.95071,-0.134491
35.5255,1.94675,-0.126229
35.558,1.9428,-0.11676099999999999
35.5926,1.93894,-0.106146
35.6294,1.93525,-0.09440889999999999
35.6691,1.93176,-0.0814752
35.7133,1.92848,-0.0669408
35.7608,1.92567,-0.05154109999999999
35.8021,1.9238099999999998,-0.0385978
35.8435,1.9224700000000001,-0.0263272
35.8848,1.92162,-0.0149519
35.9202,1.92125,-0.00609626
35.9555,1.92117,0.00183986
35.9908,1.92136,0.00875452
36.0261,1.9217799999999998,0.014560900000000002
36.0615,1.92238,0.019188099999999996
36.0968,1.9231200000000002,0.0225822
36.1321,1.92396,0.024706099999999998
36.1674,1.92485,0.025539799999999998
36.2028,1.92575,0.0250794
36.2381,1.92661,0.023336799999999998
36.2734,1.9273799999999999,0.0203388
36.3088,1.92803,0.0161256
36.3441,1.92851,0.010749600000000002
36.3794,1.92878,0.00427444
36.4147,1.9288,-0.00322659
36.4501,1.9285400000000001,-0.0116718
36.4854,1.92796,-0.020972400000000002
36.5207,1.92705,-0.0310334
36.556,1.92576,-0.041755
36.5921,1.92405,-0.0532744
36.6294,1.92183,-0.0656878
36.6685,1.919,-0.0790818
36.7103,1.9154,-0.09365599999999999
36.7567,1.91067,-0.11000399999999999
36.8056,1.90488,-0.127051
36.8545,1.8982599999999998,-0.14366199999999998
36.8944,1.8922599999999998,-0.156719
36.9344,1.8857400000000002,-0.169131
36.9743,1.87875,-0.18074300000000001
37.0143,1.8713099999999998,-0.191405
37.0543,1.8634700000000002,-0.200974
37.0942,1.85527,-0.209312
37.1295,1.8477700000000001,-0.215547
37.1648,1.84007,-0.22064
37.2001,1.83221,-0.224516
37.2353,1.82424,-0.227107
37.2706,1.8162099999999999,-0.228357
37.3059,1.80815,-0.228217
37.3412,1.8001200000000002,-0.226654
37.3765,1.79217,-0.22364499999999998
37.4117,1.78436,-0.219183
37.446999999999996,1.77673,-0.213279
37.4828,1.76922,-0.205844
37.5191,1.7619099999999999,-0.19686700000000001
37.556,1.7548400000000002,-0.186335
37.5936,1.74806,-0.17423699999999998
37.632,1.7416099999999999,-0.16056900000000002
37.6717,1.73555,-0.145323
37.7128,1.7299200000000001,-0.12848199999999999
37.7559,1.72478,-0.109982
37.8021,1.72017,-0.0896076
37.8541,1.7161,-0.0665219
37.9037,1.71334,-0.045038199999999994
37.9551,1.71157,-0.0239479
37.998000000000005,1.7109,-0.00770943
38.0409,1.7108900000000002,0.00691524
38.0838,1.7114599999999998,0.0196197
38.1267,1.7125400000000002,0.030144900000000002
38.1696,1.71402,0.038285400000000004
38.2073,1.7155599999999998,0.04335580000000001
38.245,1.7172599999999998,0.0464032
38.2827,1.7190400000000001,0.047399300000000005
38.3205,1.72081,0.0463488
38.3582,1.7225099999999998,0.04328680000000001
38.3959,1.72405,0.0382756
38.4336,1.72537,0.0314009
38.4714,1.7264,0.0227688
38.5091,1.72707,0.0125015
38.5468,1.72733,0.000734396
38.5851,1.7271,-0.0125794
38.6241,1.72633,-0.0274166
38.664,1.72491,-0.0437602
38.7051,1.7227400000000002,-0.0616194
38.7479,1.7196900000000002,-0.08105280000000001
38.793,1.71557,-0.10222
38.8416,1.71003,-0.12553599999999998
38.8972,1.7023099999999998,-0.152393
38.9505,1.6935099999999998,-0.177858
39.0037,1.68337,-0.20261500000000002
39.05,1.67353,-0.22318600000000002
39.0962,1.6627599999999998,-0.242608
39.1424,1.6511200000000001,-0.26059899999999997
39.1886,1.6386900000000002,-0.276881
39.2349,1.62555,-0.291178
39.2811,1.6118,-0.303221
39.3273,1.59756,-0.312748
39.3735,1.58293,-0.319506
39.4198,1.56806,-0.323258
39.466,1.5530899999999999,-0.323785
39.5122,1.5381799999999999,-0.320898
39.5585,1.52348,-0.31444099999999997
39.6047,1.5091700000000001,-0.304309
39.6509,1.4954,-0.290452
39.6971,1.48237,-0.27289800000000003
39.7449,1.46983,-0.25098400000000004
39.7943,1.45807,-0.22456500000000001
39.8457,1.4473200000000002,-0.193475
39.8997,1.43784,-0.157583
39.9572,1.42993,-0.11673299999999999
40.0207,1.4239899999999999,-0.070368
40.1003,1.42067,-0.0137829
40.1608,1.4210399999999999,0.0252417
40.2213,1.42361,0.058546100000000004
40.2743,1.42735,0.0816197
40.3273,1.43214,0.0980256
40.3803,1.43761,0.10719400000000001
40.4333,1.44337,0.10890999999999999
40.4863,1.4490299999999998,0.10329200000000001
40.5393,1.4542,0.09073930000000001
40.5923,1.45854,0.07185599999999999
40.6453,1.4617200000000001,0.0473742
40.6984,1.46347,0.0180787
40.7514,1.46356,-0.0152515
40.8044,1.4618,-0.0518834
40.8574,1.45802,-0.091155
40.9127,1.45179,-0.134297
40.9721,1.44238,-0.182565
41.0389,1.42834,-0.238362
41.1277,1.40382,-0.314157
41.1972,1.37988,-0.374213
41.2668,1.35175,-0.43457399999999996
41.3364,1.31941,-0.49523999999999996
41.4059,1.28284,-0.556534
41.4772,1.24088,-0.620816
41.5543,1.19021,-0.693816
41.6457,1.12257,-0.78983
41.7338,1.04823,-0.90235
41.8219,0.9624280000000001,-1.0544799999999999
41.8927,0.8818889999999999,-1.23211
41.9474,0.809294,-1.43055
41.99100000000001,0.742502,-1.65055
42.0275,0.677898,-1.9000099999999998
42.059,0.6137600000000001,-2.18392
42.0867,0.548902,-2.5068799999999998
42.1144,0.473862,-2.92286
42.1366,0.404679,-3.34286
42.1587,0.32513000000000003,-3.8634
42.1774,0.247885,-4.40083
42.1962,0.159604,-5.04456
42.2149,0.0581476,-5.8097900000000005
42.2311,-0.04208,-6.57683
42.2473,-0.15551099999999998,-7.43765
42.2635,-0.283526,-8.37134
42.2806,-0.43536099999999994,-9.38156
42.2953,-0.578773,-10.1904
42.3077,-0.709542,-10.7634
42.3202,-0.846398,-11.1544
42.3309,-0.96625,-11.289000000000001
42.3415,-1.08637,-11.1997
42.3522,-1.20424,-10.8663
42.3628,-1.3172700000000002,-10.2926
42.3735,-1.42301,-9.508569999999999
42.3854,-1.52987,-8.45198
42.3955,-1.61045,-7.46583
42.4056,-1.68091,-6.46076
42.4158,-1.74131,-5.48634
42.4259,-1.7921799999999999,-4.57988
42.4368,-1.83718,-3.70739
42.446999999999996,-1.87155,-2.9921900000000003
42.4573,-1.8991099999999999,-2.3839799999999998
42.4676,-1.92094,-1.8763900000000002
42.4766,-1.93609,-1.50745
42.4856,-1.9482,-1.1994
42.4946,-1.9577900000000001,-0.944109
42.5035,-1.9653,-0.733833
42.5126,-1.97115,-0.5595060000000001
42.5219,-1.9756599999999997,-0.414684
42.5315,-1.9790299999999998,-0.294786
42.5414,-1.98144,-0.196049
42.5516,-1.98301,-0.115283
42.5623,-1.9838799999999999,-0.0497556
42.5734,-1.98413,0.00289302
42.585,-1.98384,0.044700300000000005
42.5973,-1.98308,0.0774263
42.6101,-1.9819099999999998,0.10258699999999998
42.6238,-1.98038,0.12148099999999999
42.6382,-1.9785099999999998,0.135213
42.6536,-1.97635,0.14471199999999998
42.6701,-1.9739200000000001,0.150747
42.6877,-1.97122,0.153945
42.7067,-1.96829,0.1548
42.7272,-1.96512,0.15369000000000002
42.7494,-1.96174,0.150887
42.7735,-1.95816,0.146573
42.7996,-1.9544,0.14086400000000002
42.8279,-1.95052,0.133832
42.8583,-1.94658,0.125533
42.8908,-1.94265,0.116024
42.9254,-1.93881,0.10536300000000001
42.9623,-1.93514,0.093573
43.0022,-1.93167,0.08056920000000001
43.0468,-1.9284,0.0659077
43.0932,-1.9256900000000001,0.050886400000000005
43.1396,-1.92367,0.0364312
43.1776,-1.9225,0.0252538
43.2156,-1.9217400000000002,0.0148488
43.2536,-1.92136,0.00537467
43.2916,-1.9213200000000001,-0.00302574
43.3296,-1.92157,-0.0102281
43.3628,-1.922,-0.0154655
43.3961,-1.9225900000000002,-0.019649400000000004
43.4293,-1.9233,-0.022736700000000002
43.4625,-1.92409,-0.0246978
43.4958,-1.92493,-0.025516499999999998
43.528999999999996,-1.92577,-0.0251891
43.5623,-1.9265900000000002,-0.0237246
43.5955,-1.92734,-0.021143400000000003
43.6288,-1.92798,-0.0174768
43.662,-1.92849,-0.012766
43.6952,-1.92882,-0.00706105
43.7285,-1.92895,-0.000420089
43.7617,-1.92884,0.00709179
43.795,-1.9284700000000001,0.0154034
43.8288,-1.9277900000000001,0.024605500000000002
43.8633,-1.92677,0.034676
43.8987,-1.92535,0.0456107
43.9351,-1.9234799999999999,0.0574227
43.973,-1.9210599999999998,0.0701557
44.0129,-1.91799,0.0839183
44.0558,-1.9140599999999999,0.0989897
44.1052,-1.90875,0.11634000000000001
44.151,-1.9030599999999998,0.132193
44.1967,-1.8966599999999998,0.147585
44.2363,-1.8905599999999998,0.160342
44.2759,-1.88398,0.172421
44.3154,-1.87693,0.183675
44.355,-1.86945,0.193959
44.3946,-1.86159,0.20313599999999998
44.4341,-1.85339,0.21107399999999998
44.4737,-1.8449099999999998,0.21765
44.5133,-1.8361900000000002,0.22275100000000003
44.5529,-1.8273,0.22627600000000003
44.5924,-1.8183,0.22813899999999998
44.632,-1.8092700000000002,0.22826799999999997
44.6716,-1.8002599999999997,0.22660999999999998
44.7111,-1.7913599999999998,0.22313400000000003
44.7507,-1.78263,0.217833
44.7903,-1.77414,0.210723
44.8299,-1.76597,0.201851
44.8694,-1.7581900000000001,0.191295
44.909,-1.75085,0.179162
44.9486,-1.74403,0.165595
44.9881,-1.73777,0.150766
45.0287,-1.7319799999999999,0.134472
45.071000000000005,-1.7266599999999999,0.11656400000000001
45.11600000000001,-1.72186,0.0968885
45.1654,-1.7176099999999999,0.0749446
45.2282,-1.71377,0.04753859999999999
45.2744,-1.71203,0.028350099999999996
45.3207,-1.7111299999999998,0.0105262
45.3669,-1.71102,-0.00549365
45.4069,-1.7114900000000002,-0.0176033
45.4469,-1.7124099999999998,-0.0278508
45.4869,-1.7136900000000002,-0.0360602
45.5269,-1.71527,-0.0420989
45.5669,-1.7170299999999998,-0.0458785
45.607,-1.71891,-0.0473551
45.647,-1.72079,-0.046527
45.687,-1.7226,-0.043431300000000006
45.727,-1.7242400000000002,-0.03814
45.766999999999996,-1.7256200000000002,-0.0307553
45.806999999999995,-1.7266700000000001,-0.0214044
45.8471,-1.72731,-0.0102351
45.8871,-1.72747,0.00258901
45.9271,-1.7270900000000002,0.0168923
45.9671,-1.7261,0.032490899999999996
46.0071,-1.7244700000000002,0.049195300000000004
46.0487,-1.72205,0.06752000000000001
46.0921,-1.71869,0.0874631
46.1381,-1.71416,0.10922899999999999
46.1883,-1.7080799999999998,0.133395
46.2483,-1.6992,0.16234500000000002
46.2998,-1.69022,0.186727
46.3512,-1.68,0.2103
46.4026,-1.6686,0.232672
46.4469,-1.6579099999999998,0.250652
46.4911,-1.64645,0.26720900000000003
46.5353,-1.6343,0.28210100000000005
46.5796,-1.62152,0.295088
46.6238,-1.60822,0.305937
46.668,-1.59449,0.314418
46.7123,-1.58045,0.320315
46.7565,-1.5662,0.323422
46.8007,-1.55188,0.323552
46.845,-1.53762,0.32054099999999996
46.8892,-1.52357,0.314257
46.9334,-1.50987,0.304608
46.9788,-1.49634,0.291168
47.0253,-1.4832,0.27370900000000004
47.073,-1.47064,0.25199099999999997
47.1223,-1.45884,0.225796
47.1736,-1.44804,0.194944
47.2274,-1.4385,0.159302
47.2847,-1.43052,0.118717
47.3478,-1.42448,0.0726773
47.4259,-1.421,0.0170689
47.4869,-1.42119,-0.022625599999999996
47.5479,-1.42365,-0.056642399999999996
47.601000000000006,-1.42731,-0.08019
47.6542,-1.43205,-0.09709279999999999
47.7073,-1.4375,-0.106754
47.7604,-1.44326,-0.10893499999999999
47.8136,-1.44894,-0.10373399999999999
47.8667,-1.4541600000000001,-0.0915395
47.9198,-1.45856,-0.07294930000000001
47.973,-1.46181,-0.0486952
48.0261,-1.46365,-0.0195656
48.0793,-1.4638200000000001,0.0136536
48.1324,-1.46214,0.0502219
48.1855,-1.45844,0.08946910000000001
48.2407,-1.45233,0.132409
48.2999,-1.44307,0.180402
48.3663,-1.42927,0.23575500000000002
48.4529,-1.4056600000000001,0.30959699999999996
48.5227,-1.38195,0.369798
48.5925,-1.3540299999999998,0.430309
48.6623,-1.32187,0.491108
48.7321,-1.28544,0.5524899999999999
48.8032,-1.24394,0.616317
48.8797,-1.19404,0.688318
48.9693,-1.12828,0.781378
49.0581,-1.05413,0.892465
49.147,-0.968627,1.04165
49.2188,-0.8879809999999999,1.21621
49.2748,-0.8145939999999999,1.41341
49.318999999999996,-0.7475649999999999,1.63104
49.356,-0.682888,1.87772
49.3879,-0.618788,2.15847
49.4159,-0.554049,2.47791
49.4439,-0.47913100000000003,2.8900200000000003
49.4662,-0.41020500000000004,3.30577
49.4885,-0.330932,3.82173
49.5073,-0.254083,4.35412
49.5262,-0.166232,4.99266
49.545,-0.0652283,5.75303
49.5612,0.0341557,6.5133
49.5774,0.14665699999999998,7.368310000000001
49.5937,0.273685,8.29871
49.6106,0.422838,9.300419999999999
49.6256,0.568091,10.133
49.6381,0.699466,10.7226
49.6507,0.83721,11.1325
49.6614,0.95739,11.2831
49.6721,1.07802,11.2105
49.6828,1.19656,10.8927
49.6936,1.31039,10.3317
49.7043,1.4170200000000002,9.55637
49.716,1.5231,8.52385
49.7262,1.60485,7.5365
49.7363,1.67639,6.52602
49.7465,1.73775,5.543480000000001
49.7567,1.78942,4.62764
49.7675,1.83453,3.75719
49.7778,1.86948,3.03297
49.7881,1.8975099999999998,2.4165799999999997
49.7984,1.9197099999999998,1.9019400000000002
49.8074,1.93508,1.52882
49.8164,1.94737,1.21712
49.8254,1.95711,0.958707
49.8344,1.9647400000000002,0.745795
49.8435,1.97069,0.56945
49.8527,1.97527,0.422947
49.8623,1.9787099999999997,0.301624
49.8722,1.98117,0.201679
49.8824,1.9828,0.11989100000000001
49.893,1.9837099999999999,0.0534994
49.9041,1.9839900000000001,0.000123681
49.9157,1.98373,-0.042292
49.9279,1.98301,-0.07552410000000001
49.9407,1.98186,-0.101103
49.9543,1.98035,-0.12033900000000002
49.9687,1.9785099999999998,-0.13435
49.9841,1.9763700000000002,-0.144073
50.0004,1.97395,-0.150289
50.018,1.97128,-0.153632
50.0369,1.9683599999999999,-0.154605
50.0573,1.96521,-0.15359
50.0794,1.9618400000000003,-0.150867
50.1034,1.95828,-0.146625
50.1294,1.9545400000000002,-0.14098
50.1575,1.9506700000000001,-0.134008
50.1878,1.9467400000000001,-0.12576500000000002
50.2202,1.94281,-0.116307
50.2547,1.93898,-0.10569200000000001
50.2916,1.9353,-0.0939457
50.3313,1.93183,-0.08098960000000001
50.3757,1.92855,-0.0664021
50.4226,1.9257900000000001,-0.0511946
50.4639,1.92395,-0.0382899
50.5052,1.92262,-0.026060900000000005
50.5464,1.92179,-0.014728999999999999
50.5817,1.9214200000000001,-0.00590286
50.6171,1.92136,0.00200275
50.6524,1.92155,0.00888647
50.6877,1.9219700000000002,0.014662
50.723,1.9225700000000001,0.019259000000000002
50.7583,1.9233200000000001,0.022624099999999998
50.7936,1.9241599999999999,0.0247206
50.8289,1.92505,0.0255287
50.8642,1.9259400000000002,0.0250451
50.8995,1.9268,0.0232819
50.9348,1.92757,0.020265799999999997
50.9701,1.92822,0.0160374
51.0054,1.9286900000000002,0.0106491
51.0407,1.9289599999999998,0.00416451
51.076,1.92897,-0.00334313
51.1113,1.92871,-0.011792200000000001
51.1466,1.92813,-0.021094099999999998
51.1819,1.9272099999999999,-0.031153800000000002
51.2172,1.92592,-0.0418719
51.2533,1.9242099999999998,-0.05339580000000001
51.2906,1.92198,-0.0658145
51.3297,1.91915,-0.07921489999999999
51.3715,1.9155400000000002,-0.0937982
51.418,1.9107900000000002,-0.11016600000000001
51.4667,1.9050099999999999,-0.127139
51.5153,1.89842,-0.143678
51.5553,1.89242,-0.156729
51.5953,1.8859,-0.16913399999999998
51.6352,1.8789099999999999,-0.18074
51.6752,1.87147,-0.191395
51.7151,1.86363,-0.200957
51.7551,1.85543,-0.209288
51.7904,1.8479299999999999,-0.21551599999999999
51.8256,1.84024,-0.220602
51.8609,1.8323900000000002,-0.224471
51.8962,1.8244200000000002,-0.227057
51.9315,1.8163799999999999,-0.22830100000000003
51.9667,1.80833,-0.22815700000000003
52.001999999999995,1.8003,-0.22658899999999998
52.0373,1.79236,-0.223577
52.0726,1.78455,-0.219113
52.1078,1.77692,-0.21320799999999998
52.1436,1.76942,-0.20577199999999998
52.1799,1.7621099999999998,-0.196796
52.2168,1.75505,-0.18626500000000001
52.2544,1.74827,-0.17417
52.2928,1.7418200000000001,-0.160505
52.3325,1.7357599999999997,-0.145264
52.3735,1.7301400000000002,-0.12843
52.4167,1.725,-0.10993599999999999
52.4628,1.72039,-0.08956900000000001
52.5149,1.71633,-0.06649
52.5646,1.7135599999999998,-0.044998199999999995
52.6159,1.7118,-0.0239238
52.6588,1.7111299999999998,-0.00769819
52.7017,1.71112,0.00691461
52.7446,1.7116900000000002,0.019608700000000003
52.7874,1.7127700000000001,0.030125400000000004
52.8303,1.7142400000000002,0.0382595
52.868,1.7157900000000001,0.043326800000000006
52.9057,1.71748,0.0463726
52.9435,1.7192599999999998,0.0473686
52.9812,1.7210299999999998,0.0463195
53.0189,1.7227299999999999,0.0432603
53.0566,1.72427,0.0382532
53.0943,1.7255900000000002,0.031383999999999995
53.1321,1.72662,0.0227584
53.1698,1.7272900000000002,0.012498700000000001
53.2075,1.72754,0.000739885
53.2458,1.72732,-0.0125645
53.2847,1.7265400000000002,-0.0273913
53.3247,1.7251299999999998,-0.0437236
53.3658,1.7229599999999998,-0.06157050000000001
53.4086,1.7199200000000001,-0.0809903
53.4536,1.7157900000000001,-0.102142
53.5022,1.7102700000000002,-0.12544
53.5578,1.70255,-0.15227000000000002
53.611000000000004,1.69376,-0.177726
53.6643,1.68363,-0.202474
53.7105,1.6738,-0.22303800000000001
53.7567,1.66303,-0.242454
53.803000000000004,1.6514,-0.260441
53.8492,1.6389799999999999,-0.276719
53.8954,1.62585,-0.291015
53.9416,1.61211,-0.303058
53.9879,1.5978700000000001,-0.31258600000000003
54.0341,1.5832600000000001,-0.319348
54.0803,1.5684,-0.32310500000000003
54.1265,1.55344,-0.32364
54.1728,1.53853,-0.320763
54.218999999999994,1.5238399999999999,-0.314319
54.2652,1.5095299999999998,-0.304201
54.3114,1.49577,-0.290362
54.3577,1.48274,-0.272829
54.4054,1.47022,-0.250946
54.4548,1.45846,-0.22456700000000002
54.5062,1.44771,-0.193526
54.5601,1.43823,-0.157691
54.6176,1.4303299999999999,-0.116907
54.681000000000004,1.42438,-0.07062239999999999
54.7604,1.4210399999999999,-0.014195900000000001
54.8209,1.4213799999999999,0.0248592
54.8814,1.42393,0.0582104
54.9344,1.42765,0.08132489999999999
54.9874,1.4324299999999999,0.0977865
55.0404,1.43789,0.10702300000000001
55.0934,1.44364,0.10881600000000001
55.1464,1.4493,0.103281
55.1994,1.4544700000000002,0.0908122
55.2524,1.45881,0.072013
55.3054,1.462,0.0476123
55.3584,1.46377,0.0183936
55.4114,1.4638799999999998,-0.0148649
55.4644,1.46214,-0.0514305
55.5174,1.45838,-0.0906409
55.5727,1.4522,-0.133686
55.632,1.44284,-0.181831
55.6987,1.42888,-0.237445
55.7868,1.40467,-0.31256300000000004
55.8563,1.38083,-0.37258
55.9259,1.3528,-0.432895
55.9955,1.32057,-0.493497
56.0651,1.2841,-0.554692
56.1363,1.24237,-0.61864
56.2131,1.19211,-0.691002
56.3034,1.12551,-0.78525
56.391999999999996,1.05122,-0.896911
56.4806,0.965534,-1.0473700000000001
56.5519,0.8849459999999999,-1.22319
56.6073,0.811983,-1.42069
56.6512,0.745093,-1.6392099999999998
56.688,0.680476,-1.88697
56.7197,0.616382,-2.1689700000000003
56.7476,0.55161,-2.48983
56.7755,0.476662,-2.90346
56.7977,0.407639,-3.32095
56.8199,0.328263,-3.8387599999999997
56.8387,0.251254,-4.37322
56.8575,0.16323,-5.01388
56.8763,0.062044100000000005,-5.77621
56.8925,-0.0376964,-6.53929
56.9087,-0.150592,-7.3967
56.925,-0.278039,-8.328389999999999
56.942,-0.428331,-9.3336
56.9568,-0.572797,-10.1558
56.9693,-0.703897,-10.7381
56.9819,-0.8412430000000001,-11.1396
56.9925,-0.961274,-11.2832
57.0032,-1.0816700000000001,-11.2032
57.0139,-1.19992,-10.8786
57.0246,-1.31339,-10.312000000000001
57.0353,-1.41962,-9.532969999999999
57.0471,-1.5260200000000002,-8.4902
57.0572,-1.60725,-7.503539999999999
57.0674,-1.6783099999999997,-6.49561
57.0775,-1.7392400000000001,-5.51684
57.0877,-1.79055,-4.60533
57.0985,-1.83561,-3.73421
57.1088,-1.87031,-3.01382
57.1192,-1.8981400000000002,-2.40096
57.1295,-1.92018,-1.88943
57.1385,-1.93544,-1.51836
57.1474,-1.94765,-1.20845
57.1564,-1.9573200000000002,-0.951571
57.1654,-1.9648900000000002,-0.739954
57.1745,-1.97079,-0.564602
57.1838,-1.97534,-0.418929
57.1934,-1.97875,-0.298311
57.2032,-1.98118,-0.198966
57.2135,-1.98278,-0.11768699999999999
57.2241,-1.98367,-0.051727300000000004
57.2352,-1.98394,0.00128295
57.2468,-1.98367,0.043390899999999996
57.25899999999999,-1.98292,0.0763648
57.2719,-1.98177,0.101728
57.2855,-1.98025,0.12078599999999999
57.3,-1.9784,0.134648
57.3153,-1.97625,0.144249
57.3317,-1.9738200000000001,0.15036300000000002
57.3494,-1.9711400000000001,0.153621
57.3683,-1.96822,0.154522
57.3888,-1.96507,0.153445
57.4109,-1.9616900000000002,0.150667
57.4349,-1.95812,0.146373
57.461000000000006,-1.95438,0.14068
57.4892,-1.9505099999999997,0.13366
57.5195,-1.94658,0.12537
57.552,-1.9426599999999998,0.11586800000000001
57.5866,-1.9388299999999998,0.105209
57.6236,-1.93517,0.0934176
57.6634,-1.9317,0.0804077
57.7081,-1.9284400000000002,0.06572889999999999
57.7543,-1.92575,0.050775
57.7955,-1.92392,0.0379215
57.8367,-1.92261,0.025747000000000003
57.8778,-1.92179,0.014470400000000001
57.9131,-1.92144,0.00567418
57.9484,-1.9213799999999999,-0.00219975
57.9837,-1.9215799999999998,-0.00905063
58.0189,-1.922,-0.014792700000000002
58.0542,-1.92261,-0.0193563
58.0895,-1.92336,-0.0226884
58.1248,-1.9242,-0.0247529
58.1601,-1.9250900000000002,-0.0255305
58.1953,-1.92598,-0.025018099999999998
58.2306,-1.92684,-0.0232283
58.2659,-1.9276099999999998,-0.020188
58.3012,-1.92825,-0.015937899999999998
58.3365,-1.92872,-0.0105306
58.3717,-1.92898,-0.00402978
58.407,-1.9289900000000002,0.00349124
58.4423,-1.92872,0.0119509
58.4776,-1.9281400000000002,0.0212606
58.5128,-1.9272099999999999,0.031325599999999995
58.5481,-1.92592,0.0420463
58.5842,-1.9242,0.05358240000000001
58.6216,-1.92196,0.06601510000000001
58.6607,-1.9191200000000002,0.0794314
58.7025,-1.9154900000000001,0.09403550000000001
58.7492,-1.91072,0.11044100000000001
58.7976,-1.90497,0.127309
58.8407,-1.89916,0.142002
58.8839,-1.8927200000000002,0.156148
58.927,-1.88569,0.169549
58.9644,-1.87915,0.180398
59.0018,-1.87222,0.190421
59.0391,-1.86493,0.1995
59.0765,-1.85733,0.207521
59.1138,-1.8494400000000002,0.214377
59.1512,-1.84132,0.219971
59.1886,-1.83302,0.22421
59.2259,-1.8245900000000002,0.22701500000000002
59.2633,-1.81608,0.228316
59.3007,-1.80755,0.22805799999999998
59.338,-1.79905,0.2262
59.3754,-1.79066,0.222719
59.4127,-1.78243,0.217611
59.4501,-1.77442,0.210891
59.4875,-1.76669,0.2026
59.5248,-1.7593,0.1928
59.5622,-1.7523099999999998,0.18158
59.6001,-1.74565,0.168845
59.638999999999996,-1.7393599999999998,0.15454600000000002
59.6792,-1.7334599999999998,0.138667
59.721000000000004,-1.72803,0.121176
59.7652,-1.7231,0.10197
59.8132,-1.71871,0.08069069999999999
59.8702,-1.7148299999999999,0.055597400000000005
59.9185,-1.7126400000000002,0.035134
59.9668,-1.7114099999999999,0.0159776
60.0089,-1.71107,0.000766465
60.0509,-1.71133,-0.012753
60.093,-1.7121099999999998,-0.0243113
60.135,-1.71334,-0.033685599999999996
60.1771,-1.71491,-0.0407043
60.2191,-1.7167299999999999,-0.0452502
60.2612,-1.71868,-0.04726
60.2983,-1.7204400000000002,-0.0469163
60.3354,-1.7221400000000002,-0.0446099
60.3726,-1.72373,-0.040391199999999995
60.4097,-1.72512,-0.034333999999999996
60.4468,-1.72625,-0.026532099999999996
60.483999999999995,-1.72707,-0.0170961
60.5211,-1.7275099999999999,-0.00615011
60.559,-1.7275,0.0064499
60.5976,-1.7269900000000002,0.0205983
60.6371,-1.72587,0.0362594
60.6777,-1.72405,0.053426699999999994
60.7197,-1.7214200000000002,0.0721326
60.7636,-1.7178,0.0924813
60.8104,-1.7129599999999998,0.11474000000000001
60.8621,-1.70638,0.13967100000000002
60.9281,-1.6961099999999998,0.17141199999999998
60.9776,-1.68705,0.194632
61.0271,-1.6768599999999998,0.216982
61.0765,-1.6656,0.23811500000000002
61.126000000000005,-1.65333,0.257683
61.1693,-1.64183,0.273254
61.2126,-1.6297,0.287139
61.2559,-1.617,0.299115
61.2992,-1.6038299999999999,0.30896399999999996
61.3425,-1.59028,0.316477
61.3858,-1.57646,0.32145100000000004
61.4291,-1.56249,0.32369899999999996
61.4723,-1.5484799999999999,0.32305100000000003
61.5156,-1.5345600000000001,0.31936
61.5596,-1.52067,0.31238299999999997
61.6043,-1.5069299999999999,0.30186199999999996
61.6499,-1.49346,0.287534
61.6967,-1.48044,0.26913899999999996
61.7447,-1.46803,0.246437
61.7944,-1.45645,0.21921500000000002
61.8462,-1.44591,0.187307
61.9007,-1.43669,0.150583
61.958999999999996,-1.4291200000000002,0.10886300000000002
62.0241,-1.4235799999999998,0.0613861
62.0949,-1.4210200000000002,0.0114299
62.1553,-1.42153,-0.0272401
62.2157,-1.4242,-0.0600982
62.2685,-1.4280000000000002,-0.08268810000000001
62.3213,-1.43282,-0.098618
62.3742,-1.43829,-0.10734500000000001
62.427,-1.44403,-0.108675
62.4798,-1.44964,-0.10274200000000001
62.5327,-1.45476,-0.0899501
62.5855,-1.45904,-0.0709055
62.6383,-1.4621600000000001,-0.0463348
62.6911,-1.46385,-0.017014500000000002
62.744,-1.4638799999999998,0.016285900000000002
62.7968,-1.46207,0.0528437
62.8496,-1.45825,0.0920059
62.9049,-1.4519799999999998,0.135181
62.9645,-1.4425,0.183516
63.0314,-1.42834,0.23945300000000003
63.1106,-1.40672,0.30694499999999997
63.1898,-1.37972,0.375204
63.2582,-1.3520299999999998,0.434479
63.3266,-1.32028,0.49403199999999997
63.395,-1.28444,0.55416
63.4659,-1.24288,0.617903
63.5426,-1.19275,0.69009
63.6327,-1.12645,0.7838579999999999
63.7214,-1.0522,0.895286
63.81,-0.966558,1.0452700000000001
63.8815,-0.8859520000000001,1.22059
63.9372,-0.812858,1.4178899999999999
63.9812,-0.7459279999999999,1.63602
64.0181,-0.681298,1.88332
64.0498,-0.61721,2.1648099999999997
64.0777,-0.552457,2.48509
64.1057,-0.477529,2.8981
64.1279,-0.408547,3.31489
64.1502,-0.329216,3.83195
64.169,-0.252272,4.3655800000000005
64.1878,-0.16431800000000002,5.00539
64.2066,-0.06320629999999999,5.76693
64.2228,0.0363964,6.5289
64.2391,0.14914000000000002,7.38536
64.2553,0.276425,8.316510000000001
64.2723,0.42628299999999997,9.32034
64.2871,0.571037,10.1463
64.2997,0.702237,10.7313
64.3122,0.8397290000000001,11.136
64.3229,0.959814,11.2822
64.3336,1.0803,11.205
64.3443,1.19865,10.8829
64.355,1.31225,10.3185
64.3657,1.41864,9.54086
64.3775,1.52491,8.502
64.3877,1.60633,7.51514
64.3978,1.67757,6.50633
64.408,1.7386599999999999,5.5262199999999995
64.4181,1.7901,4.613169999999999
64.429,1.83517,3.7423699999999998
64.4393,1.8699700000000001,3.02054
64.4496,1.89788,2.40637
64.4599,1.91998,1.8937
64.4689,1.93528,1.52193
64.4779,1.9475099999999999,1.21141
64.4869,1.95721,0.954008
64.4959,1.9648,0.741951
64.5049,1.97072,0.566262
64.5142,1.97528,0.420308
64.5238,1.9787,0.299452
64.5337,1.9811400000000001,0.199905
64.5439,1.98275,0.11845499999999999
64.5545,1.98364,0.052351199999999994
64.5656,1.9839200000000001,-0.000780561
64.5772,1.98365,-0.0429902
64.5894,1.98291,-0.0760487
64.6023,1.9817599999999997,-0.101482
64.6159,1.98025,-0.120597
64.6303,1.9784,-0.134506
64.6457,1.97625,-0.144144
64.6621,1.97383,-0.150289
64.6797,1.97115,-0.15357200000000001
64.6986,1.96823,-0.15449200000000002
64.7191,1.96508,-0.15343199999999999
64.7412,1.9617099999999998,-0.150667
64.7652,1.95815,-0.146385
64.7913,1.9544099999999998,-0.140703
64.8194,1.9505400000000002,-0.133694
64.8498,1.94661,-0.125414
64.8822,1.9426900000000002,-0.11592000000000001
64.9168,1.9388599999999998,-0.10527
64.9537,1.9351900000000002,-0.09348569999999999
64.9936,1.93173,-0.08048430000000001
65.0382,1.9284599999999998,-0.0658191
65.0845,1.92576,-0.0508298
65.1257,1.9239400000000002,-0.037970699999999996
65.1669,1.9226299999999998,-0.0257899
65.2081,1.9218,-0.014506799999999999
65.2433,1.92145,-0.00570652
65.2786,1.9213900000000002,0.00217173
65.3139,1.9215900000000001,0.00902709
65.3492,1.9220099999999998,0.0147738
65.3845,1.92262,0.019341999999999998
65.4198,1.92336,0.0226787
65.455,1.9242,0.0247476
65.4903,1.9250900000000002,0.0255295
65.5256,1.92599,0.0250212
65.5609,1.92684,0.0232351
65.5962,1.9276099999999998,0.0201983
65.6315,1.92825,0.0159512
65.6667,1.92872,0.0105467
65.702,1.9289900000000002,0.00404832
65.7373,1.929,-0.00347068
65.7726,1.9287299999999998,-0.0119287
65.8079,1.92815,-0.0212371
65.8431,1.9272200000000002,-0.0313012
65.8784,1.92593,-0.042021300000000004
65.9145,1.9242099999999998,-0.05355549999999999
65.9519,1.92198,-0.065986
65.991,1.91913,-0.07939969999999999
66.0328,1.9155099999999998,-0.0940005
66.0795,1.91074,-0.1104
66.1279,1.9049900000000002,-0.12728299999999998
66.171,1.89917,-0.141978
66.2142,1.89274,-0.156126
66.2574,1.8857099999999998,-0.16953
66.2947,1.87917,-0.18038099999999999
66.3321,1.8722400000000001,-0.190405
66.3694,1.86495,-0.199485
66.4068,1.8573400000000002,-0.207508
66.4442,1.8494599999999999,-0.21436599999999997
66.4815,1.8413400000000002,-0.219962
66.5189,1.8330400000000002,-0.224203
66.5563,1.8246099999999998,-0.22701
66.5936,1.8161,-0.22831300000000002
66.631,1.8075700000000001,-0.228057
66.6683,1.7990700000000002,-0.226201
66.7057,1.7906799999999998,-0.22272199999999998
66.7431,1.78245,-0.217615
66.7804,1.7744400000000002,-0.210898
66.8178,1.7667099999999998,-0.20260799999999998
66.8552,1.75932,-0.19280999999999998
66.8925,1.75232,-0.181591
66.9305,1.74567,-0.16885799999999998
66.9694,1.73937,-0.15456099999999998
67.0095,1.73348,-0.138683
67.0514,1.7280400000000002,-0.12119500000000001
67.0955,1.72311,-0.101992
67.1435,1.7187299999999999,-0.08071539999999999
67.2005,1.7148400000000001,-0.055630099999999995
67.2488,1.71265,-0.0351624
67.2971,1.71143,-0.0160013
67.3392,1.71108,-0.0007875
67.3813,1.71134,0.012735
67.4233,1.71212,0.024296400000000003
67.4654,1.71335,0.03367390000000001
67.5074,1.71492,0.0406959
67.5495,1.7167400000000002,0.045245
67.5915,1.71869,0.0472579
67.6286,1.7204400000000002,0.0469167
67.6658,1.72215,0.044612900000000004
67.7029,1.72373,0.040396800000000004
67.74,1.7251299999999998,0.034342000000000004
67.7772,1.72626,0.0265426
67.8143,1.72708,0.017108900000000003
67.8514,1.7275099999999999,0.00616512
67.8893,1.7275099999999999,-0.00643257
67.928,1.7269999999999999,-0.020578700000000002
67.9674,1.7258799999999999,-0.0362374
68.008,1.72406,-0.0534023
68.05,1.72143,-0.0721056
68.0939,1.7178200000000001,-0.09245149999999999
68.1407,1.71298,-0.11470699999999999
68.1924,1.7064,-0.139632
68.2584,1.6961400000000002,-0.171351
68.3079,1.68708,-0.194578
68.3573,1.6769,-0.21693600000000002
68.4068,1.66563,-0.238076
68.4563,1.65336,-0.257651
68.4996,1.6418599999999999,-0.27322399999999997
68.5429,1.62973,-0.287112
68.5862,1.61703,-0.299091
68.6295,1.60386,-0.308944
68.6728,1.5903200000000002,-0.31645999999999996
68.7161,1.5765,-0.321438
68.7594,1.5625200000000001,-0.323691
68.8027,1.54851,-0.323048
68.8459,1.5346,-0.319362
68.8899,1.52071,-0.312391
68.9346,1.50696,-0.301877
68.9802,1.4935,-0.287556
69.027,1.48048,-0.269169
69.075,1.46807,-0.24647399999999997
69.1247,1.45648,-0.219261
69.1765,1.44594,-0.187363
69.2309,1.43672,-0.150649
69.2893,1.4291399999999999,-0.10894000000000001
69.3543,1.4236,-0.0614778
69.4252,1.4210399999999999,-0.0114917
69.4856,1.42154,0.027187700000000002
69.546,1.42421,0.060057000000000006
69.5988,1.4280000000000002,0.08265610000000001
69.6516,1.43282,0.098596
69.7045,1.4383,0.107333
69.7573,1.44403,0.108674
69.8101,1.44965,0.10274900000000001
69.863,1.4547700000000001,0.08996610000000001
69.9158,1.45904,0.0709288
69.9686,1.46217,0.046364300000000004
70.0215,1.46386,0.017049
70.0743,1.4639,-0.0162476
70.1271,1.46209,-0.0528024
70.1799,1.4582700000000002,-0.09196239999999999
70.2352,1.452,-0.135131
70.2948,1.44252,-0.18345699999999998
70.3617,1.42838,-0.239382
70.4409,1.40675,-0.306888
70.5201,1.37975,-0.375162
70.5885,1.35207,-0.43443000000000004
70.6569,1.3203200000000002,-0.49397700000000005
70.7253,1.28449,-0.5540970000000001
70.7962,1.2429299999999999,-0.6178279999999999
70.8729,1.19282,-0.689991
70.96300000000001,1.12655,-0.783696
71.0517,1.0523,-0.8950959999999999
71.1404,0.9666629999999999,-1.04502
71.2119,0.8860549999999999,-1.22028
71.2676,0.812948,-1.41754
71.3116,0.746016,-1.63562
71.3484,0.6813859999999999,-1.8828599999999998
71.3802,0.6172989999999999,-2.1642799999999998
71.4081,0.55255,-2.48449
71.4361,0.477625,-2.89741
71.4583,0.408649,-3.31411
71.4806,0.329324,-3.8310699999999995
71.4994,0.252389,-4.3646
71.5182,0.164444,-5.0043
71.53699999999999,0.0633415,-5.7657300000000005
71.5533,-0.0362442,-6.52757
71.5695,-0.14896900000000002,-7.3839
71.5857,-0.276235,-8.31498
71.6027,-0.42604,-9.31864
71.6176,-0.570828,-10.1451
71.6301,-0.70204,-10.7304
71.6427,-0.83955,-11.1354
71.6534,-0.959641,-11.282
71.6641,-1.08013,-11.2051
71.6748,-1.1985,-10.8833
71.6855,-1.3121200000000002,-10.3191
71.6962,-1.41852,-9.54166
71.7079,-1.52478,-8.50327
71.7181,-1.60622,-7.5164
71.7282,-1.6774799999999999,-6.50749
71.7384,-1.73858,-5.52724
71.7486,-1.79004,-4.61402
71.7594,-1.83512,-3.74327
71.7697,-1.8699299999999999,-3.02128
71.78,-1.8978400000000002,-2.4069700000000003
71.7903,-1.91995,-1.89418
71.7993,-1.93525,-1.52233
71.8083,-1.9474900000000002,-1.21174
71.8173,-1.9571900000000002,-0.9542790000000001
71.8263,-1.96478,-0.742173
71.8354,-1.9707,-0.566447
71.8447,-1.97527,-0.420462
71.8542,-1.97868,-0.29958
71.8641,-1.9811299999999998,-0.200011
71.8743,-1.9827400000000002,-0.11854300000000001
71.8849,-1.98363,-0.052423300000000006
71.896,-1.9839099999999998,0.000721394
71.9077,-1.98364,0.0429418
71.9199,-1.98291,0.0760093
71.9327,-1.9817599999999997,0.10145
71.9463,-1.9802400000000002,0.12057000000000001
71.9608,-1.97839,0.134484
71.9761,-1.97625,0.144126
71.9925,-1.97383,0.150274
72.0101,-1.97115,0.153558
72.0291,-1.96823,0.15448
72.0495,-1.96508,0.153421
72.0716,-1.9617099999999998,0.15065699999999999
72.0956,-1.9581400000000002,0.146376
72.1217,-1.9544099999999998,0.140694
72.1498,-1.9505400000000002,0.133685
72.1802,-1.94661,0.125405
72.2126,-1.9426900000000002,0.11591099999999999
72.2472,-1.9388599999999998,0.105261
72.2841,-1.9351900000000002,0.0934765
72.324,-1.93173,0.08047460000000001
72.3686,-1.9284599999999998,0.06580810000000001
72.4149,-1.92576,0.050823
72.4561,-1.9239400000000002,0.0379647
72.4973,-1.9226299999999998,0.025784699999999997
72.5385,-1.9218,0.0145025
72.5737,-1.92145,0.0057028
72.609,-1.9213900000000002,-0.00217487
72.6443,-1.9215900000000001,-0.00902964
72.6796,-1.9220099999999998,-0.014775700000000001
72.7149,-1.92262,-0.019343400000000004
72.7502,-1.92336,-0.0226795
72.7854,-1.9242,-0.0247479
72.8207,-1.9251,-0.0255293
72.85600000000001,-1.92599,-0.0250205
72.8913,-1.92685,-0.023234
72.9266,-1.9276200000000001,-0.020196799999999997
72.9618,-1.9282599999999999,-0.015949500000000002
72.9971,-1.9287299999999998,-0.0105447
73.0324,-1.9289900000000002,-0.00404616
73.0677,-1.929,0.0034729999999999995
73.10300000000001,-1.9287299999999998,0.0119311
73.1383,-1.92815,0.021239599999999997
73.1735,-1.9272200000000002,0.0313036
73.2088,-1.92593,0.0420237
73.2449,-1.9242099999999998,0.053558
73.2823,-1.92198,0.06598860000000001
73.3214,-1.91913,0.0794025
73.3632,-1.9155099999999998,0.0940035
73.4098,-1.91074,0.110404
73.4583,-1.9049900000000002,0.12728499999999998
73.5014,-1.8991799999999999,0.141979
73.5446,-1.89274,0.156128
73.5877,-1.8857099999999998,0.169531
73.6251,-1.87917,0.18038099999999999
73.6625,-1.8722400000000001,0.190405
73.6998,-1.86495,0.199485
73.7372,-1.85735,0.207508
73.7746,-1.8494599999999999,0.21436599999999997
73.8119,-1.8413400000000002,0.21996100000000002
73.8493,-1.8330400000000002,0.224203
73.8866,-1.8246099999999998,0.22700900000000002
73.92399999999999,-1.8161,0.228312
73.9614,-1.8075700000000001,0.22805599999999998
73.9987,-1.79908,0.2262
74.0361,-1.7906900000000001,0.222721
74.0735,-1.78245,0.21761399999999997
74.1108,-1.7744400000000002,0.210896
74.1482,-1.76672,0.20260699999999998
74.1855,-1.75932,0.19280799999999998
74.2229,-1.75233,0.18159
74.2609,-1.74567,0.168857
74.2998,-1.73937,0.154559
74.3399,-1.73348,0.138682
74.3817,-1.72805,0.12119400000000001
74.4259,-1.72312,0.10199
74.4739,-1.7187299999999999,0.0807142
74.5309,-1.71485,0.0556288
74.5792,-1.7126599999999998,0.0351615
74.6275,-1.71143,0.0160007
74.6696,-1.71108,0.0007871530000000001
74.7116,-1.71134,-0.0127351
74.7537,-1.71213,-0.024296400000000003
74.7957,-1.71335,-0.033673699999999994
74.8378,-1.71492,-0.0406956
74.8798,-1.7167400000000002,-0.0452445
74.9219,-1.71869,-0.0472573
74.959,-1.72045,-0.0469162
74.9962,-1.72215,-0.0446124
75.0333,-1.72374,-0.0403963
75.0704,-1.7251299999999998,-0.0343416
75.1075,-1.72627,-0.026542200000000002
75.1447,-1.72708,-0.0171087
75.1818,-1.7275200000000002,-0.00616497
75.2197,-1.7275200000000002,0.00643259
75.2584,-1.7269999999999999,0.0205786
75.2978,-1.7258799999999999,0.0362371
75.3384,-1.72407,0.053401800000000006
75.3804,-1.72144,0.0721049
75.4243,-1.7178200000000001,0.0924507
75.4711,-1.71298,0.11470599999999999
75.5228,-1.7064099999999998,0.139631
75.5888,-1.6961400000000002,0.171349
75.6382,-1.6870900000000002,0.194575
75.6877,-1.6769,0.216933
75.7372,-1.6656400000000002,0.238073
75.7867,-1.65336,0.25764899999999996
75.83,-1.6418700000000002,0.27322199999999996
75.8733,-1.62973,0.287109
75.9166,-1.61704,0.299088
75.9599,-1.6038700000000001,0.30894099999999997
76.0032,-1.5903200000000002,0.31645700000000004
76.0464,-1.5765,0.321436
76.0897,-1.56253,0.323689
76.133,-1.5485200000000001,0.32304499999999997
76.1763,-1.5346,0.31936
76.2203,-1.52071,0.312389
76.265,-1.5069700000000001,0.301875
76.3106,-1.4935100000000001,0.287555
76.3573,-1.48048,0.26916799999999996
76.4054,-1.4680799999999998,0.24647399999999997
76.4551,-1.45649,0.21926199999999998
76.5069,-1.44595,0.187365
76.5613,-1.4367299999999998,0.150652
76.6197,-1.42915,0.108944
76.6847,-1.42361,0.0614836
76.7555,-1.42105,0.011496600000000001
76.8159,-1.42154,-0.027182799999999997
76.8764,-1.42421,-0.0600524
76.9292,-1.42801,-0.082652
76.982,-1.4328299999999998,-0.0985925
77.0348,-1.4383,-0.107331
77.0877,-1.44404,-0.108672
77.1405,-1.44965,-0.10274900000000001
77.1933,-1.4547700000000001,-0.0899669
77.2462,-1.45905,-0.07093089999999999
77.29899999999999,-1.46217,-0.0463676
77.3518,-1.46386,-0.0170535
77.4047,-1.4639,0.016241899999999997
77.4575,-1.46209,0.052795600000000005
77.5103,-1.45828,0.09195460000000001
77.5656,-1.45201,0.135122
77.6252,-1.4425299999999999,0.183446
77.6921,-1.42839,0.239367
77.7713,-1.40676,0.306875
77.8505,-1.37976,0.375151
77.9189,-1.35208,0.434417
77.9873,-1.32033,0.493962
78.0557,-1.2845,0.554079
78.1266,-1.24294,0.617805
78.2033,-1.19284,0.68996
78.2933,-1.12659,0.783645
78.382,-1.05234,0.895034
78.4707,-0.9666950000000001,1.04494
78.5423,-0.8860870000000001,1.2201799999999998
78.5979,-0.8129770000000001,1.41743
78.642,-0.746043,1.6354899999999999
78.6788,-0.681413,1.8827099999999999
78.7106,-0.6173270000000001,2.16411
78.7385,-0.552579,2.48429
78.7665,-0.477655,2.89718
78.7887,-0.408681,3.31385
78.811,-0.329358,3.8307800000000003
78.8298,-0.25242600000000004,4.36428
78.8486,-0.164484,5.00394
78.8674,-0.0633848,5.76534
78.8837,0.0361953,6.5271300000000005
78.8999,0.14891400000000002,7.38342
78.9161,0.276173,8.31448
78.9331,0.425962,9.31808
78.94800000000001,0.570761,10.1447
78.9605,0.7019770000000001,10.7301
78.9731,0.839492,11.1352
78.9838,0.959585,11.2819
78.9945,1.08008,11.2051
79.0052,1.19845,10.8834
79.0159,1.31207,10.3193
79.0266,1.41848,9.541910000000001
79.0383,1.52474,8.50367
79.0485,1.60619,7.516789999999999
79.0586,1.67745,6.50786
79.0688,1.7385599999999999,5.52756
79.079,1.79003,4.6142900000000004
79.0898,1.8351,3.74355
79.1001,1.86991,3.0215099999999997
79.1104,1.89783,2.4071599999999997
79.1207,1.9199400000000002,1.8943299999999998
79.1297,1.93524,1.52245
79.1387,1.9474900000000002,1.21184
79.1477,1.95718,0.954364
79.1567,1.9647700000000001,0.742243
79.1658,1.9707,0.566505
79.1751,1.9752599999999998,0.42051000000000005
79.1846,1.97868,0.299621
79.1945,1.9811299999999998,0.200045
79.2047,1.9827400000000002,0.11857100000000001
79.2154,1.98363,0.052446400000000004
79.2264,1.9839099999999998,-0.000702391
79.2381,1.98364,-0.0429262
79.2503,1.9829,-0.0759963
79.2631,1.98175,-0.101439
79.2767,1.9802400000000002,-0.12056099999999999
79.2912,1.97839,-0.134476
79.3065,1.97625,-0.14412
79.3229,1.9738200000000001,-0.150268
79.3405,1.97115,-0.153553
79.3595,1.96823,-0.154475
79.3799,1.96508,-0.153416
79.402,1.9617099999999998,-0.150653
79.426,1.9581400000000002,-0.146371
79.4521,1.9544,-0.14069
79.4802,1.9505400000000002,-0.133681
79.5106,1.94661,-0.125401
79.543,1.9426900000000002,-0.115907
79.5776,1.9388599999999998,-0.10525599999999999
79.6145,1.9351900000000002,-0.09347180000000001
79.6544,1.93173,-0.0804695
79.699,1.9284599999999998,-0.06580239999999998
79.7453,1.92577,-0.0508195
79.7865,1.9239400000000002,-0.0379615
79.8277,1.9226299999999998,-0.025782099999999995
79.8689,1.9218,-0.014500299999999999
79.9041,1.92145,-0.00570086
79.9394,1.9213900000000002,0.00217652
79.9747,1.9215900000000001,0.00903099
80.01,1.92202,0.0147768
80.0453,1.92262,0.019344099999999996
80.0805,1.92337,0.022680000000000002
80.1158,1.9242099999999998,0.0247481
80.1511,1.9251,0.025529200000000002
80.1864,1.92599,0.0250202
80.2217,1.92685,0.0232335
80.257,1.9276200000000001,0.020196099999999998
80.2922,1.9282599999999999,0.0159486
80.3275,1.9287299999999998,0.010543700000000001
80.3628,1.9289900000000002,0.00404503
80.3981,1.929,-0.00347421
80.4334,1.9287299999999998,-0.0119324
80.4686,1.92815,-0.021240900000000004
80.5039,1.92723,-0.031305
80.5392,1.92593,-0.042025
80.5753,1.9242099999999998,-0.05355940000000001
80.6127,1.92198,-0.06599010000000001
80.6518,1.91913,-0.0794041
80.6936,1.9155099999999998,-0.0940052
80.7402,1.91074,-0.11040599999999999
80.7886,1.9049900000000002,-0.12728599999999998
80.8318,1.8991799999999999,-0.14198
80.875,1.89274,-0.156129
80.9181,1.8857099999999998,-0.169532
80.9555,1.87917,-0.180382
80.9929,1.8722400000000001,-0.190406
81.0302,1.86495,-0.199485
81.0676,1.85735,-0.207508
81.1049,1.8494599999999999,-0.21436599999999997
81.1423,1.84135,-0.21996100000000002
81.1797,1.8330400000000002,-0.22420199999999998
81.217,1.8246099999999998,-0.22700900000000002
81.2544,1.8161,-0.228312
81.2918,1.8075700000000001,-0.228055
81.3291,1.79908,-0.22619899999999998
81.3665,1.7906900000000001,-0.22271999999999997
81.4038,1.78246,-0.217613
81.4412,1.77445,-0.210896
81.4786,1.76672,-0.202606
81.5159,1.75932,-0.19280799999999998
81.5533,1.75233,-0.181589
81.5912,1.74567,-0.168856
81.6302,1.73938,-0.154558
81.6703,1.7334900000000002,-0.138681
81.7121,1.72805,-0.12119300000000001
81.7563,1.72312,-0.101989
81.8043,1.7187299999999999,-0.08071339999999999
81.8613,1.71485,-0.0556279
81.9096,1.7126599999999998,-0.035160699999999996
81.9579,1.71143,-0.016000200000000003
82.0,1.71108,-0.0007867610000000001
82.042,1.71134,0.0127354
82.0841,1.71213,0.0242965
82.1261,1.71335,0.033673699999999994
82.1682,1.7149299999999998,0.040695499999999996
82.2102,1.7167400000000002,0.045244400000000004
82.2523,1.7187,0.04725719999999999
82.2894,1.72045,0.046915899999999996
82.3265,1.72215,0.044612099999999995
82.3637,1.72374,0.040396
82.4008,1.7251299999999998,0.0343414
82.4379,1.72627,0.026542000000000003
82.4751,1.72708,0.0171084
82.5122,1.7275200000000002,0.00616473
82.5501,1.7275200000000002,-0.006432800000000001
82.5887,1.7269999999999999,-0.020578700000000002
82.6282,1.7258799999999999,-0.0362372
82.6688,1.72407,-0.0534019
82.7107,1.72144,-0.07210499999999999
82.7547,1.7178200000000001,-0.09245060000000001
82.8015,1.71298,-0.11470599999999999
82.8531,1.7064099999999998,-0.13963
82.9191,1.6961400000000002,-0.171349
82.9686,1.6870900000000002,-0.194575
83.0181,1.6769,-0.216933
83.0676,1.6656400000000002,-0.238073
83.1171,1.65337,-0.257648
83.1604,1.6418700000000002,-0.273221
83.2037,1.62973,-0.287108
83.24700000000001,1.61704,-0.299087
83.2902,1.6038700000000001,-0.30894
83.3335,1.5903200000000002,-0.31645700000000004
83.3768,1.57651,-0.32143499999999997
83.4201,1.56253,-0.32368800000000003
83.4634,1.5485200000000001,-0.323044
83.5067,1.5346,-0.319359
83.5506,1.52071,-0.312389
83.5954,1.5069700000000001,-0.301875
83.641,1.4935100000000001,-0.287554
83.6877,1.4804899999999999,-0.26916799999999996
83.7358,1.4680799999999998,-0.24647399999999997
83.7855,1.45649,-0.21926199999999998
83.8372,1.44595,-0.187365
83.8917,1.4367299999999998,-0.150652
83.95,1.42915,-0.108945
84.0151,1.42361,-0.061485000000000005
84.0859,1.42105,-0.0114979
84.1463,1.42155,0.0271814
84.2067,1.42422,0.060050900000000004
84.2596,1.42801,0.0826506
84.3124,1.4328299999999998,0.0985913
84.3652,1.4383,0.10733
84.4181,1.44404,0.108671
84.4709,1.44966,0.10274900000000001
84.5237,1.45478,0.08996699999999999
84.5765,1.45905,0.07093150000000001
84.6294,1.46217,0.0463687
84.6822,1.46387,0.017055
84.735,1.4639,-0.01624
84.7879,1.46209,-0.0527933
84.8407,1.45828,-0.09195189999999999
84.896,1.45201,-0.13511800000000002
84.9555,1.4425299999999999,-0.183442
85.0225,1.42839,-0.239362
85.1017,1.40677,-0.306871
85.1809,1.37976,-0.375146
85.2493,1.35208,-0.43441199999999996
85.3177,1.32034,-0.49395600000000006
85.3861,1.2845,-0.554072
85.45700000000001,1.24295,-0.617796
85.5337,1.19285,-0.689948
85.6237,1.1266,-0.783625
85.7124,1.05235,-0.8950110000000001
85.8011,0.966708,-1.04491
85.8726,0.886099,-1.22014
85.9283,0.812987,-1.4173799999999999
85.9723,0.746053,-1.63544
86.0092,0.681423,-1.88265
86.041,0.617338,-2.16404
86.0689,0.5525899999999999,-2.48421
86.0969,0.477667,-2.89709
86.1191,0.408694,-3.31375
86.1414,0.329372,-3.8306699999999996
86.1602,0.25244,-4.36415
86.179,0.164499,-5.0038
86.1978,0.0634014,-5.7651900000000005
86.214,-0.0361765,-6.52696
86.2303,-0.148893,-7.38323
86.2465,-0.27615,-8.31428
86.2635,-0.425932,-9.317860000000001
86.2783,-0.570735,-10.1445
86.2909,-0.701952,-10.73
86.3035,-0.839469,-11.1351
86.3142,-0.9595629999999999,-11.2819
86.3249,-1.08006,-11.2051
86.3356,-1.1984299999999999,-10.8835
86.3463,-1.31206,-10.3194
86.35700000000001,-1.4184700000000001,-9.542010000000001
86.3687,-1.52472,-8.50382
86.3789,-1.60617,-7.516939999999999
86.389,-1.67744,-6.507999999999999
86.3992,-1.73855,-5.52768
86.4094,-1.7900200000000002,-4.61439
86.4202,-1.83509,-3.74365
86.4305,-1.8699,-3.0216
86.4408,-1.89782,-2.4072299999999998
86.4511,-1.91993,-1.8943900000000002
86.4601,-1.93524,-1.5225
86.4691,-1.9474799999999999,-1.2118799999999998
86.4781,-1.95718,-0.9543969999999999
86.4871,-1.9647700000000001,-0.74227
86.4962,-1.9707,-0.5665279999999999
86.5055,-1.9752599999999998,-0.420529
86.515,-1.97868,-0.299636
86.5249,-1.98112,-0.20005799999999999
86.5351,-1.9827400000000002,-0.11858199999999999
86.5457,-1.98363,-0.0524552
86.5568,-1.9839,0.0006950869999999999
86.5685,-1.98364,0.042920099999999996
86.5807,-1.9829,0.0759914
86.5935,-1.98175,0.101435
86.6071,-1.9802400000000002,0.120558
86.6216,-1.97839,0.134473
86.6369,-1.9762400000000002,0.144117
86.6533,-1.9738200000000001,0.150266
86.6709,-1.97115,0.153551
86.6899,-1.96823,0.154474
86.7103,-1.96508,0.153415
86.7324,-1.9617099999999998,0.150651
86.7564,-1.9581400000000002,0.14637
86.7825,-1.9544,0.140688
86.8106,-1.9505400000000002,0.133679
86.84100000000001,-1.94661,0.125399
86.8734,-1.9426900000000002,0.115905
86.90799999999999,-1.9388599999999998,0.105255
86.9449,-1.9351900000000002,0.0934699
86.9848,-1.93173,0.0804676
87.0294,-1.9284599999999998,0.06580019999999999
87.0757,-1.92577,0.0508181
87.1169,-1.9239400000000002,0.0379603
87.1581,-1.9226299999999998,0.025781000000000002
87.1992,-1.9218,0.0144994
87.2345,-1.92145,0.00570008
87.2698,-1.9213900000000002,-0.00217717
87.3051,-1.9215900000000001,-0.00903153
87.3404,-1.92202,-0.014777200000000002
87.3756,-1.92262,-0.0193444
87.4109,-1.92337,-0.022680099999999998
87.4462,-1.9242099999999998,-0.0247482
87.4815,-1.9251,-0.025529200000000002
87.5168,-1.92599,-0.0250201
87.5521,-1.92685,-0.0232333
87.5873,-1.9276200000000001,-0.0201959
87.6226,-1.9282599999999999,-0.015948300000000002
87.6579,-1.9287299999999998,-0.010543299999999999
87.6932,-1.9289900000000002,-0.00404458
87.7285,-1.929,0.0034747
87.7637,-1.9287299999999998,0.0119329
87.79899999999999,-1.92815,0.0212414
87.8343,-1.92723,0.0313055
87.8696,-1.92593,0.042025599999999996
87.9057,-1.9242099999999998,0.05355990000000001
87.943,-1.92198,0.0659907
87.9822,-1.91913,0.07940470000000001
88.024,-1.9155099999999998,0.0940059
88.0706,-1.91074,0.11040599999999999
88.119,-1.9049900000000002,0.12728699999999998
88.1622,-1.8991799999999999,0.141981
88.2054,-1.89274,0.156129
88.2485,-1.8857099999999998,0.169532
88.2859,-1.87917,0.180382
88.3232,-1.8722400000000001,0.190406
88.3606,-1.86495,0.199486
88.398,-1.85735,0.207508
88.4353,-1.8494599999999999,0.21436599999999997
88.4727,-1.84135,0.21996100000000002
88.5101,-1.8330400000000002,0.22420199999999998
88.5474,-1.8246099999999998,0.22700900000000002
88.5848,-1.8161,0.228312
88.6221,-1.8075700000000001,0.228055
88.6595,-1.79908,0.22619899999999998
88.6969,-1.7906900000000001,0.22271999999999997
88.7342,-1.78246,0.217613
88.7716,-1.77445,0.21089499999999997
88.8089,-1.76672,0.202606
88.8463,-1.7593299999999998,0.192807
88.8837,-1.75233,0.181589
88.9216,-1.74567,0.168856
88.9605,-1.73938,0.154558
89.0007,-1.7334900000000002,0.138681
89.0425,-1.72805,0.12119300000000001
89.0867,-1.72312,0.101989
89.1347,-1.7187299999999999,0.08071310000000001
89.1917,-1.71485,0.055627499999999996
89.24,-1.7126599999999998,0.0351604
89.2883,-1.71143,0.016
89.3304,-1.71108,0.0007866
89.3724,-1.71134,-0.0127355
89.4145,-1.71213,-0.024296599999999998
89.4565,-1.71335,-0.033673800000000004
89.4986,-1.7149299999999998,-0.040695499999999996
89.5406,-1.7167400000000002,-0.0452443
89.5827,-1.7187,-0.047257099999999996
89.6198,-1.72045,-0.046915899999999996
89.6569,-1.72216,-0.044612
89.6941,-1.72374,-0.0403959
89.7312,-1.7251299999999998,-0.034341199999999995
89.7683,-1.72627,-0.026541900000000004
89.8054,-1.72708,-0.0171083
89.8426,-1.7275200000000002,-0.00616464
89.8805,-1.7275200000000002,0.00643289
89.9191,-1.7269999999999999,0.020578799999999998
89.9586,-1.7258799999999999,0.03623730000000001
89.9991,-1.72407,0.053402
90.0411,-1.72144,0.07210499999999999
90.0851,-1.71783,0.09245060000000001
90.1318,-1.71298,0.11470599999999999
90.1835,-1.7064099999999998,0.13963
90.2495,-1.69615,0.171349
90.29899999999999,-1.6870900000000002,0.194575
90.3485,-1.6769,0.216933
90.398,-1.6656400000000002,0.238073
90.4475,-1.65337,0.257648
90.4908,-1.6418700000000002,0.273221
90.53399999999999,-1.62973,0.287108
90.5773,-1.61704,0.299087
90.6206,-1.6038700000000001,0.30894
90.6639,-1.5903200000000002,0.316456
90.7072,-1.57651,0.32143499999999997
90.7505,-1.56253,0.323687
90.7938,-1.5485200000000001,0.323044
90.8371,-1.53461,0.319359
90.881,-1.52071,0.312388
90.9257,-1.5069700000000001,0.301874
90.9714,-1.4935100000000001,0.287554
91.0181,-1.4804899999999999,0.269167
91.0662,-1.4680799999999998,0.24647399999999997
91.1159,-1.45649,0.21926199999999998
91.1676,-1.44595,0.187365
91.2221,-1.43674,0.150653
91.2804,-1.42915,0.108946
91.3454,-1.42361,0.0614855
91.4163,-1.42105,0.011498399999999999
91.4767,-1.42155,-0.027180799999999998
91.5371,-1.42422,-0.060050400000000004
91.59,-1.42801,-0.08265
91.6428,-1.4328299999999998,-0.0985908
91.6956,-1.4383,-0.107329
91.7484,-1.44404,-0.108671
91.8013,-1.44966,-0.10274900000000001
91.8541,-1.45478,-0.08996710000000001
91.9069,-1.45905,-0.0709318
91.9598,-1.46217,-0.046369099999999996
92.0126,-1.46387,-0.017055599999999997
92.0654,-1.46391,0.0162392
92.1182,-1.46209,0.052792399999999996
92.1711,-1.45828,0.0919508
92.2264,-1.45201,0.13511700000000001
92.2859,-1.4425299999999999,0.18344100000000002
92.3529,-1.42839,0.23936
92.4321,-1.40677,0.306869
92.5113,-1.37976,0.375145
92.5797,-1.35208,0.43441
92.648,-1.32034,0.493954
92.7164,-1.28451,0.5540689999999999
92.7874,-1.24295,0.617793
92.86399999999999,-1.19285,0.689944
92.9541,-1.1266,0.783617
93.0428,-1.05235,0.8950020000000001
93.1315,-0.9667120000000001,1.0449
93.20299999999999,-0.8861040000000001,1.22012
93.2587,-0.812991,1.41737
93.3027,-0.746058,1.63542
93.3396,-0.681427,1.88263
93.3714,-0.6173420000000001,2.1640099999999998
93.3993,-0.5525939999999999,2.48418
93.4272,-0.477671,2.8970599999999997
93.4495,-0.408699,3.31371
93.4718,-0.329377,3.83063
93.4906,-0.252445,4.3641
93.5094,-0.16450499999999998,5.00375
93.5282,-0.0634079,5.76513
93.5444,0.03616919999999999,6.52689
93.5607,0.148885,7.38316
93.5769,0.27614,8.3142
93.5939,0.42591999999999997,9.31778
93.6087,0.570725,10.1445
93.6213,0.701943,10.7299
93.6338,0.839461,11.1351
93.6445,0.9595549999999999,11.2819
93.6552,1.08005,11.2051
93.6659,1.1984299999999999,10.8835
93.6766,1.31205,10.3194
93.6873,1.41846,9.54204
93.6991,1.52472,8.50388
93.7093,1.60617,7.517
93.7194,1.67743,6.50805
93.7296,1.73855,5.52773
93.7398,1.7900200000000002,4.6144300000000005
93.7506,1.83509,3.7437
93.7609,1.8699,3.02163
93.7712,1.89782,2.40726
93.7815,1.91993,1.89441
93.7905,1.93524,1.52252
93.7995,1.9474799999999999,1.2119
93.8085,1.95718,0.9544100000000001
93.8175,1.9647700000000001,0.74228
93.8266,1.97069,0.5665359999999999
93.8359,1.9752599999999998,0.42053599999999997
93.8454,1.97868,0.299642
93.8553,1.98112,0.20006300000000002
93.8655,1.9827400000000002,0.11858599999999998
93.8761,1.98363,0.0524587
93.8872,1.9839,-0.000692235
93.8988,1.98364,-0.042917800000000006
93.911,1.9829,-0.07598939999999998
93.9239,1.98175,-0.10143300000000001
93.9375,1.9802400000000002,-0.120557
93.9519,1.97839,-0.134472
93.9673,1.9762400000000002,-0.14411600000000002
93.9837,1.9738200000000001,-0.150265
94.0013,1.97115,-0.153551
94.0202,1.96823,-0.154473
94.0407,1.96508,-0.15341400000000002
94.0628,1.9617099999999998,-0.15065
94.0868,1.9581400000000002,-0.146369
94.1129,1.9544,-0.14068699999999998
94.141,1.9505400000000002,-0.133678
94.1713,1.94661,-0.125398
94.2038,1.9426900000000002,-0.115905
94.2384,1.9388599999999998,-0.105254
94.2753,1.9351900000000002,-0.0934692
94.3151,1.93173,-0.0804668
94.3598,1.9284599999999998,-0.0657993
94.4061,1.92577,-0.0508176
94.4473,1.9239400000000002,-0.0379598
94.4884,1.9226299999999998,-0.025780599999999997
94.5296,1.9218,-0.014499100000000001
94.5649,1.92145,-0.00569978
94.6002,1.9213900000000002,0.00217743
94.6355,1.9215900000000001,0.00903174
94.6707,1.92202,0.0147774
94.706,1.92262,0.0193445
94.7413,1.92337,0.0226802
94.7766,1.9242099999999998,0.0247482
94.8119,1.9251,0.025529200000000002
94.8472,1.92599,0.02502
94.8824,1.92685,0.0232332
94.9177,1.9276200000000001,0.0201957
94.95299999999999,1.9282599999999999,0.0159482
94.9883,1.9287299999999998,0.0105432
95.0236,1.9289900000000002,0.0040444
95.0588,1.929,-0.00347488
95.0941,1.9287299999999998,-0.0119331
95.1294,1.92815,-0.0212416
95.1647,1.92723,-0.0313057
95.2,1.92593,-0.0420258
95.2361,1.9242099999999998,-0.053560199999999995
95.2734,1.92198,-0.0659909
95.3126,1.91913,-0.0794049
95.3544,1.9155099999999998,-0.09400610000000001
95.40100000000001,1.91074,-0.11040699999999999
95.4494,1.9049900000000002,-0.12728699999999998
95.4926,1.8991799999999999,-0.141981
95.5357,1.89274,-0.156129
95.5789,1.8857099999999998,-0.169532
95.6163,1.87917,-0.180382
95.6536,1.8722400000000001,-0.190406
95.691,1.86495,-0.199486
95.7283,1.85735,-0.207508
95.7657,1.8494599999999999,-0.21436599999999997
95.8031,1.84135,-0.21996100000000002
95.8404,1.8330400000000002,-0.22420199999999998
95.8778,1.8246099999999998,-0.22700900000000002
95.9152,1.8161,-0.228312
95.9525,1.8075700000000001,-0.228055
95.9899,1.79908,-0.22619899999999998
96.0272,1.7906900000000001,-0.22271999999999997
96.0646,1.78246,-0.217613
96.102,1.77445,-0.21089499999999997
96.1393,1.76672,-0.202606
96.1767,1.7593299999999998,-0.192807
96.2141,1.75233,-0.181589
96.25200000000001,1.74567,-0.168856
96.2909,1.73938,-0.154558
96.3311,1.7334900000000002,-0.138681
96.3729,1.72805,-0.12119300000000001
96.4171,1.72312,-0.101989
96.4651,1.7187299999999999,-0.080713
96.5221,1.71485,-0.055627300000000005
96.5704,1.7126599999999998,-0.0351603
96.6187,1.71143,-0.0159999
96.6607,1.71108,-0.000786537
96.7028,1.71134,0.0127355
96.7448,1.71213,0.024296599999999998
96.7869,1.71335,0.033673800000000004
96.8289,1.7149299999999998,0.040695499999999996
96.87100000000001,1.7167400000000002,0.0452443
96.9131,1.7187,0.047257099999999996
96.9502,1.72045,0.0469158
96.9873,1.72216,0.044612
97.0244,1.72374,0.0403959
97.0616,1.7251299999999998,0.034341199999999995
97.0987,1.72627,0.0265418
97.1358,1.72708,0.0171083
97.17299999999999,1.7275200000000002,0.0061646
97.2109,1.7275200000000002,-0.00643293
97.2495,1.7269999999999999,-0.020578799999999998
97.289,1.7258799999999999,-0.03623730000000001
97.3295,1.72407,-0.053402
97.3715,1.72144,-0.07210499999999999
97.4154,1.71783,-0.09245060000000001
97.4622,1.71298,-0.11470599999999999
97.5139,1.7064099999999998,-0.13963
97.5799,1.69615,-0.171349
97.6294,1.6870900000000002,-0.194575
97.6789,1.6769,-0.216933
97.7284,1.6656400000000002,-0.23807199999999998
97.7778,1.65337,-0.257648
97.8211,1.6418700000000002,-0.273221
97.8644,1.62973,-0.287108
97.9077,1.61704,-0.299087
97.95100000000001,1.6038700000000001,-0.30894
97.9943,1.5903200000000002,-0.316456
98.0376,1.57651,-0.321434
98.0809,1.56253,-0.323687
98.1242,1.5485200000000001,-0.323044
98.1675,1.53461,-0.319359
98.2114,1.52071,-0.312388
98.2561,1.5069700000000001,-0.301874
98.3017,1.4935100000000001,-0.287553
98.3485,1.4804899999999999,-0.269167
98.3965,1.4680799999999998,-0.24647399999999997
98.4462,1.45649,-0.21926199999999998
98.49799999999999,1.44595,-0.187365
98.5525,1.43674,-0.150653
98.6108,1.42915,-0.108946
98.6758,1.42361,-0.0614857
98.7467,1.42105,-0.011498600000000001
98.8071,1.42155,0.0271806
98.8675,1.42422,0.0600502
98.9203,1.42801,0.08264980000000001
98.9732,1.4328299999999998,0.0985906
99.02600000000001,1.4383,0.107329
99.0788,1.44404,0.108671
99.1317,1.44966,0.10274900000000001
99.1845,1.45478,0.08996710000000001
99.2373,1.45905,0.0709318
99.2901,1.46217,0.04636919999999999
99.34299999999999,1.46387,0.0170558
99.3958,1.46391,-0.0162389
99.4486,1.46209,-0.052792
99.5015,1.45828,-0.09195039999999999
99.5568,1.45201,-0.13511700000000001
99.6163,1.4425299999999999,-0.18344000000000002
99.6833,1.42839,-0.23936
99.7625,1.40677,-0.306868
99.8417,1.37976,-0.37514400000000003
99.91,1.35208,-0.434409
99.9784,1.32034,-0.493953
100.0,1.30948,-0.512828
