,x,xdot
1e-06,-2e-07,-0.200001
6e-06,-1.20001e-06,-0.200004
3.1e-05,-6.20029e-06,-0.200019
0.000156,-3.12073e-05,-0.200094
0.000781,-0.00015638299999999998,-0.200467
0.003906,-0.000785718,-0.202298
0.019531,-0.0040132,-0.210571
0.0812184,-0.017663099999999998,-0.227667
0.15875799999999998,-0.0349089,-0.209193
0.237959,-0.049007800000000004,-0.13732
0.31716,-0.055067599999999994,-0.00513518
0.39636,-0.048072199999999995,0.19328900000000002
0.47556099999999996,-0.0225573,0.463421
0.554762,0.027369799999999996,0.810635
0.622749,0.094475,1.17357
0.690735,0.188301,1.59608
0.758722,0.312636,2.06807
0.826709,0.46993100000000004,2.55763
0.8823110000000001,0.622602,2.92367
0.929739,0.767307,3.1631400000000003
0.977167,0.9208219999999999,3.2875400000000004
1.0182200000000001,1.05587,3.2709099999999998
1.0592700000000002,1.18759,3.12482
1.10032,1.31073,2.8559900000000003
1.1434,1.4257799999999998,2.4717
1.18255,1.5147899999999999,2.07039
1.2217,1.58775,1.6578
1.26085,1.6448599999999998,1.26441
1.30074,1.6879400000000002,0.903925
1.34208,1.7185,0.5835020000000001
1.38342,1.73695,0.318299
1.42477,1.74551,0.103475
1.46611,1.7461,-0.06842739999999999
1.50745,1.7403400000000002,-0.20528000000000002
1.5488,1.7295099999999999,-0.314203
1.5901399999999999,1.7146599999999999,-0.401113
1.6314799999999998,1.69659,-0.470667
1.6746900000000002,1.67495,-0.528625
1.7205,1.6495799999999998,-0.57685
1.7693299999999998,1.6204100000000001,-0.615969
1.8215700000000001,1.5874,-0.645967
1.8776400000000002,1.55056,-0.666201
1.93797,1.5100200000000001,-0.675334
2.00318,1.46605,-0.6712100000000001
2.07418,1.4190200000000002,-0.650587
2.1527,1.3694600000000001,-0.608484
2.24255,1.31785,-0.536173
2.35292,1.26504,-0.4154
2.47273,1.22468,-0.25453899999999996
2.59254,1.20449,-0.0828719
2.72263,1.20485,0.0810539
2.82611,1.21813,0.166962
2.92958,1.23736,0.193917
3.0348599999999997,1.2561799999999999,0.151902
3.1271299999999997,1.2663,0.059109
3.2194,1.2657100000000001,-0.0785602
3.31167,1.2507,-0.252067
3.40395,1.21832,-0.454122
3.4962199999999997,1.16611,-0.6819569999999999
3.58849,1.0915700000000002,-0.939369
3.68076,0.991468,-1.23896
3.7730300000000003,0.860874,-1.60585
3.84855,0.725821,-1.98617
3.9068400000000003,0.599716,-2.3534900000000003
3.95707,0.472078,-2.74031
4.0073099999999995,0.32301799999999997,-3.20894
4.0483400000000005,0.182281,-3.66154
4.08938,0.0216501,-4.17774
4.1304099999999995,-0.16126400000000002,-4.743530000000001
4.1714400000000005,-0.36778,-5.31838
4.20544,-0.5560470000000001,-5.745430000000001
4.23428,-0.726011,-6.01938
4.26313,-0.9020739999999999,-6.15983
4.2880400000000005,-1.05552,-6.13783
4.31295,-1.2065299999999999,-5.96183
4.33785,-1.3511799999999998,-5.62863
4.36276,-1.48574,-5.1551599999999995
4.39023,-1.61877,-4.5127
4.414619999999999,-1.72124,-3.8852800000000003
4.43901,-1.80823,-3.25034
4.4634,-1.8800299999999999,-2.64491
4.48779,-1.9377,-2.09468
4.51743,-1.99099,-1.51946
4.540719999999999,-2.0218700000000003,-1.14276
4.564019999999999,-2.04472,-0.8289129999999999
4.5873099999999996,-2.06093,-0.571416
4.6106,-2.07172,-0.36254200000000003
4.6339,-2.07813,-0.19448
4.65719,-2.0810400000000002,-0.0600012
4.68048,-2.08114,0.047219300000000006
4.70413,-2.07896,0.133675
4.72866,-2.07478,0.20437
4.7542800000000005,-2.06878,0.261927
4.78115,-2.06109,0.308352
4.80944,-2.0518099999999997,0.34526
4.83934,-2.04104,0.373938
4.871,-2.02884,0.395382
4.9046,-2.0152900000000002,0.41031899999999993
4.94029,-2.00046,0.419229
4.978190000000001,-1.9845,0.42237600000000003
5.0183800000000005,-1.96755,0.41984
5.06088,-1.94987,0.41156899999999996
5.10569,-1.93172,0.397432
5.15279,-1.91346,0.377277
5.20219,-1.89545,0.350972
5.25403,-1.87808,0.318429
5.3086199999999995,-1.8617400000000002,0.279616
5.36659,-1.8468200000000001,0.23452199999999998
5.42931,-1.83372,0.182999
5.50044,-1.8228099999999998,0.12383699999999999
5.57181,-1.81602,0.0670803
5.64416,-1.8130700000000002,0.0158744
5.70399,-1.8132099999999998,-0.019200400000000003
5.76382,-1.8152,-0.0458991
5.82366,-1.8185099999999998,-0.0629653
5.88349,-1.82253,-0.069617
5.94332,-1.8266200000000001,-0.06557239999999999
6.00315,-1.8301599999999998,-0.051025
6.06299,-1.83253,-0.0265772
6.12282,-1.83316,0.00685396
6.18265,-1.83155,0.048141199999999995
6.2424800000000005,-1.8272700000000002,0.09604539999999999
6.30232,-1.81995,0.14929800000000001
6.36215,-1.80932,0.20665999999999998
6.42552,-1.7942200000000001,0.270593
6.49565,-1.77269,0.343648
6.582910000000001,-1.73868,0.43565
6.658010000000001,-1.70302,0.513886
6.7331,-1.66157,0.589643
6.8082,-1.61456,0.6615310000000001
6.88329,-1.56234,0.728258
6.95839,-1.50534,0.788607
7.03349,-1.4440899999999999,0.841418
7.1113,-1.37677,0.887006
7.19488,-1.3009899999999999,0.924317
7.28785,-1.2137200000000001,0.950111
7.39877,-1.10768,0.957406
7.522589999999999,-0.990242,0.93424
7.647760000000001,-0.8764379999999999,0.8793280000000001
7.772930000000001,-0.771101,0.80096
7.903160000000001,-0.6725869999999999,0.713001
8.02522,-0.589646,0.652528
8.12589,-0.524751,0.645438
8.226569999999999,-0.45743100000000003,0.7056939999999999
8.30674,-0.396613,0.8238049999999999
8.3869,-0.32309899999999997,1.0262200000000001
8.45138,-0.24958699999999998,1.2671299999999999
8.51585,-0.157849,1.5943200000000002
8.56962,-0.06303840000000001,1.9449299999999998
8.623389999999999,0.05271619999999999,2.37416
8.67716,0.193681,2.88144
8.73093,0.363646,3.4471300000000005
8.7847,0.564448,4.01503
8.8242,0.730375,4.37206
8.85821,0.883075,4.58735
8.89223,1.04102,4.673690000000001
8.9218,1.17869,4.61836
8.951360000000001,1.31281,4.43234
8.98093,1.43956,4.12369
9.01176,1.56036,3.6979699999999998
9.04115,1.6622700000000001,3.2305599999999997
9.07122,1.75193,2.7313
9.1013,1.8267200000000001,2.24722
9.13138,1.88753,1.8046
9.16345,1.93865,1.3945
9.19186,1.9738,1.0887799999999999
9.22027,2.001,0.8348459999999999
9.24868,2.02167,0.6272409999999999
9.27709,2.03702,0.459158
9.3055,2.04807,0.32364699999999996
9.333910000000001,2.05565,0.21430100000000002
9.36232,2.0604400000000003,0.12557000000000001
9.39072,2.06294,0.05284640000000001
9.41981,2.06355,-0.00889622
9.45019,2.06244,-0.0630108
9.48214,2.05963,-0.11141500000000001
9.51592,2.0551,-0.155651
9.55178,2.0487599999999997,-0.197002
9.59,2.04047,-0.236517
9.63082,2.03002,-0.274984
9.674380000000001,2.0172,-0.312877
9.72063,2.0018599999999998,-0.350283
9.76925,1.98393,-0.386852
9.81964,1.96354,-0.42187399999999997
9.87113,1.9409599999999998,-0.454502
9.92323,1.9165,-0.483955
9.97532,1.89061,-0.5094310000000001
10.027999999999999,1.86317,-0.530701
10.0808,1.83474,-0.546949
10.1345,1.8050400000000002,-0.5578380000000001
10.1891,1.7744099999999998,-0.562541
10.2448,1.7430900000000003,-0.560245
10.302,1.71133,-0.5500229999999999
10.3609,1.67944,-0.530814
10.4221,1.64783,-0.5014109999999999
10.485999999999999,1.617,-0.46046400000000004
10.5537,1.58762,-0.406503
10.6262,1.56056,-0.337963
10.7057,1.537,-0.253196
10.7968,1.51863,-0.15007
10.9189,1.50857,-0.0177392
11.0133,1.51098,0.06485919999999999
11.1078,1.51989,0.11801199999999999
11.1841,1.52967,0.134108
11.2604,1.53969,0.12426500000000001
11.3367,1.54799,0.08902289999999999
11.413,1.55269,0.030753100000000002
11.4893,1.55218,-0.047012
11.5656,1.54512,-0.14033299999999999
11.6419,1.53047,-0.24550300000000003
11.7182,1.5074299999999998,-0.359482
11.8007,1.47245,-0.490096
11.8965,1.4178899999999999,-0.649884
12.0254,1.31955,-0.8793209999999999
12.1384,1.20793,-1.1011600000000001
12.2513,1.06945,-1.35849
12.3486,0.9245059999999999,-1.63131
12.4315,0.777517,-1.92715
12.4956,0.64512,-2.2170099999999997
12.5509,0.514256,-2.52707
12.6062,0.364345,-2.90853
12.6513,0.224836,-3.2824400000000002
12.6964,0.0671074,-3.7154800000000003
12.7416,-0.111364,-4.19845
12.7867,-0.31222300000000003,-4.69944
12.8259,-0.504208,-5.097230000000001
12.8585,-0.675076,-5.35105
12.8912,-0.852353,-5.48117
12.9194,-1.00674,-5.45716
12.9475,-1.15839,-5.28479
12.9757,-1.30303,-4.960780000000001
13.0039,-1.43659,-4.50317
13.0356,-1.56979,-3.87391
13.0628,-1.6671900000000002,-3.28902
13.09,-1.74862,-2.70622
13.1172,-1.8146400000000003,-2.15919
13.1454,-1.86827,-1.6524900000000002
13.1739,-1.90894,-1.21583
13.2023,-1.9382599999999999,-0.8553350000000001
13.2274,-1.95633,-0.597058
13.2524,-1.96855,-0.38707600000000003
13.2774,-1.97605,-0.218563
13.3025,-1.9797799999999999,-0.0848385
13.3277,-1.98053,0.0211542
13.3538,-1.9788299999999999,0.105295
13.3807,-1.9750599999999998,0.171119
13.4089,-1.9695,0.221308
13.4383,-1.9624,0.257992
13.4694,-1.9539799999999998,0.282876
13.5021,-1.9444400000000002,0.297313
13.5369,-1.93399,0.302365
13.5739,-1.9228599999999998,0.29885500000000004
13.6133,-1.9112799999999999,0.28741700000000003
13.6554,-1.89955,0.268548
13.7006,-1.88798,0.24266500000000002
13.7493,-1.87693,0.21014699999999997
13.8024,-1.8667900000000002,0.171336
13.8615,-1.858,0.126335
13.9321,-1.85096,0.0734506
13.9973,-1.8476599999999999,0.028591500000000002
14.0626,-1.8470799999999998,-0.00957861
14.1192,-1.8483900000000002,-0.035467900000000004
14.1757,-1.85095,-0.0534634
14.2323,-1.85428,-0.06278869999999999
14.2888,-1.85788,-0.0630557
14.3454,-1.8612400000000002,-0.054253199999999994
14.4019,-1.86385,-0.0367079
14.4585,-1.8652400000000002,-0.011024299999999999
14.515,-1.86496,0.0219871
14.5716,-1.86263,0.0613821
14.6282,-1.85791,0.106148
14.6847,-1.85054,0.155256
14.7434,-1.8398400000000001,0.209772
14.8063,-1.8247400000000003,0.270873
14.8764,-1.8033099999999997,0.340932
14.9679,-1.7679099999999999,0.43291
15.0394,-1.7344099999999998,0.503386
15.1109,-1.69596,0.5710850000000001
15.1824,-1.65281,0.6347119999999999
15.254000000000001,-1.6052899999999999,0.693022
15.3255,-1.5538299999999998,0.7448060000000001
15.397,-1.4989299999999999,0.7888689999999999
15.4701,-1.43989,0.824692
15.5473,-1.3751200000000001,0.851051
15.6309,-1.30336,0.8646790000000001
15.7245,-1.22244,0.859574
15.8359,-1.1284100000000001,0.8230069999999999
15.9595,-1.03125,0.742155
16.0831,-0.9465899999999999,0.62156
16.2067,-0.878833,0.471121
16.334,-0.82945,0.305571
16.4866,-0.796419,0.137757
16.6392,-0.782428,0.06763569999999999
16.7408,-0.774212,0.107346
16.8362,-0.759109,0.222939
16.9315,-0.7289899999999999,0.42381800000000003
17.0269,-0.675251,0.7206020000000001
17.1222,-0.5879300000000001,1.13278
17.1908,-0.497442,1.5212299999999999
17.2487,-0.397907,1.9282099999999998
17.2996,-0.289233,2.35994
17.3504,-0.156546,2.8748400000000003
17.3933,-0.022709,3.3794
17.4362,0.134078,3.9433599999999998
17.479,0.315929,4.5423
17.5254,0.54118,5.16207
17.5571,0.710676,5.50624
17.5888,0.8892200000000001,5.72268
17.615,1.03976,5.76509
17.6412,1.18951,5.65883
17.6673,1.3344200000000002,5.39555
17.6935,1.4704899999999999,4.9869
17.7206,1.59856,4.44337
17.7458,1.70363,3.87026
17.7716,1.7956299999999998,3.26442
17.7974,1.87218,2.67774
17.8232,1.9341700000000002,2.13939
17.8512,1.98675,1.62856
17.8759,2.02211,1.24763
17.9006,2.04886,0.929443
17.9253,2.06847,0.668054
17.95,2.08224,0.455772
17.9746,2.0913,0.284586
17.9993,2.0965700000000003,0.14698699999999998
18.024,2.09878,0.0363782
18.0487,2.0985400000000003,-0.052799
18.0738,2.09627,-0.12613
18.0999,2.09214,-0.18804200000000001
18.1272,2.08624,-0.24071900000000002
18.156,2.07864,-0.28583200000000003
18.1865,2.06933,-0.324735
18.2187,2.0583099999999996,-0.358501
18.2529,2.04553,-0.387939
18.2892,2.03096,-0.41359700000000005
18.3277,2.01459,-0.435762
18.3684,1.99645,-0.45447200000000004
18.4112,1.97665,-0.469545
18.456,1.9553900000000002,-0.480634
18.5024,1.93291,-0.487296
18.5502,1.90952,-0.48904899999999996
18.5994,1.88552,-0.4854
18.65,1.86122,-0.47585299999999997
18.7018,1.83692,-0.459909
18.7553,1.8129400000000002,-0.437069
18.8104,1.78962,-0.406848
18.8678,1.76735,-0.368797
18.9278,1.7465700000000002,-0.32253699999999996
18.9914,1.7277799999999999,-0.267775
19.06,1.71157,-0.204219
19.1373,1.69862,-0.130814
19.2213,1.69088,-0.05466669999999999
19.2938,1.68907,0.00302198
19.3662,1.69103,0.0489264
19.4298,1.6951,0.0768173
19.4935,1.70052,0.09141360000000001
19.5571,1.70643,0.0918945
19.6207,1.7119099999999998,0.07822739999999999
19.6843,1.7161,0.051087
19.7479,1.71815,0.011701399999999999
19.8116,1.7173599999999998,-0.038339099999999994
19.8752,1.7130900000000002,-0.0972721
19.9388,1.7048299999999998,-0.163324
20.0031,1.69202,-0.235652
20.0719,1.67303,-0.317398
20.1488,1.6450099999999999,-0.412245
20.2472,1.59833,-0.536371
20.3329,1.54772,-0.644834
20.4186,1.48786,-0.752437
20.5042,1.41883,-0.858611
20.5912,1.33958,-0.964967
20.6855,1.24315,-1.0800100000000001
20.7975,1.11436,-1.22031
20.9295,0.941474,-1.40399
21.0325,0.788241,-1.57972
21.1132,0.653822,-1.75508
21.1826,0.525672,-1.9468299999999998
21.252,0.38245300000000004,-2.19217
21.308000000000003,0.252979,-2.44043
21.364,0.10815899999999999,-2.74107
21.42,-0.0549961,-3.09444
21.476,-0.23911999999999997,-3.48558
21.533,-0.44938199999999995,-3.87817
21.5761,-0.621729,-4.11876
21.6191,-0.802372,-4.25439
21.6553,-0.9564299999999999,-4.24755
21.6914,-1.10785,-4.1060300000000005
21.7276,-1.25163,-3.82605
21.7637,-1.38304,-3.42723
21.8053,-1.51435,-2.87308
21.8386,-1.60225,-2.40387
21.8719,-1.6746900000000002,-1.95008
21.9053,-1.73263,-1.5373
21.9427,-1.78257,-1.13964
21.9762,-1.81568,-0.849252
22.0097,-1.84007,-0.6172380000000001
22.0431,-1.85758,-0.437151
22.0766,-1.86982,-0.301053
22.1101,-1.8781299999999999,-0.200945
22.1436,-1.88359,-0.12953599999999998
22.177,-1.88705,-0.0805519
22.2105,-1.88917,-0.048786
22.2457,-1.89051,-0.0293306
22.2827,-1.8914,-0.0200579
22.3221,-1.8921400000000002,-0.0189072
22.3643,-1.89303,-0.0239447
22.4102,-1.8943299999999998,-0.0332869
22.4616,-1.8963400000000001,-0.0450078
22.5243,-1.89956,-0.0570424
22.5818,-1.90304,-0.06303819999999999
22.6392,-1.9066900000000002,-0.0624727
22.6967,-1.91008,-0.0544693
22.7542,-1.9128,-0.0387609
22.8117,-1.91439,-0.0155411
22.8692,-1.91445,0.0146614
22.9266,-1.9125900000000002,0.0510906
22.9841,-1.90848,0.0928527
23.0416,-1.90183,0.138985
23.0991,-1.8924299999999998,0.18850799999999998
23.1592,-1.87947,0.242919
23.2252,-1.8614099999999998,0.304442
23.3054,-1.8339900000000002,0.379799
23.3758,-1.80492,0.445008
23.4463,-1.7713299999999998,0.507746
23.5168,-1.73345,0.566647
23.5872,-1.6916,0.620387
23.6577,-1.64618,0.66766
23.7282,-1.59769,0.707167
23.7986,-1.54673,0.737607
23.8691,-1.4939799999999999,0.757684
23.9417,-1.43859,0.7661899999999999
24.0191,-1.37943,0.760185
24.1038,-1.31598,0.734175
24.2011,-1.24702,0.677582
24.3159,-1.17486,0.573803
24.4329,-1.11575,0.43048500000000006
24.55,-1.07511,0.260924
24.6671,-1.05487,0.0860885
24.7903,-1.05443,-0.0711675
24.9136,-1.0697299999999998,-0.163136
25.0369,-1.09067,-0.158966
25.1363,-1.10296,-0.07652919999999999
25.2369,-1.1035700000000002,0.075295
25.3238,-1.0895299999999999,0.254919
25.4106,-1.0581399999999999,0.47398100000000004
25.4975,-1.0060799999999999,0.7314649999999999
25.5844,-0.929775,1.03378
25.6712,-0.824685,1.39834
25.7581,-0.68409,1.8584599999999998
25.8158,-0.566236,2.24262
25.8662,-0.443104,2.65021
25.9167,-0.29735900000000004,3.14149
25.9578,-0.15885,3.6124699999999996
25.9988,0.000347297,4.14776
26.0399,0.18263900000000002,4.73241
26.081,0.389298,5.3238199999999996
26.1146,0.575317,5.75477
26.1431,0.743937,6.0314
26.1717,0.91865,6.17309
26.1964,1.0709600000000001,6.15164
26.221,1.2208700000000001,5.97639
26.2457,1.3645200000000002,5.6447199999999995
26.2704,1.49821,5.173830000000001
26.2977,1.63091,4.53316
26.3218,1.7328700000000001,3.91
26.3459,1.81961,3.27927
26.3701,1.8914099999999998,2.67742
26.3942,1.9493,2.1298
26.4233,2.0028,1.55975
26.4465,2.0344,1.1815200000000001
26.4696,2.05797,0.865891
26.4928,2.07491,0.6064579999999999
26.5159,2.08642,0.39553499999999997
26.5391,2.09353,0.225327
26.5622,2.09711,0.08860839999999999
26.5853,2.09784,-0.0209597
26.6085,2.0963,-0.10872799999999999
26.6327,2.09275,-0.181917
26.6579,2.08736,-0.242434
26.6844,2.08026,-0.292252
26.7123,2.07151,-0.333025
26.7417,2.0612,-0.366091
26.7729,2.04936,-0.392495
26.805999999999997,2.03602,-0.41301499999999997
26.8411,2.02123,-0.428175
26.8784,2.00506,-0.438263
26.9179,1.98764,-0.44336000000000003
26.9596,1.9691400000000001,-0.443382
27.0034,1.9498099999999998,-0.43812799999999996
27.0492,1.92995,-0.42734300000000003
27.096999999999998,1.9099,-0.41075900000000004
27.1467,1.8900299999999999,-0.388127
27.1984,1.87068,-0.359238
27.2523,1.85224,-0.32393099999999997
27.3089,1.83507,-0.282103
27.369,1.8195700000000001,-0.23367399999999997
27.4341,1.80614,-0.178392
27.5089,1.7952,-0.11453900000000002
27.5812,1.7890599999999999,-0.056192099999999995
27.6536,1.7869,-0.00504071
27.7142,1.7876900000000002,0.0297161
27.7748,1.7903099999999998,0.05525019999999999
27.8354,1.79417,0.07031710000000001
27.896,1.7986099999999998,0.074205
27.9566,1.8029400000000002,0.0667508
28.0172,1.8064799999999999,0.0482996
28.0778,1.8085799999999999,0.0196188
28.1384,1.80867,-0.018214400000000002
28.199,1.8062200000000002,-0.0639317
28.2596,1.8007900000000001,-0.11618099999999999
28.3202,1.79203,-0.173611
28.381999999999998,1.7793900000000002,-0.236154
28.4485,1.7613400000000001,-0.306595
28.5243,1.73502,-0.388873
28.6064,1.69938,-0.478617
28.6886,1.65642,-0.566869
28.7707,1.60633,-0.651838
28.8529,1.54945,-0.731946
28.935,1.48624,-0.805786
29.0172,1.41726,-0.8721030000000001
29.0993,1.3431799999999998,-0.9298
29.1873,1.25904,-0.9810049999999999
29.2872,1.15872,-1.02492
29.4058,1.03508,-1.05712
29.5403,0.891769,-1.07025
29.6748,0.7478520000000001,-1.06867
29.8059,0.607597,-1.07464
29.9029,0.5021260000000001,-1.10563
29.9859,0.408066,-1.16917
30.0688,0.30662,-1.28738
30.1354,0.216152,-1.4382700000000002
30.2021,0.113532,-1.6546900000000002
30.2599,0.0107985,-1.9070799999999999
30.3178,-0.10846099999999999,-2.2265599999999997
30.3757,-0.248148,-2.6118799999999998
30.4335,-0.41164799999999996,-3.04445
30.4929,-0.605641,-3.48541
30.5377,-0.768423,-3.7591
30.5767,-0.9181459999999999,-3.9073300000000004
30.6157,-1.07138,-3.9338800000000003
30.65,-1.2052399999999999,-3.83653
30.6844,-1.33375,-3.62359
30.7188,-1.4531399999999999,-3.31014
30.7579,-1.57427,-2.8687099999999996
30.7906,-1.6616799999999998,-2.46802
30.8234,-1.73596,-2.07115
30.8561,-1.7976400000000001,-1.70147
30.8903,-1.8497700000000001,-1.36051
30.9247,-1.89145,-1.0695700000000001
30.9596,-1.92435,-0.828501
30.9899,-1.9468299999999998,-0.6581130000000001
31.0203,-1.9646299999999999,-0.519474
31.0506,-1.9786299999999999,-0.40729099999999996
31.081,-1.98957,-0.316529
31.1116,-1.9981,-0.241961
31.1433,-2.0047200000000003,-0.179127
31.1761,-2.00969,-0.1251
31.2105,-2.01315,-0.0774898
31.2468,-2.01516,-0.0342268
31.2855,-2.01568,0.00654711
31.3271,-2.01457,0.0465647
31.3724,-2.01153,0.08752439999999999
31.4224,-2.00605,0.131195
31.4786,-1.99732,0.179488
31.5426,-1.9840799999999998,0.23403200000000002
31.6129,-1.96554,0.293401
31.6832,-1.94287,0.351519
31.7446,-1.91976,0.400454
31.805999999999997,-1.89373,0.44681400000000004
31.8674,-1.86495,0.489734
31.9289,-1.8336599999999998,0.528324
31.9903,-1.8001599999999998,0.5616869999999999
32.0517,-1.76479,0.588925
32.1131,-1.72796,0.609152
32.1745,-1.69012,0.621509
32.2359,-1.65179,0.625184
32.2974,-1.61352,0.619444
32.3616,-1.57421,0.6027140000000001
32.4291,-1.53449,0.572811
32.5008,-1.49496,0.526962
32.5785,-1.45646,0.46146499999999996
32.6652,-1.4202299999999999,0.370869
32.7692,-1.38812,0.244383
32.904,-1.3669,0.0712839
33.0388,-1.36778,-0.07670930000000001
33.178000000000004,-1.38533,-0.16078900000000002
33.2765,-1.40164,-0.161646
33.3611,-1.4138600000000001,-0.121171
33.4456,-1.42114,-0.0456996
33.5302,-1.42076,0.0591846
33.6148,-1.41048,0.187114
33.6993,-1.38862,0.332495
33.7839,-1.3538700000000001,0.491576
33.8744,-1.3011700000000002,0.675569
33.9721,-1.22469,0.8927940000000001
34.0713,-1.1241700000000001,1.14149
34.1704,-0.9968629999999999,1.43726
34.2576,-0.857873,1.7625400000000002
34.3286,-0.7212649999999999,2.0987
34.385999999999996,-0.591458,2.43852
34.4359,-0.460829,2.80087
34.4859,-0.310237,3.2396599999999998
34.5276,-0.166364,3.67182
34.5693,-0.00321592,4.1631
34.611,0.181403,4.69717
34.6534,0.392173,5.23952
34.6871,0.575484,5.61492
34.7164,0.743483,5.84859
34.7457,0.9164700000000001,5.94811
34.7714,1.06915,5.89174
34.7971,1.21844,5.68294
34.8229,1.36038,5.32267
34.8486,1.4913100000000001,4.83197
34.879,1.6279700000000001,4.13606
34.9039,1.72328,3.5249
34.9288,1.80338,2.9193
34.9537,1.8688200000000001,2.3511900000000003
34.9799,1.9232799999999999,1.81575
35.0061,1.96472,1.35589
35.0324,1.99511,0.9732
35.0555,2.01431,0.695533
35.0786,2.02767,0.467413
35.1017,2.03626,0.281991
35.1249,2.0409900000000003,0.13251300000000002
35.148,2.04262,0.0127913
35.1718,2.0417,-0.08525049999999999
35.1966,2.03858,-0.164777
35.2223,2.03348,-0.228621
35.2492,2.02662,-0.279096
35.2774,2.01816,-0.31807399999999997
35.3072,2.0082299999999997,-0.347054
35.3387,1.9969599999999998,-0.367211
35.3721,1.9844700000000002,-0.379434
35.4075,1.9709,-0.384357
35.4453,1.9564099999999998,-0.382394
35.4854,1.9412099999999999,-0.373785
35.5281,1.92556,-0.358639
35.5734,1.90977,-0.336998
35.6216,1.89419,-0.308893
35.6729,1.87923,-0.274382
35.7277,1.8653,-0.23355700000000001
35.787,1.8528200000000001,-0.18643800000000002
35.8536,1.8422,-0.132415
35.9297,1.8344200000000002,-0.0727608
35.9941,1.8312400000000002,-0.027110200000000004
36.0585,1.8307799999999999,0.011501299999999999
36.1229,1.8325200000000001,0.0409606
36.1779,1.8352700000000002,0.0576471
36.2329,1.8387,0.06582869999999999
36.2879,1.84235,0.0652048
36.3429,1.84571,0.0558128
36.3978,1.84833,0.0379929
36.4528,1.84975,0.0123337
36.5078,1.8495599999999999,-0.020392
36.5628,1.84739,-0.059292399999999995
36.6178,1.8429400000000002,-0.103415
36.6741,1.8357299999999999,-0.153039
36.7331,1.82508,-0.20868499999999998
36.7962,1.8099599999999998,-0.27114099999999997
36.8664,1.7884400000000003,-0.34266199999999997
36.9557,1.7537099999999999,-0.434586
37.0289,1.71918,-0.508646
37.1021,1.67933,-0.580055
37.1753,1.63439,-0.64747
37.2484,1.5847,-0.709622
37.3216,1.5307,-0.765288
37.3948,1.47289,-0.813279
37.47,1.4101299999999999,-0.853397
37.5501,1.34048,-0.8844360000000001
37.6377,1.26206,-0.9030229999999999
37.7382,1.1711,-0.9025190000000001
37.8548,1.06745,-0.8705649999999999
37.982,0.9609340000000001,-0.7967529999999999
38.1093,0.866185,-0.687006
38.2366,0.7870510000000001,-0.55437
38.3745,0.7206020000000001,-0.412181
38.5009,0.674974,-0.319535
38.6272,0.636586,-0.304746
38.7375,0.599273,-0.389836
38.8478,0.54606,-0.598494
38.9353,0.482329,-0.8763700000000001
39.0068,0.40878400000000004,-1.19649
39.0682,0.324836,-1.55434
39.1295,0.216135,-2.00644
39.1781,0.108351,-2.443
39.2267,-0.0224729,-2.95525
39.2753,-0.179957,-3.53824
39.3239,-0.366975,-4.1634
39.3731,-0.587173,-4.76719
39.4064,-0.75179,-5.09426
39.4398,-0.925344,-5.2942
39.4673,-1.0716299999999999,-5.32584
39.4947,-1.21685,-5.21425
39.5222,-1.35696,-4.95424
39.5497,-1.48801,-4.5601
39.579,-1.6141299999999998,-4.02869
39.6054,-1.7135099999999999,-3.4947800000000004
39.6318,-1.79855,-2.94965
39.6582,-1.8694400000000002,-2.42688
39.6846,-1.9271,-1.95002
39.7153,-1.97925,-1.47094
39.7408,-2.0124400000000002,-1.13532
39.7664,-2.03777,-0.855498
39.7919,-2.0566,-0.625624
39.8175,-2.07012,-0.438605
39.8431,-2.07933,-0.287234
39.8686,-2.08505,-0.164851
39.8942,-2.08796,-0.0656538
39.9198,-2.0885700000000003,0.015216999999999998
39.9462,-2.08723,0.08375139999999999
39.9738,-2.0840799999999997,0.14266700000000002
40.0027,-2.07918,0.193899
40.0332,-2.0725599999999997,0.23902600000000002
40.0655,-2.06418,0.27934699999999996
40.0997,-2.05397,0.315896
40.1361,-2.04186,0.349448
40.1748,-2.02774,0.380508
40.2158,-2.01154,0.40929499999999996
40.259,-1.9932599999999998,0.435742
40.3042,-1.973,0.45952600000000005
40.3511,-1.9509400000000001,0.480152
40.3994,-1.92734,0.497046
40.4488,-1.90247,0.509628
40.4991,-1.8766,0.517323
40.5504,-1.8499900000000002,0.519556
40.6027,-1.8228799999999998,0.515724
40.6562,-1.7955400000000001,0.5051800000000001
40.7111,-1.76826,0.48723299999999997
40.7678,-1.7413599999999998,0.46115200000000006
40.8265,-1.7152599999999998,0.426184
40.8879,-1.6904299999999999,0.38159499999999996
40.9527,-1.66745,0.32671300000000003
41.022,-1.64704,0.260967
41.0982,-1.6300700000000001,0.183751
41.1878,-1.61772,0.092649
41.2731,-1.6132799999999998,0.0132565
41.3583,-1.61503,-0.0510756
41.4287,-1.62002,-0.088004
41.4991,-1.6269999999999998,-0.107325
41.5695,-1.63468,-0.107597
41.6399,-1.6417,-0.088732
41.7103,-1.64675,-0.05185119999999999
41.7807,-1.6486299999999998,0.00102263
41.8511,-1.6462900000000003,0.0673529
41.9215,-1.6388900000000002,0.14445999999999998
41.9919,-1.62576,0.229809
42.0623,-1.6064,0.3212
42.1401,-1.57731,0.42713500000000004
42.2333,-1.53142,0.558447
42.3328,-1.4687299999999999,0.702257
42.4323,-1.3915600000000001,0.849461
42.5317,-1.29952,1.00178
42.6452,-1.17545,1.18764
42.7777,-1.0020799999999999,1.43898
42.8768,-0.8482879999999999,1.6748599999999998
42.9538,-0.710603,1.9079099999999998
43.0185,-0.579462,2.15425
43.0755,-0.449375,2.4232099999999996
43.1324,-0.302269,2.75389
43.1807,-0.161415,3.0899400000000004
43.229,-0.00307321,3.4775199999999997
43.2773,0.175007,3.9039599999999997
43.3268,0.379562,4.34425
43.3668,0.559484,4.6506
43.4017,0.7250949999999999,4.83402
43.4365,0.8950620000000001,4.8933599999999995
43.4714,1.06437,4.79128
43.5062,1.22702,4.51094
43.5411,1.37695,4.06653
43.576,1.50914,3.5031
43.6064,1.60748,2.9640299999999997
43.6367,1.68934,2.42499
43.6671,1.75525,1.9201400000000002
43.6984,1.8079599999999998,1.45936
43.73,1.8476299999999999,1.06615
43.7616,1.87605,0.745658
43.7894,1.8935099999999998,0.519151
43.8172,1.90533,0.33834899999999996
43.845,1.91268,0.196527
43.8728,1.9165599999999998,0.08718139999999999
43.901,1.9177799999999998,0.00333854
43.9301,1.9169,-0.059925400000000004
43.9603,1.91435,-0.105821
43.992,1.9104700000000001,-0.13684000000000002
44.0252,1.9055900000000001,-0.155005
44.0602,1.9,-0.161992
44.0975,1.8940000000000001,-0.159218
44.1371,1.88788,-0.147919
44.1797,1.8819599999999999,-0.12921300000000002
44.2258,1.87657,-0.104143
44.2766,1.87205,-0.07368279999999999
44.3344,1.8688099999999999,-0.038483800000000006
44.403,1.86752,-6.29744e-05
44.461999999999996,1.86835,0.0272481
44.521,1.8705900000000002,0.0473491
44.5799,1.8737700000000002,0.05897859999999999
44.6389,1.87736,0.0614087
44.6906,1.8804299999999998,0.05576669999999999
44.7424,1.8830099999999999,0.042975400000000004
44.7941,1.8847599999999998,0.023374799999999998
44.8459,1.88532,-0.00252294
44.8976,1.8844,-0.0340818
44.95,1.8816599999999999,-0.071065
45.0037,1.87673,-0.113427
45.0594,1.8691,-0.161175
45.1179,1.85812,-0.214573
45.1808,1.84275,-0.27447
45.2516,1.82087,-0.343529
45.3306,1.7906900000000001,-0.420666
45.4096,1.7544799999999998,-0.49598000000000003
45.4771,1.7189,-0.5574899999999999
45.5446,1.6792799999999999,-0.615142
45.6121,1.63594,-0.667836
45.6796,1.58924,-0.714492
45.7472,1.5396100000000001,-0.7540359999999999
45.8171,1.48571,-0.786345
45.8904,1.42715,-0.809503
45.9686,1.36334,-0.820625
46.053999999999995,1.29335,-0.8150029999999999
46.1516,1.21508,-0.783734
46.2658,1.12932,-0.711534
46.3878,1.0493700000000001,-0.592583
46.5098,0.986253,-0.43722
46.6317,0.943549,-0.261459
46.7697,0.9209350000000001,-0.07163789999999999
46.912,0.921385,0.0627695
47.0359,0.931686,0.08628469999999999
47.1321,0.937723,0.027213799999999996
47.2297,0.934441,-0.10690999999999999
47.3149,0.9181889999999999,-0.28418000000000004
47.4,0.884494,-0.516809
47.4851,0.8285549999999999,-0.807908
47.5702,0.744976,-1.16914
47.6577,0.622975,-1.64055
47.7167,0.514788,-2.03971
47.7683,0.399011,-2.4614599999999998
47.8199,0.259358,-2.96802
47.8618,0.124903,-3.4517
47.9038,-0.031223,-3.99992
47.9458,-0.21147,-4.59684
47.9877,-0.417072,-5.197769999999999
48.0214,-0.599568,-5.62551
48.0502,-0.765862,-5.8995
48.07899999999999,-0.938213,-6.03798
48.1039,-1.08861,-6.01443
48.1288,-1.23655,-5.83879
48.1537,-1.37818,-5.50972
48.1786,-1.5098799999999999,-5.04531
48.2066,-1.64221,-4.407019999999999
48.2309,-1.7417900000000002,-3.8005699999999996
48.2551,-1.8265200000000001,-3.18918
48.2794,-1.8967200000000002,-2.60739
48.3036,-1.95343,-2.0789
48.3337,-2.00718,-1.516
48.3569,-2.0380599999999998,-1.15374
48.3801,-2.06122,-0.851244
48.4033,-2.0780000000000003,-0.6022350000000001
48.4265,-2.08955,-0.399302
48.4498,-2.0968400000000003,-0.234988
48.473,-2.10071,-0.102406
48.4962,-2.1018,0.00447286
48.5198,-2.10062,0.09199639999999999
48.5443,-2.09745,0.164937
48.5698,-2.09243,0.22589
48.5966,-2.08567,0.27686900000000003
48.6248,-2.07724,0.319517
48.6546,-2.06717,0.355163
48.6861,-2.0554799999999998,0.384854
48.7196,-2.04217,0.409367
48.7551,-2.02726,0.42922299999999997
48.7928,-2.01077,0.444697
48.8327,-1.9928,0.45583999999999997
48.8747,-1.9734900000000002,0.46251400000000004
48.9187,-1.9530599999999998,0.464447
48.9646,-1.9318099999999998,0.46129
49.0122,-1.9100400000000002,0.452666
49.0614,-1.8881,0.4382
49.1122,-1.86632,0.41753
49.1648,-1.84506,0.390326
49.2194,-1.82465,0.356296
49.2764,-1.8055,0.31521
49.3365,-1.7879900000000002,0.266904
49.4008,-1.77259,0.21120500000000003
49.4722,-1.7598,0.14743399999999998
49.5626,-1.75005,0.0691061
49.6316,-1.7471700000000001,0.015768
49.7005,-1.7476599999999998,-0.0283499
49.7614,-1.75033,-0.0573533
49.8223,-1.75443,-0.07547999999999999
49.8832,-1.75928,-0.0818318
49.943999999999996,-1.76415,-0.0761119
50.0049,-1.7683099999999998,-0.0585939
50.0658,-1.7710599999999999,-0.030034500000000002
50.1267,-1.7717599999999998,0.00845019
50.1876,-1.76985,0.055518899999999996
50.2485,-1.7648599999999999,0.109731
50.3094,-1.7563799999999998,0.169648
50.372,-1.7436900000000002,0.235842
50.4394,-1.7253,0.31056500000000004
50.5154,-1.6984099999999998,0.397512
50.6037,-1.6587900000000002,0.49973999999999996
50.692,-1.61017,0.6009979999999999
50.7698,-1.5600100000000001,0.687872
50.8476,-1.50321,0.771462
50.9254,-1.4400600000000001,0.8509549999999999
51.0063,-1.3680299999999999,0.928657
51.0932,-1.28396,1.00611
51.1906,-1.1820700000000002,1.08581
51.3101,-1.04685,1.1756
51.456,-0.867567,1.2832299999999999
51.5698,-0.7161489999999999,1.38199
51.6602,-0.5866819999999999,1.48648
51.7378,-0.466783,1.6094700000000002
51.8155,-0.33561599999999997,1.77978
51.878,-0.21873,1.96438
51.9406,-0.0886817,2.2019900000000003
52.0032,0.0580774,2.49898
52.0657,0.22521,2.85101
52.1283,0.41546400000000006,3.23076
52.181999999999995,0.597245,3.53039
52.2268,0.759839,3.7118
52.2716,0.928233,3.7816099999999997
52.3101,1.0727799999999998,3.72223
52.3485,1.2127,3.54043
52.3869,1.34338,3.2446599999999997
52.4267,1.46492,2.84795
52.4632,1.5615299999999999,2.44163
52.5003,1.64432,2.02536
52.5374,1.7120900000000001,1.6362299999999999
52.5745,1.76626,1.29403
52.6137,1.81093,0.992449
52.6483,1.84142,0.7785340000000001
52.6829,1.8652799999999998,0.608699
52.7175,1.88395,0.476739
52.7521,1.89861,0.37593499999999996
52.7866,1.9102299999999999,0.29988400000000004
52.8212,1.91957,0.24292199999999997
52.8558,1.9271900000000002,0.200266
52.8921,1.93382,0.166642
52.9303,1.93965,0.139654
52.971000000000004,1.9448599999999998,0.11690899999999999
53.0152,1.94955,0.0960308
53.0644,1.9537400000000003,0.0743251
53.1235,1.95735,0.047301199999999995
53.181999999999995,1.9592599999999998,0.0173913
53.2406,1.9593,-0.0166858
53.2991,1.9572200000000002,-0.0551495
53.3577,1.9527700000000001,-0.0977107
53.4162,1.9457099999999998,-0.143777
53.4748,1.9358799999999998,-0.192591
53.536,1.9224700000000001,-0.245652
53.6041,1.9036799999999998,-0.30598000000000003
53.6797,1.8780400000000002,-0.37277
53.7462,1.8513099999999998,-0.43016499999999996
53.8128,1.8208400000000002,-0.484941
53.8793,1.78685,-0.535922
53.9459,1.7496200000000002,-0.581946
54.0124,1.7095200000000002,-0.6218640000000001
54.07899999999999,1.6670099999999999,-0.654528
54.1455,1.62259,-0.6788
54.2121,1.57687,-0.6935560000000001
54.2786,1.53051,-0.6977180000000001
54.3483,1.4820799999999998,-0.689629
54.4225,1.43172,-0.6659729999999999
54.5031,1.37971,-0.621768
54.593999999999994,1.3263200000000002,-0.548433
54.7054,1.27168,-0.426918
54.827,1.22945,-0.263979
54.9485,1.20799,-0.0894419
55.0775,1.20747,0.0743965
55.181000000000004,1.22017,0.162423
55.2845,1.23908,0.192105
55.3894,1.2578,0.15345
55.4818,1.2682,0.0633588
55.5754,1.2680200000000001,-0.07406410000000001
55.669,1.25318,-0.24857600000000002
55.7626,1.22058,-0.452506
55.8562,1.16765,-0.682878
55.9498,1.0918,-0.9436129999999999
56.0434,0.989649,-1.24791
56.137,0.8560129999999999,-1.62226
56.2111,0.72241,-1.9982
56.269,0.5963970000000001,-2.36525
56.3191,0.468629,-2.75254
56.3691,0.319498,-3.2214400000000003
56.4101,0.17843499999999998,-3.67498
56.4511,0.0174753,-4.19177
56.4921,-0.165745,-4.75739
56.533,-0.3725,-5.33065
56.5668,-0.560085,-5.75335
56.5956,-0.7297859999999999,-6.0239199999999995
56.6244,-0.905466,-6.1606
56.6493,-1.0587799999999998,-6.13529
56.6742,-1.2095799999999999,-5.95596
56.699,-1.35394,-5.61984
56.7239,-1.48815,-5.14423
56.7515,-1.6214,-4.49708
56.7759,-1.72335,-3.86985
56.8002,-1.80987,-3.2361
56.8246,-1.88125,-2.6324799999999997
56.849,-1.9385599999999998,-2.08432
56.8789,-1.9919900000000001,-1.5060799999999999
56.9021,-2.02251,-1.1324100000000001
56.9253,-2.04509,-0.821097
56.9486,-2.06109,-0.565638
56.9718,-2.07174,-0.35835100000000003
56.995,-2.07806,-0.191496
57.0183,-2.0809,-0.057918399999999995
57.0415,-2.0809599999999997,0.04863869999999999
57.0651,-2.07875,0.134824
57.0897,-2.0745400000000003,0.205312
57.1153,-2.06851,0.26268800000000003
57.1422,-2.0607900000000003,0.30895
57.1705,-2.0515,0.34570700000000004
57.2005,-2.04071,0.374245
57.2321,-2.02849,0.39555300000000004
57.2658,-2.01492,0.41035600000000005
57.3015,-2.00008,0.41913
57.3394,-1.9841099999999998,0.422137
57.3797,-1.9671599999999998,0.419455
57.4222,-1.9494799999999999,0.41103
57.4671,-1.93134,0.39673400000000003
57.5142,-1.9131,0.37641399999999997
57.5636,-1.8951200000000001,0.349941
57.6155,-1.87779,0.31723
57.6702,-1.86149,0.27824899999999997
57.7283,-1.84663,0.23298899999999997
57.7912,-1.8336,0.181292
57.8627,-1.82277,0.121869
57.9332,-1.81617,0.0659065
58.005,-1.8133,0.0152245
58.0648,-1.81348,-0.0196813
58.1246,-1.81549,-0.0462038
58.1844,-1.8188099999999998,-0.0630974
58.2441,-1.82283,-0.0695901
58.3039,-1.8269099999999998,-0.0654077
58.3637,-1.83044,-0.050749300000000004
58.4235,-1.8327900000000001,-0.02622
58.4833,-1.83339,0.00726278
58.5431,-1.8317599999999998,0.0485734
58.6028,-1.8274599999999999,0.09647560000000001
58.6626,-1.8201200000000002,0.149704
58.7224,-1.8094700000000001,0.207025
58.7858,-1.79434,0.270975
58.856,-1.7727700000000002,0.344071
58.9435,-1.73863,0.43627200000000005
59.0185,-1.7029599999999998,0.514383
59.0935,-1.66152,0.590005
59.1685,-1.6145399999999999,0.661752
59.2435,-1.56236,0.7283350000000001
59.3185,-1.50542,0.78854
59.3936,-1.44424,0.841208
59.4714,-1.37697,0.8866790000000001
59.5549,-1.30124,0.923852
59.6478,-1.21405,0.949471
59.7587,-1.10817,0.956526
59.8824,-0.990914,0.9330430000000001
60.0076,-0.8773190000000001,0.877706
60.1327,-0.772252,0.7987609999999999
60.2628,-0.674193,0.710032
60.3853,-0.5913970000000001,0.648216
60.4863,-0.526779,0.640039
60.5873,-0.45983199999999996,0.6993560000000001
60.6678,-0.39932199999999995,0.816978
60.7482,-0.32609499999999997,1.01924
60.8129,-0.252852,1.26005
60.8775,-0.16133599999999998,1.5873700000000002
60.9313,-0.0668138,1.9378
60.9851,0.0486671,2.36707
61.038999999999994,0.189397,2.87491
61.0928,0.35921,3.4421800000000005
61.1466,0.5600149999999999,4.01321
61.1862,0.726391,4.37426
61.2203,0.879358,4.59295
61.2543,1.03769,4.68278
61.2838,1.17555,4.63034
61.3134,1.3099299999999998,4.4469
61.3429,1.43702,4.14014
61.3736,1.55784,3.71688
61.4031,1.66065,3.24723
61.4333,1.75102,2.7449
61.4634,1.8263900000000002,2.25733
61.4936,1.88762,1.81135
61.5255,1.93875,1.40076
61.5539,1.9740400000000002,1.09344
61.5823,2.0013400000000003,0.838147
61.6107,2.02208,0.6294270000000001
61.6391,2.03747,0.460455
61.6675,2.04854,0.32425
61.6959,2.05613,0.214369
61.7243,2.06091,0.12523099999999998
61.7527,2.0634,0.05220219999999999
61.7818,2.06399,-0.00970466
61.8121,2.06285,-0.063935
61.843999999999994,2.0600099999999997,-0.112417
61.8777,2.05546,-0.156694
61.9135,2.0491,-0.198052
61.9516,2.04078,-0.237538
61.9923,2.03032,-0.275942
62.0358,2.01749,-0.313739
62.0819,2.00215,-0.351021
62.1304,1.98423,-0.387446
62.1807,1.96386,-0.422318
62.2321,1.9413,-0.454794
62.2841,1.9168599999999998,-0.484098
62.3362,1.891,-0.50942
62.3888,1.86359,-0.530543
62.4415,1.8352,-0.54664
62.4952,1.8055299999999999,-0.557379
62.5498,1.77495,-0.56193
62.6055,1.74368,-0.559481
62.6626,1.7119799999999998,-0.5491090000000001
62.7215,1.6801700000000002,-0.529755
62.7826,1.64864,-0.500219
62.8466,1.61791,-0.45916
62.9142,1.58863,-0.405122
62.9867,1.56169,-0.336557
63.0662,1.53825,-0.251845
63.1572,1.52001,-0.14887899999999998
63.2796,1.51006,-0.0165903
63.3735,1.51253,0.0651582
63.4674,1.52138,0.117756
63.5435,1.53112,0.133747
63.6196,1.54109,0.123982
63.6957,1.54935,0.088995
63.7719,1.55405,0.031130200000000004
63.848,1.55359,-0.0461195
63.9241,1.54664,-0.138853
64.0002,1.53216,-0.24339299999999997
64.0763,1.50937,-0.356713
64.1585,1.47475,-0.48653900000000005
64.25399999999999,1.42079,-0.645176
64.3826,1.3233700000000002,-0.873074
64.4966,1.21143,-1.09559
64.6105,1.07233,-1.35348
64.7082,0.9273809999999999,-1.62533
64.7917,0.779816,-1.9211900000000002
64.85600000000001,0.647357,-2.21015
64.9114,0.5164949999999999,-2.5192200000000002
64.9669,0.366582,-2.89966
65.0121,0.22724,-3.2723299999999997
65.0574,0.0696984,-3.70422
65.1026,-0.108579,-4.18637
65.1478,-0.309263,-4.68726
65.1871,-0.501743,-5.0869800000000005
65.2199,-0.6727569999999999,-5.34216
65.2526,-0.850248,-5.47394
65.2808,-1.0047,-5.45148
65.3091,-1.15647,-5.28073
65.3373,-1.30126,-4.95823
65.3655,-1.43499,-4.50179
65.3972,-1.56805,-3.87514
65.4244,-1.66565,-3.2906
65.4517,-1.74728,-2.70776
65.4789,-1.81345,-2.1604799999999997
65.5071,-1.8671200000000001,-1.65418
65.5357,-1.9079400000000002,-1.2166
65.5643,-1.9373599999999997,-0.8554440000000001
65.5893,-1.95545,-0.597184
65.6144,-1.9676900000000002,-0.387236
65.6394,-1.97521,-0.218777
65.6645,-1.97895,-0.08512280000000001
65.6898,-1.9797099999999999,0.0207737
65.7158,-1.9780200000000001,0.104806
65.7428,-1.97426,0.170509
65.771,-1.96872,0.220568
65.8005,-1.96163,0.25711300000000004
65.8316,-1.95323,0.281848
65.8644,-1.9437200000000001,0.296126
65.8992,-1.9333,0.301012
65.9362,-1.9222099999999998,0.297331
65.9756,-1.91068,0.28571799999999997
66.0178,-1.8990099999999999,0.266675
66.0631,-1.8875099999999998,0.240623
66.1119,-1.87654,0.207948
66.1651,-1.8665,0.168994
66.2245,-1.85782,0.123849
66.2957,-1.8509,0.0706332
66.3606,-1.84778,0.026375700000000002
66.4255,-1.84733,-0.0111512
66.4819,-1.8487099999999999,-0.0365848
66.5384,-1.8513099999999998,-0.0541115
66.5948,-1.8546599999999998,-0.0629784
66.6512,-1.85825,-0.062818
66.7077,-1.86158,-0.053635699999999994
66.7641,-1.8641400000000001,-0.0357695
66.8206,-1.8654700000000002,-0.00983021
66.877,-1.8651200000000001,0.0233702
66.9335,-1.8627099999999999,0.0628898
66.9899,-1.85792,0.107721
67.0463,-1.85047,0.156841
67.1051,-1.83965,0.21151
67.1681,-1.8244099999999999,0.272812
67.2385,-1.80273,0.343199
67.3317,-1.76637,0.436845
67.403,-1.73275,0.506896
67.4742,-1.69422,0.574122
67.5455,-1.65104,0.6372439999999999
67.6167,-1.60355,0.6950350000000001
67.6879,-1.55217,0.746301
67.7592,-1.4974100000000001,0.78986
67.8323,-1.43828,0.8253370000000001
67.9096,-1.37337,0.8512870000000001
67.9934,-1.3014299999999999,0.8643649999999999
68.0874,-1.22028,0.8584459999999999
68.199,-1.12622,0.8206709999999999
68.32300000000001,-1.02919,0.738228
68.4469,-0.944909,0.615974
68.5708,-0.87776,0.464161
68.6987,-0.8291,0.297655
68.8441,-0.798146,0.137697
68.9895,-0.784798,0.06552659999999999
69.093,-0.776993,0.09890750000000001
69.1888,-0.762919,0.208405
69.2845,-0.734347,0.40308499999999997
69.3803,-0.682657,0.6932149999999999
69.4761,-0.5979220000000001,1.0973600000000001
69.5464,-0.507609,1.4871299999999998
69.6052,-0.408761,1.8922599999999998
69.6565,-0.30085500000000004,2.32151
69.7079,-0.168796,2.83465
69.7509,-0.0363633,3.3351599999999997
69.7939,0.118942,3.89655
69.8369,0.299346,4.4964
69.8823,0.517524,5.11006
69.9146,0.688868,5.4738
69.947,0.8701110000000001,5.7121900000000005
69.9733,1.02152,5.771809999999999
69.9996,1.17258,5.68294
70.0259,1.31921,5.4349300000000005
70.0522,1.45731,5.037319999999999
70.079,1.58524,4.510759999999999
70.1046,1.6937,3.9326199999999996
70.1309,1.78877,3.31589
70.1571,1.8678,2.7159400000000002
70.1833,1.9316799999999998,2.1644799999999997
70.211,1.9843099999999998,1.65556
70.2358,2.0204400000000002,1.26834
70.2606,2.04777,0.944857
70.2854,2.0678,0.679196
70.3102,2.08188,0.46359399999999995
70.335,2.09115,0.28989899999999996
70.3598,2.09654,0.150445
70.3846,2.09884,0.038488
70.4094,2.09863,-0.05165309999999999
70.4345,2.09638,-0.125308
70.4606,2.09228,-0.187434
70.4879,2.08641,-0.24027199999999999
70.5167,2.07883,-0.285503
70.547,2.06954,-0.32448699999999997
70.5792,2.0585400000000003,-0.35830300000000004
70.6133,2.04579,-0.387765
70.6496,2.03125,-0.413425
70.6881,2.01491,-0.435576
70.7287,1.9968099999999998,-0.454262
70.7715,1.97705,-0.469304
70.8161,1.9558200000000001,-0.48036
70.8625,1.9333799999999999,-0.48699
70.9103,1.91002,-0.488713
70.9595,1.8860599999999998,-0.485037
71.01,1.86179,-0.47546700000000003
71.0618,1.83752,-0.45950699999999994
71.1152,1.8135700000000001,-0.43666099999999997
71.1704,1.7902799999999999,-0.406443
71.2277,1.76805,-0.36841
71.2877,1.7473,-0.322185
71.3512,1.7285400000000002,-0.267478
71.4198,1.7123599999999999,-0.203996
71.4971,1.6994200000000002,-0.130683
71.581,1.6917,-0.0547149
71.6534,1.6898799999999998,0.00287346
71.7258,1.69183,0.048714
71.7893,1.6958799999999998,0.0765927
71.8529,1.7012900000000002,0.0912147
71.9165,1.70718,0.0917596
71.9801,1.71265,0.0781916
72.0436,1.7168299999999999,0.05118
72.1072,1.7189,0.0119456
72.1708,1.71813,-0.0379286
72.2343,1.7138900000000001,-0.0966873
72.2979,1.7056799999999999,-0.16256199999999998
72.3622,1.6929400000000001,-0.23468899999999998
72.4308,1.67405,-0.31619400000000003
72.5075,1.64619,-0.41071199999999997
72.6055,1.59995,-0.534007
72.6911,1.54959,-0.642265
72.7767,1.4899799999999999,-0.7496510000000001
72.8624,1.42124,-0.85557
72.949,1.34248,-0.961376
73.0429,1.24688,-1.07545
73.1538,1.12004,-1.2134
73.3051,0.920975,-1.42449
73.4023,0.774686,-1.59353
73.4819,0.641023,-1.7694
73.5506,0.51326,-1.96229
73.6192,0.370514,-2.20874
73.6749,0.240644,-2.4592099999999997
73.7307,0.09537799999999999,-2.7618099999999997
73.7864,-0.06822360000000001,-3.11605
73.8421,-0.252688,-3.5057
73.9002,-0.467996,-3.9006800000000004
73.9428,-0.639116,-4.1298699999999995
73.9853,-0.817894,-4.25167
74.0214,-0.971231,-4.232559999999999
74.0574,-1.1214899999999999,-4.07872
74.0935,-1.26371,-3.78851
74.1295,-1.3933,-3.3833300000000004
74.1727,-1.5270700000000001,-2.80439
74.2058,-1.61224,-2.3395900000000003
74.2389,-1.68225,-1.8938700000000002
74.2725,-1.73878,-1.48624
74.3113,-1.7884,-1.08646
74.3443,-1.8196,-0.809992
74.3774,-1.8426,-0.589514
74.4105,-1.85915,-0.41850299999999996
74.4435,-1.87075,-0.289254
74.4766,-1.87865,-0.19413699999999998
74.5097,-1.88389,-0.12624100000000002
74.5428,-1.8872400000000003,-0.07963780000000001
74.5766,-1.88937,-0.048849199999999995
74.612,-1.89074,-0.0303764
74.6493,-1.89169,-0.0218625
74.689,-1.89252,-0.0212392
74.7315,-1.89352,-0.026571800000000003
74.7779,-1.8949599999999998,-0.0359666
74.8301,-1.89714,-0.0474711
74.8953,-1.90064,-0.05896619999999999
74.952,-1.9041400000000002,-0.06362280000000001
75.0087,-1.90773,-0.061739499999999996
75.0654,-1.911,-0.0525726
75.1221,-1.91355,-0.0359351
75.1788,-1.91494,-0.012060600000000001
75.2355,-1.9147900000000002,0.018513299999999996
75.2922,-1.9127299999999998,0.055044100000000006
75.3489,-1.90845,0.0966663
75.4056,-1.90169,0.142454
75.4623,-1.8922400000000001,0.191469
75.5226,-1.87905,0.246128
75.5891,-1.86063,0.308114
75.6709,-1.8322900000000002,0.38494
75.7409,-1.80308,0.449517
75.8108,-1.7694400000000001,0.511552
75.8808,-1.73158,0.569711
75.9508,-1.68982,0.6226970000000001
76.0208,-1.64458,0.669233
76.0907,-1.5963399999999999,0.708043
76.1607,-1.5457,0.737853
76.2307,-1.49332,0.757394
76.3033,-1.43797,0.765483
76.3807,-1.37883,0.75898
76.4656,-1.3154299999999999,0.7323270000000001
76.5632,-1.24651,0.6748
76.6781,-1.1746,0.5698439999999999
76.7949,-1.11612,0.426037
76.9117,-1.07609,0.256483
77.0285,-1.0564,0.0822265
77.1513,-1.05635,-0.07365830000000001
77.2741,-1.0718,-0.16422899999999999
77.3969,-1.09274,-0.159194
77.4964,-1.10503,-0.0762225
77.597,-1.10559,0.0758911
77.6838,-1.09149,0.25562399999999996
77.7707,-1.0600399999999999,0.474595
77.8576,-1.00791,0.7317819999999999
77.9445,-0.931586,1.03358
78.0314,-0.826518,1.39737
78.1192,-0.684347,1.86178
78.1767,-0.5665600000000001,2.24518
78.2272,-0.443346,2.6526
78.2776,-0.297538,3.14368
78.3187,-0.158974,3.6145400000000003
78.3598,0.000268618,4.1496699999999995
78.4008,0.182593,4.73414
78.4419,0.389271,5.32532
78.4754,0.575289,5.75603
78.50399999999999,0.743916,6.0324800000000005
78.5326,0.91863,6.17397
78.5572,1.07095,6.15236
78.5819,1.2208700000000001,5.97692
78.6066,1.3645200000000002,5.64507
78.6312,1.49821,5.17401
78.6585,1.6309200000000001,4.53306
78.6827,1.7328700000000001,3.90979
78.7068,1.8196,3.2789699999999997
78.7309,1.8913900000000001,2.67706
78.7551,1.94927,2.12942
78.7842,2.00278,1.55916
78.8074,2.03435,1.18098
78.8305,2.0579099999999997,0.8654120000000001
78.8536,2.07484,0.6060260000000001
78.8768,2.08633,0.395144
78.8999,2.09344,0.224971
78.9231,2.097,0.0882823
78.9462,2.09773,-0.0212581
78.9696,2.09616,-0.109803
78.9938,2.09258,-0.182909
79.0191,2.08717,-0.24328000000000002
79.0456,2.08003,-0.292959
79.0735,2.07127,-0.333602
79.1029,2.06093,-0.36654499999999995
79.1341,2.04907,-0.39283
79.1672,2.03571,-0.413231
79.2024,2.0209099999999998,-0.42826800000000004
79.2397,2.00473,-0.43822700000000003
79.2792,1.9873,-0.443188
79.3209,1.96879,-0.443064
79.3648,1.94947,-0.43765600000000004
79.4106,1.9296200000000001,-0.42670699999999995
79.4584,1.9096,-0.40995200000000004
79.5082,1.88975,-0.38714499999999996
79.5599,1.87045,-0.358077
79.6139,1.85205,-0.32259299999999996
79.6706,1.8349400000000002,-0.280589
79.7307,1.81951,-0.231988
79.796,1.8061599999999998,-0.176523
79.8713,1.7953,-0.112357
79.9433,1.7893299999999999,-0.0544741
80.0153,1.78728,-0.00383542
80.0758,1.78814,0.0305793
80.1363,1.7908,0.0557641
80.1968,1.79467,0.0704967
80.2573,1.7991,0.0740847
80.3178,1.80341,0.06637989999999999
80.3783,1.8069099999999998,0.0477365
80.4388,1.80898,0.018925499999999998
80.4993,1.80902,-0.018977599999999997
80.5598,1.8065200000000001,-0.0647095
80.6202,1.8010599999999999,-0.116925
80.6807,1.79227,-0.174282
80.7425,1.7795900000000002,-0.236855
80.8091,1.76148,-0.30735300000000004
80.885,1.7350400000000001,-0.38976
80.9668,1.6995,-0.47905
81.0486,1.65672,-0.566841
81.1304,1.60687,-0.651366
81.2122,1.5503,-0.731065
81.294,1.48746,-0.804545
81.3757,1.4189,-0.8705620000000001
81.4575,1.3452899999999999,-0.928026
81.5452,1.26157,-0.9791129999999999
81.6447,1.16191,-1.0228899999999999
81.7628,1.03893,-1.05498
81.8968,0.896538,-1.06779
82.0307,0.753626,-1.06523
82.1778,0.596856,-1.07125
82.2735,0.493033,-1.1041100000000001
82.3556,0.399992,-1.17034
82.4377,0.29938899999999996,-1.29197
82.5039,0.209073,-1.44669
82.5701,0.10641300000000001,-1.6674200000000001
82.6277,0.00324254,-1.9243700000000001
82.6853,-0.116649,-2.2484
82.7429,-0.257129,-2.63751
82.8006,-0.421491,-3.07185
82.8605,-0.6190939999999999,-3.5162400000000003
82.9046,-0.780523,-3.7806
82.9432,-0.9294530000000001,-3.9203
82.9818,-1.08152,-3.93784
83.0204,-1.23151,-3.81081
83.059,-1.3737700000000002,-3.53985
83.0976,-1.50321,-3.15215
83.1322,-1.60544,-2.74307
83.1674,-1.6943700000000002,-2.30915
83.2026,-1.76823,-1.89169
83.2378,-1.82805,-1.51505
83.2755,-1.87848,-1.1709399999999999
83.3079,-1.9122599999999998,-0.927191
83.3402,-1.93888,-0.727568
83.3725,-1.9596900000000002,-0.566597
83.4048,-1.97584,-0.437921
83.4371,-1.98827,-0.335284
83.4694,-1.99773,-0.25305700000000003
83.5017,-2.0047900000000003,-0.186454
83.5344,-2.00995,-0.130974
83.5685,-2.01357,-0.0824089
83.6045,-2.01573,-0.03850119999999999
83.6427,-2.0164,0.00263873
83.6838,-2.01546,0.0427478
83.7283,-2.01264,0.08350729999999999
83.7774,-2.0074799999999997,0.126638
83.8323,-1.99922,0.173967
83.8946,-1.9867299999999999,0.227117
83.9634,-1.9690900000000002,0.285353
84.0322,-1.94747,0.342472
84.1011,-1.92199,0.397529
84.1605,-1.89704,0.442499
84.2198,-1.8695,0.48432
84.2792,-1.8396,0.522192
84.3386,-1.8075900000000003,0.555305
84.3979,-1.77377,0.582849
84.4573,-1.7385099999999998,0.604019
84.5167,-1.70219,0.618034
84.5761,-1.6652799999999999,0.624146
84.6372,-1.62717,0.621463
84.7005,-1.58816,0.608392
84.7668,-1.54862,0.582938
84.8369,-1.50908,0.542565
84.9123,-1.47028,0.483954
84.9954,-1.4333200000000001,0.402444
85.0919,-1.3998,0.290074
85.2162,-1.37358,0.13078800000000002
85.3473,-1.36706,-0.0264863
85.4735,-1.37776,-0.132963
85.5997,-1.39755,-0.166963
85.6869,-1.41127,-0.141248
85.774,-1.42103,-0.0767813
85.8612,-1.4236799999999998,0.0211842
85.9483,-1.41657,0.145793
86.0354,-1.39768,0.290519
86.1226,-1.3654899999999999,0.450592
86.2115,-1.3176700000000001,0.62748
86.3079,-1.24729,0.836008
86.4076,-1.15211,1.0772899999999999
86.5074,-1.03096,1.36036
86.6072,-0.8783200000000001,1.71481
86.6799,-0.742116,2.04637
86.7387,-0.612162,2.38275
86.7897,-0.48186,2.74058
86.8407,-0.331406,3.17572
86.8827,-0.189221,3.6011300000000004
86.9247,-0.027861200000000003,4.0874
86.9667,0.15500899999999998,4.62076
87.0088,0.360653,5.16175
87.0437,0.548058,5.56246
87.0735,0.717734,5.8169699999999995
87.1032,0.893151,5.93999
87.1291,1.04674,5.90493
87.155,1.1974799999999999,5.71747
87.1809,1.34135,5.37579
87.2067,1.4745700000000002,4.89845
87.236,1.60866,4.24098
87.2612,1.70776,3.6260000000000003
87.2864,1.79129,3.01019
87.3116,1.8596700000000002,2.42833
87.3374,1.91523,1.89192
87.3648,1.96016,1.4013799999999998
87.3922,1.9928099999999997,0.9951639999999999
87.4153,2.01248,0.713661
87.4385,2.02623,0.48218900000000003
87.4616,2.03514,0.29392399999999996
87.4848,2.04012,0.142087
87.5079,2.0419400000000003,0.0204373
87.5317,2.0412,-0.0790315
87.5564,2.03822,-0.159724
87.58200000000001,2.03325,-0.224537
87.6089,2.02651,-0.27581999999999995
87.637,2.01815,-0.31547600000000003
87.6667,2.00832,-0.345026
87.6981,1.9971400000000001,-0.365668
87.7314,1.9847400000000002,-0.378308
87.7667,1.97125,-0.383598
87.8043,1.9568400000000001,-0.381967
87.8443,1.9417099999999998,-0.373664
87.8868,1.9261099999999998,-0.358811
87.932,1.9103599999999998,-0.337453
87.9801,1.8948,-0.309623
88.0312,1.8798400000000002,-0.275381
88.0858,1.86589,-0.234819
88.1449,1.85337,-0.18796600000000002
88.2112,1.8427,-0.13426400000000002
88.2975,1.8340599999999998,-0.0668155
88.3609,1.8312599999999999,-0.0226125
88.4242,1.83105,0.014547399999999999
88.4875,1.8329099999999998,0.042695800000000006
88.5424,1.8357299999999999,0.0586437
88.5973,1.83919,0.0660805
88.6522,1.8428200000000001,0.0647362
88.7071,1.8461400000000001,0.0546742
88.7619,1.84867,0.036254699999999994
88.8168,1.84998,0.010079600000000001
88.8717,1.84965,-0.0230713
88.9266,1.84733,-0.062304899999999996
88.9815,1.8427200000000001,-0.106672
89.038,1.8353,-0.156669
89.0972,1.82438,-0.212732
89.1606,1.8089,-0.27569
89.2315,1.78682,-0.347993
89.3242,1.7501400000000003,-0.443274
89.3967,1.71531,-0.516461
89.4693,1.6752599999999997,-0.586892
89.5418,1.63024,-0.653266
89.6144,1.58059,-0.714348
89.68700000000001,1.52673,-0.76895
89.7595,1.46918,-0.815912
89.8349,1.40612,-0.8553950000000001
89.9153,1.33604,-0.885675
90.0035,1.2570299999999999,-0.9031959999999999
90.1051,1.16513,-0.900965
90.2224,1.06116,-0.866425
90.3485,0.9562780000000001,-0.790834
90.4746,0.8632139999999999,-0.680331
90.6007,0.785646,-0.548031
90.7398,0.7196130000000001,-0.404895
90.8658,0.6749109999999999,-0.314258
90.9918,0.6371020000000001,-0.302616
91.1018,0.599931,-0.391085
91.2119,0.546509,-0.6033850000000001
91.2992,0.48235100000000003,-0.8843030000000001
91.3705,0.408429,-1.20645
91.4316,0.324094,-1.56598
91.4928,0.214988,-2.01958
91.5412,0.10679200000000001,-2.4575299999999998
91.5897,-0.024451900000000002,-2.97094
91.6382,-0.182337,-3.5545699999999996
91.6866,-0.369696,-4.17941
91.7361,-0.591596,-4.784730000000001
91.7692,-0.755931,-5.10783
91.8024,-0.929019,-5.3032900000000005
91.8298,-1.0751899999999999,-5.3313
91.8572,-1.2201899999999999,-5.21601
91.8847,-1.35999,-4.9526900000000005
91.9121,-1.49068,-4.55604
91.9415,-1.61699,-4.02003
91.9679,-1.7159099999999998,-3.48547
91.9942,-1.80053,-2.94061
92.0205,-1.87104,-2.41873
92.0469,-1.9283700000000001,-1.94305
92.0777,-1.98058,-1.4618
92.1032,-2.01345,-1.12827
92.1286,-2.0385299999999997,-0.850165
92.1541,-2.05718,-0.621638
92.1796,-2.07056,-0.43563199999999996
92.205,-2.07967,-0.285001
92.2305,-2.0853200000000003,-0.163145
92.256,-2.08817,-0.0643189
92.2815,-2.08875,0.0162931
92.3079,-2.08739,0.0848065
92.3354,-2.0842099999999997,0.143714
92.3644,-2.0792900000000003,0.194929
92.3948,-2.0726400000000003,0.240029
92.4271,-2.06423,0.28030900000000003
92.4613,-2.0540000000000003,0.316803
92.4977,-2.04186,0.350286
92.5363,-2.02772,0.381261
92.5772,-2.0115,0.409946
92.6204,-1.99321,0.436274
92.6656,-1.9729400000000001,0.459924
92.7125,-1.95088,0.48040200000000005
92.7608,-1.9272799999999999,0.497137
92.8101,-1.90242,0.509548
92.8605,-1.87657,0.517063
92.9117,-1.84998,0.519105
92.964,-1.8229,0.515072
93.0175,-1.7956,0.50432
93.0725,-1.76836,0.486159
93.1291,-1.74153,0.459859
93.1879,-1.7155,0.42467299999999997
93.2493,-1.6907599999999998,0.379873
93.3141,-1.66788,0.324795
93.3836,-1.6475799999999998,0.258877
93.4599,-1.63075,0.181509
93.5499,-1.61855,0.09013260000000001
93.6347,-1.61432,0.0115882
93.7195,-1.61616,-0.0519038
93.7897,-1.6211799999999998,-0.08834700000000001
93.8599,-1.62815,-0.10725599999999999
93.9301,-1.6357899999999999,-0.107227
94.0004,-1.6427599999999998,-0.0881943
94.0706,-1.64776,-0.051284199999999995
94.1408,-1.6495900000000001,0.00149259
94.211,-1.64724,0.0676206
94.2812,-1.63985,0.14444400000000002
94.3514,-1.62676,0.22945300000000002
94.4216,-1.6074899999999999,0.32046399999999997
94.4993,-1.5785,0.4261
94.5924,-1.5328,0.556986
94.6917,-1.47042,0.700192
94.7909,-1.3936600000000001,0.846699
94.8902,-1.30213,0.9981479999999999
95.0027,-1.17969,1.18137
95.1373,-1.00426,1.43484
95.2367,-0.850433,1.66972
95.3141,-0.7125319999999999,1.9020700000000001
95.37899999999999,-0.5813520000000001,2.14744
95.4362,-0.45130600000000004,2.41531
95.4933,-0.30425599999999997,2.74485
95.5416,-0.163613,3.07959
95.59,-0.00551156,3.4659699999999996
95.6384,0.17231400000000002,3.8915699999999998
95.6879,0.376031,4.33069
95.7281,0.55637,4.63912
95.76299999999999,0.722134,4.82442
95.79799999999999,0.8923409999999999,4.88604
95.833,1.06197,4.78624
95.8679,1.22499,4.50775
95.9029,1.3753,4.06444
95.9379,1.50785,3.5013300000000003
95.9683,1.6063,2.96294
95.9988,1.6882599999999999,2.42433
96.0292,1.75427,1.91976
96.0605,1.8070099999999998,1.45957
96.0922,1.8467900000000002,1.06616
96.1238,1.87527,0.7455890000000001
96.1517,1.8927599999999998,0.5193369999999999
96.1795,1.9046,0.338775
96.2073,1.91198,0.197181
96.2352,1.91588,0.08805260000000001
96.2634,1.91713,0.00442194
96.2926,1.91629,-0.0586381
96.3229,1.91378,-0.10433900000000002
96.3545,1.90995,-0.13517300000000002
96.3878,1.9051099999999999,-0.153166
96.4229,1.8995799999999998,-0.159995
96.4601,1.89365,-0.157084
96.4999,1.8876099999999998,-0.145672
96.5425,1.88178,-0.126885
96.5887,1.87648,-0.101775
96.6396,1.8720700000000001,-0.0713208
96.6978,1.86895,-0.0361623
96.7656,1.8678099999999997,0.0014803
96.8245,1.8687200000000002,0.028369
96.8833,1.871,0.048035400000000006
96.9421,1.8742,0.05924490000000001
97.0009,1.87779,0.061291899999999996
97.0527,1.88084,0.0553376
97.1044,1.8833900000000001,0.0422538
97.1561,1.8850900000000002,0.0223877
97.2078,1.8856,-0.00374383
97.2596,1.88461,-0.0355019
97.31200000000001,1.88179,-0.0726871
97.3658,1.8767599999999998,-0.115245
97.4215,1.8690099999999998,-0.163191
97.4802,1.85788,-0.21680100000000002
97.5433,1.84231,-0.276963
97.6146,1.8200900000000002,-0.346484
97.6926,1.79007,-0.422666
97.7707,1.75416,-0.497011
97.8382,1.71853,-0.558401
97.9057,1.67888,-0.615911
97.9732,1.63551,-0.6684439999999999
98.0406,1.58879,-0.7149220000000001
98.1081,1.5391700000000001,-0.75427
98.1781,1.48525,-0.786374
98.2514,1.42666,-0.809289
98.3296,1.36284,-0.820108
98.4151,1.29285,-0.814088
98.5129,1.2145700000000001,-0.782243
98.6272,1.12895,-0.709271
98.7489,1.04946,-0.58985
98.8707,0.986816,-0.43428199999999995
98.9924,0.9445520000000001,-0.25862199999999996
99.1307,0.9223049999999999,-0.06851180000000001
99.2727,0.923127,0.0648717
99.3963,0.9336120000000001,0.0875285
99.4925,0.939737,0.027886400000000002
99.59,0.9365030000000001,-0.10661099999999998
99.6752,0.9202670000000001,-0.284098
99.7603,0.8865799999999999,-0.516712
99.8454,0.8306620000000001,-0.807508
99.9305,0.7471479999999999,-1.16808
100.0,0.653767,-1.53144
